   11.781000000004278        1.9999999999999574E-002  -4.3120810615483451        2.1381736223521804E-003
   18.306999999994588        5.9999999999998721E-002  -4.8672590220884135        4.1279002750228277E-003
   8.3580000000254948        3.9999999999999147E-002  -3.8797369119946943        6.0277155886248740E-003
   21.120000000012222        3.9999999999999147E-002  -5.0472868594692919        2.3853999474361368E-003
   9.3629999999678688        1.9999999999999574E-002  -4.0227478371244327        2.6903581592466761E-003
   14.613000000006723        8.0000000000000071E-002  -4.5834050319315480        6.8951819461928847E-003
   12.962999999989698        1.9999999999999574E-002  -4.4325023744811460        1.9432093994415031E-003
   15.302999999999930        8.0000000000000071E-002  -4.6415146095564710        6.5842837208235933E-003
   18.875999999985506        5.9999999999998721E-002  -4.9058092426072397        4.0034684432548526E-003
   7.7890000000345756        9.9999999999999645E-002  -3.7909343683222896        1.6170126745942235E-002
   14.453000000001266        6.0000000000000497E-002  -4.5695386159770521        5.2286356005546378E-003
   11.112000000002444        1.9999999999999574E-002  -4.2384481107666705        2.2669027578234922E-003
   19.112000000002446        6.0000000000002274E-002  -4.9214585919150586        3.9540325625165009E-003
   15.214999999992143        8.0000000000000071E-002  -4.6342509926509727        6.6223656772799872E-003
   8.9720000000024456        1.9999999999999574E-002  -3.9690215517869243        2.8076040397830271E-003
   15.257999999981839        9.9999999999999645E-002  -4.6378054937725945        8.2546282097819557E-003
   13.764000000004890        6.0000000000000497E-002  -4.5080181178426635        5.4903712826791596E-003
   11.209999999999972        3.9999999999999147E-002  -4.2495072387936803        4.4941701061445580E-003
   10.092000000002445        1.9999999999999574E-002  -4.1171810579245482        2.4960189699696871E-003
   21.503000000011525        7.9999999999998295E-002  -5.0699224366370670        4.6858249444127207E-003
   14.587000000016415        6.0000000000000497E-002  -4.5811621018548063        5.1806039853799796E-003
   8.2350000000030565        3.9999999999999147E-002  -3.8610639472709103        6.1177470418775550E-003
   10.414999999998908       0.11999999999999922       -4.1568601231492224        1.4511660169914469E-002
   17.745999999979396        2.0000000000003126E-002  -4.8280594224534301        1.4194648622210021E-003
   16.763000000000613        9.9999999999997868E-002  -4.7562859807220494        7.5135188942728809E-003
   12.243000000011525        6.0000000000000497E-002  -4.3605290026808579        6.1724634758434744E-003
   18.580999999999502        4.0000000000002700E-002  -4.8859700895477385        2.7113528276134866E-003
   28.432999999995811        7.9999999999998295E-002  -5.4217713490485195        3.5437447254871310E-003
   17.044000000004889        5.9999999999998721E-002  -4.7772239622144435        4.4337872761557665E-003
   15.090000000000655        1.9999999999999574E-002  -4.6238608069144416        1.6693057286241945E-003
