     8477.102  26.67   0.01
     8477.097  26.67   0.01
     8480.644  27.16   0.01
     8497.016  27.14   0.02
     8485.614  26.58   0.01
     8494.068  26.55   0.02
     8497.126  27.17   0.02
     8488.713  27.12   0.01
     8481.935  27.52   0.01
     8486.064  26.55   0.01
     8483.516  27.61   0.01
     8498.908  27.65   0.03
     8483.968  27.43   0.01
     8478.655  26.73   0.01
     8496.077  26.97   0.02
     8499.470  27.69   0.03
     8494.269  26.55   0.02
     8482.073  27.56   0.01
     8483.660  27.56   0.01
     8492.957  26.97   0.02
     8477.037  26.70   0.01
     8491.203  27.69   0.01
     8494.857  26.66   0.02
     8489.598  27.35   0.01
     8496.204  27.00   0.02
     8485.585  26.59   0.01
     8493.863  26.58   0.02
     8484.278  27.26   0.01
     8485.279  26.69   0.01
     8498.465  27.55   0.02
     8498.581  27.58   0.02
     8479.555  26.96   0.01
     8477.509  26.56   0.01
     8478.696  26.74   0.01
     8488.552  27.09   0.01
     8485.658  26.57   0.01
     8490.794  27.66   0.01
     8497.884  27.37   0.02
     8497.021  27.14   0.02
     8497.473  27.25   0.02
     8481.659  27.44   0.01
     8497.211  27.19   0.02
     8495.857  26.93   0.02
     8494.540  26.59   0.02
     8483.351  27.65   0.01
     8494.576  26.59   0.02
     8487.618  26.92   0.01
     8487.089  26.79   0.01
     8490.754  27.66   0.01
     8492.539  27.23   0.01
     8482.532  27.66   0.01
     8493.022  26.93   0.02
     8483.410  27.64   0.01
     8478.311  26.63   0.01
     8498.503  27.56   0.02
     8491.880  27.56   0.01
     8494.564  26.59   0.02
     8492.811  27.06   0.02
     8492.053  27.49   0.01
     8493.891  26.57   0.02
     8496.085  26.97   0.02
     8492.563  27.22   0.01
     8496.430  27.03   0.02
     8493.942  26.56   0.02
     8490.531  27.62   0.01
     8487.798  26.96   0.01
     8483.503  27.61   0.01
     8494.589  26.60   0.02
     8488.131  27.02   0.01
     8496.415  27.03   0.02
     8478.844  26.78   0.01
     8483.047  27.69   0.01
     8483.771  27.52   0.01
     8497.958  27.40   0.02
     8492.683  27.14   0.02
     8477.216  26.63   0.01
     8480.007  27.04   0.01
     8479.639  26.97   0.01
     8496.889  27.12   0.02
     8479.653  26.98   0.01
     8487.069  26.78   0.01
     8482.375  27.63   0.01
     8494.020  26.56   0.02
     8477.573  26.56   0.01
     8499.842  27.64   0.03
     8485.707  26.57   0.01
     8494.306  26.55   0.02
     8488.876  27.16   0.01
