     8340.650  25.02   0.01
     8358.676  26.04   0.01
     8355.129  24.86   0.01
     8362.786  25.53   0.01
     8362.476  25.67   0.01
     8372.133  26.32   0.02
     8357.742  25.67   0.01
     8366.925  24.87   0.01
     8350.824  25.61   0.01
     8342.216  24.79   0.01
     8366.458  24.81   0.01
     8352.428  25.02   0.01
     8355.169  24.87   0.01
     8377.772  24.79   0.02
     8371.380  26.28   0.02
     8368.771  25.37   0.02
     8350.773  25.63   0.01
     8379.849  25.13   0.03
     8377.457  24.80   0.02
     8346.688  25.97   0.01
     8372.270  26.31   0.02
     8353.395  24.83   0.01
     8359.950  26.32   0.01
     8365.339  24.82   0.01
     8380.078  25.20   0.03
     8362.729  25.56   0.01
     8353.492  24.82   0.01
     8340.617  25.03   0.01
     8349.460  26.15   0.01
     8353.427  24.83   0.01
     8363.032  25.43   0.01
     8381.368  25.70   0.03
     8359.577  26.28   0.01
     8374.965  25.37   0.02
     8363.831  25.13   0.01
     8344.112  25.02   0.01
     8370.848  26.17   0.02
     8358.076  25.81   0.01
     8345.995  25.69   0.01
     8367.382  24.95   0.02
     8358.536  25.99   0.01
     8337.395  26.23   0.01
     8358.998  26.15   0.01
     8337.382  26.23   0.01
     8357.274  25.48   0.01
     8362.396  25.70   0.01
     8378.103  24.80   0.02
     8377.803  24.79   0.02
     8372.009  26.32   0.02
     8363.813  25.14   0.01
     8348.887  26.28   0.01
     8360.008  26.32   0.01
     8378.003  24.80   0.02
     8376.281  24.95   0.02
     8365.354  24.82   0.01
     8348.314  26.33   0.01
     8365.361  24.82   0.01
     8360.217  26.32   0.01
     8358.237  25.88   0.01
     8377.356  24.80   0.02
     8339.031  25.62   0.01
     8379.941  25.16   0.03
     8362.169  25.80   0.01
     8363.024  25.43   0.01
     8363.332  25.31   0.01
     8381.028  25.56   0.03
     8337.571  26.18   0.01
     8369.636  25.72   0.02
     8339.310  25.50   0.01
     8368.428  25.25   0.02
     8348.760  26.30   0.01
     8342.770  24.80   0.01
     8360.972  26.22   0.01
     8361.929  25.90   0.01
     8341.313  24.88   0.01
     8376.429  24.92   0.02
     8359.050  26.16   0.01
