    37418.157  28.19   0.03
    37417.723  28.26   0.03
    37390.116  28.15   0.01
    37390.445  28.23   0.01
    37377.223  28.17   0.01
    37390.700  28.27   0.01
    37419.110  27.96   0.03
    37398.675  26.10   0.01
    37391.935  28.24   0.01
    37409.416  26.61   0.02
    37409.631  26.52   0.02
    37388.247  27.24   0.01
    37378.081  28.29   0.01
    37404.519  28.28   0.01
    37396.355  26.66   0.01
    37408.697  26.95   0.02
    37400.057  26.55   0.01
    37410.686  26.16   0.02
    37384.235  26.31   0.01
    37390.673  28.26   0.01
    37403.376  28.22   0.01
    37388.287  27.27   0.01
    37393.084  27.99   0.01
    37413.434  26.79   0.02
    37392.989  28.01   0.01
    37401.718  27.55   0.01
    37412.997  26.54   0.02
    37392.769  28.07   0.01
    37388.712  27.53   0.01
    37396.492  26.60   0.01
    37404.344  28.29   0.01
    37393.073  27.99   0.01
    37380.637  27.83   0.01
    37377.560  28.24   0.01
    37386.940  26.47   0.01
    37404.441  28.28   0.01
    37418.300  28.16   0.03
    37409.320  26.66   0.02
    37395.459  27.08   0.01
    37387.243  26.63   0.01
    37387.768  26.94   0.01
    37392.700  28.09   0.01
    37390.274  28.19   0.01
    37405.876  28.03   0.02
    37412.882  26.48   0.02
    37377.236  28.17   0.01
    37391.198  28.29   0.01
    37405.851  28.04   0.02
    37409.431  26.61   0.02
    37382.742  26.97   0.01
    37388.324  27.29   0.01
    37392.121  28.21   0.01
    37397.228  26.30   0.01
    37399.311  26.23   0.01
    37386.606  26.32   0.01
    37384.500  26.23   0.01
    37410.949  26.12   0.02
    37387.315  26.67   0.01
    37405.858  28.04   0.02
    37417.663  28.26   0.03
    37410.964  26.11   0.02
    37411.149  26.10   0.02
    37391.591  28.28   0.01
    37407.400  27.53   0.02
    37417.090  28.29   0.02
    37416.325  28.22   0.02
    37393.341  27.91   0.01
    37418.108  28.20   0.03
    37419.417  27.86   0.03
    37407.796  27.36   0.02
    37386.339  26.23   0.01
    37395.296  27.16   0.01
    37378.318  28.29   0.01
    37405.376  28.15   0.02
    37405.261  28.18   0.01
    37388.500  27.40   0.01
    37402.772  28.06   0.01
    37399.158  26.19   0.01
    37410.478  26.21   0.02
    37417.536  28.27   0.03
    37393.706  27.80   0.01
    37394.097  27.66   0.01
    37377.222  28.17   0.01
    37383.331  26.69   0.01
    37400.657  26.90   0.01
    37410.005  26.37   0.02
    37384.751  26.17   0.01
    37380.003  28.02   0.01
    37398.856  26.12   0.01
    37392.395  28.16   0.01
    37393.436  27.88   0.01
    37382.784  26.95   0.01
    37378.397  28.29   0.01
    37390.801  28.28   0.01
    37378.508  28.29   0.01
    37381.768  27.41   0.01
    37388.816  27.59   0.01
    37380.455  27.89   0.01
    37419.226  27.92   0.03
    37381.908  27.35   0.01
    37405.343  28.16   0.02
    37396.034  26.81   0.01
    37386.796  26.40   0.01
    37403.018  28.14   0.01
    37418.073  28.20   0.03
    37397.907  26.13   0.01
    37390.197  28.17   0.01
    37390.608  28.25   0.01
