     1240.360  27.13   0.01
     1232.794  25.92   0.01
     1247.150  26.15   0.02
     1229.817  27.05   0.01
     1233.364  25.82   0.01
     1229.164  27.13   0.01
     1257.295  25.93   0.03
     1239.164  26.98   0.01
     1239.831  27.10   0.01
     1243.161  26.21   0.01
     1226.774  26.66   0.01
     1236.992  26.40   0.01
     1238.942  26.92   0.01
     1228.983  27.13   0.01
     1234.698  25.90   0.01
     1239.954  27.11   0.01
     1222.370  25.81   0.01
     1228.267  27.04   0.01
     1222.775  25.81   0.01
     1239.725  27.08   0.01
     1231.752  26.29   0.01
     1257.671  26.00   0.03
     1257.626  25.99   0.03
     1240.467  27.12   0.01
     1246.269  25.96   0.01
     1233.915  25.81   0.01
     1230.991  26.64   0.01
     1221.361  25.97   0.01
     1257.594  25.98   0.03
     1236.115  26.19   0.01
     1234.474  25.86   0.01
     1249.029  26.61   0.02
     1232.416  26.03   0.01
     1243.449  26.09   0.01
     1222.273  25.81   0.01
     1252.686  26.93   0.02
     1224.865  26.19   0.01
     1247.592  26.25   0.02
     1236.027  26.18   0.01
     1248.986  26.60   0.02
     1226.613  26.62   0.01
     1252.706  26.93   0.02
     1254.917  26.01   0.02
     1229.603  27.09   0.01
     1241.825  26.80   0.01
     1237.972  26.65   0.01
     1233.139  25.85   0.01
     1236.174  26.21   0.01
     1249.680  26.79   0.02
     1232.538  25.99   0.01
     1249.808  26.83   0.02
     1247.881  26.32   0.02
     1241.851  26.79   0.01
     1240.566  27.12   0.01
     1246.629  26.04   0.02
     1256.396  25.81   0.02
     1222.503  25.81   0.01
     1241.239  27.00   0.01
     1252.749  26.91   0.02
     1228.407  27.07   0.01
     1245.764  25.87   0.01
     1226.228  26.51   0.01
     1234.858  25.93   0.01
     1255.520  25.86   0.02
     1228.359  27.06   0.01
     1237.171  26.44   0.01
     1247.085  26.14   0.02
     1254.458  26.17   0.02
     1249.399  26.71   0.02
     1253.250  26.72   0.02
     1243.629  26.03   0.01
     1229.384  27.12   0.01
     1250.593  27.02   0.02
     1228.662  27.10   0.01
     1228.652  27.10   0.01
     1234.428  25.86   0.01
     1223.610  25.92   0.01
     1242.520  26.50   0.01
     1256.286  25.81   0.02
     1223.789  25.96   0.01
     1247.566  26.25   0.02
     1236.530  26.29   0.01
     1243.252  26.17   0.01
     1239.105  26.96   0.01
