    37656.683  25.75   0.03
    37645.697  26.40   0.02
    37656.031  25.89   0.03
    37651.204  26.87   0.02
    37580.612  26.22   0.01
    37633.723  26.20   0.02
    37646.960  26.55   0.02
    37612.085  26.34   0.01
    37591.469  26.20   0.01
    37633.361  26.30   0.02
    37602.428  26.30   0.01
    37603.407  26.40   0.01
    37642.181  26.00   0.02
    37625.781  26.54   0.01
    37616.580  25.52   0.01
    37578.096  25.90   0.01
    37629.187  26.88   0.01
    37620.398  25.91   0.01
    37642.343  26.02   0.02
    37602.054  26.26   0.01
    37646.634  26.51   0.02
    37654.870  26.20   0.03
    37576.157  25.63   0.01
    37599.966  26.01   0.01
    37647.449  26.61   0.02
    37625.636  26.53   0.01
    37596.900  25.59   0.01
    37609.489  26.84   0.01
    37612.802  26.15   0.01
    37626.843  26.67   0.01
    37657.497  25.61   0.03
    37611.795  26.41   0.01
    37636.839  25.56   0.02
    37611.417  26.51   0.01
    37654.389  26.33   0.03
    37616.297  25.52   0.01
    37587.756  26.88   0.01
    37645.262  26.36   0.02
    37596.990  25.60   0.01
    37575.922  25.60   0.01
    37616.187  25.53   0.01
    37653.059  26.64   0.02
    37607.690  26.87   0.01
    37641.305  25.88   0.02
    37646.815  26.53   0.02
    37587.736  26.88   0.01
    37582.928  26.47   0.01
    37652.398  26.76   0.02
    37632.566  26.50   0.02
    37599.926  26.00   0.01
    37616.851  25.52   0.01
    37646.857  26.54   0.02
    37639.343  25.61   0.02
    37614.314  25.77   0.01
    37577.653  25.84   0.01
    37605.856  26.69   0.01
    37591.830  26.10   0.01
    37583.825  26.58   0.01
    37615.969  25.54   0.01
    37623.538  26.29   0.01
    37612.415  26.25   0.01
    37574.362  25.52   0.01
    37656.482  25.79   0.03
    37652.832  26.69   0.02
    37597.538  25.66   0.01
    37595.339  25.52   0.01
    37652.119  26.80   0.02
    37590.176  26.53   0.01
    37641.346  25.88   0.02
    37599.684  25.97   0.01
    37584.050  26.61   0.01
    37614.449  25.74   0.01
    37612.034  26.35   0.01
    37653.299  26.59   0.02
    37631.153  26.78   0.02
    37593.845  25.65   0.01
    37575.504  25.56   0.01
    37596.136  25.53   0.01
    37576.892  25.73   0.01
    37594.268  25.59   0.01
    37625.902  26.56   0.01
    37635.315  25.80   0.02
    37656.633  25.76   0.03
