    83678.361  24.08   0.03
    83675.868  24.19   0.03
    83623.018  23.90   0.01
    83652.780  24.22   0.01
    83676.832  24.15   0.03
    83665.087  23.87   0.02
    83645.689  23.93   0.01
    83635.140  24.07   0.01
    83638.293  23.94   0.01
    83648.353  24.05   0.01
    83646.879  23.98   0.01
    83673.665  24.22   0.02
    83617.094  23.91   0.01
    83633.431  24.14   0.01
    83657.645  24.04   0.02
    83613.061  24.08   0.01
    83621.001  23.86   0.01
    83651.379  24.20   0.01
    83662.458  23.86   0.02
    83670.738  24.09   0.02
    83611.191  24.16   0.01
    83616.786  23.92   0.01
    83669.082  24.00   0.02
    83668.110  23.96   0.02
    83642.016  23.85   0.01
    83677.181  24.14   0.03
    83638.696  23.92   0.01
    83659.529  23.96   0.02
    83651.358  24.20   0.01
    83653.977  24.19   0.01
    83625.650  24.00   0.01
    83652.760  24.22   0.01
    83670.277  24.06   0.02
    83671.407  24.13   0.02
    83637.710  23.96   0.01
    83678.861  24.06   0.03
    83613.361  24.07   0.01
    83667.356  23.93   0.02
    83636.052  24.03   0.01
    83652.421  24.22   0.01
    83628.138  24.14   0.01
    83672.880  24.20   0.02
    83675.030  24.21   0.02
    83651.087  24.19   0.01
    83675.786  24.19   0.03
    83672.452  24.18   0.02
    83622.643  23.89   0.01
    83636.035  24.03   0.01
    83670.894  24.10   0.02
    83673.836  24.22   0.02
    83649.715  24.13   0.01
    83661.619  23.88   0.02
    83621.225  23.86   0.01
    83638.208  23.94   0.01
    83670.834  24.09   0.02
    83665.720  23.88   0.02
    83627.720  24.12   0.01
    83619.921  23.85   0.01
    83623.882  23.93   0.01
    83609.516  24.21   0.01
    83674.850  24.21   0.02
    83626.740  24.06   0.01
    83609.802  24.21   0.01
    83617.241  23.91   0.01
    83630.617  24.22   0.01
    83619.841  23.85   0.01
    83613.062  24.08   0.01
    83626.777  24.06   0.01
    83665.841  23.89   0.02
    83653.578  24.20   0.01
    83641.427  23.85   0.01
    83669.184  24.00   0.02
    83625.231  23.98   0.01
    83665.832  23.88   0.02
    83656.076  24.11   0.01
    83659.050  23.98   0.02
