    37383.454  26.03   0.01
    37367.664  25.57   0.01
    37380.176  27.00   0.01
    37380.567  27.11   0.01
    37380.220  27.02   0.01
    37385.805  25.59   0.02
    37371.029  26.93   0.01
    37389.656  27.13   0.02
    37377.718  25.79   0.01
    37379.562  26.71   0.01
    37378.312  26.02   0.01
    37380.640  27.13   0.01
    37388.507  26.70   0.02
    37370.912  26.87   0.01
    37376.909  25.60   0.01
    37366.077  25.78   0.01
    37378.052  25.91   0.01
    37391.251  26.71   0.02
    37379.379  26.61   0.01
    37367.945  25.60   0.01
    37377.748  25.80   0.01
    37368.368  25.68   0.01
    37379.441  26.64   0.01
    37389.382  27.08   0.02
    37371.898  27.15   0.01
    37380.753  27.14   0.01
    37380.236  27.02   0.01
    37386.436  25.71   0.02
    37382.478  26.60   0.01
    37375.034  25.78   0.01
    37366.066  25.78   0.01
    37381.082  27.15   0.01
    37384.371  25.67   0.02
    37392.023  26.25   0.03
    37387.163  25.97   0.02
    37376.462  25.56   0.01
    37390.137  27.14   0.02
    37368.932  25.85   0.01
    37390.155  27.14   0.02
    37385.131  25.56   0.02
    37365.241  26.18   0.01
    37365.410  26.08   0.01
    37387.601  26.18   0.02
    37372.557  27.06   0.01
    37369.332  26.02   0.01
    37365.760  25.91   0.01
    37373.222  26.76   0.01
    37370.134  26.45   0.01
    37386.714  25.79   0.02
    37391.959  26.29   0.03
    37378.412  26.07   0.01
    37390.420  27.08   0.02
    37382.852  26.37   0.01
    37390.634  27.01   0.02
    37387.475  26.12   0.02
    37370.625  26.73   0.01
    37389.141  27.00   0.02
    37374.345  26.10   0.01
    37365.874  25.86   0.01
    37370.400  26.60   0.01
    37389.883  27.15   0.02
    37365.068  26.28   0.01
    37373.262  26.74   0.01
    37374.046  26.27   0.01
    37378.801  26.28   0.01
    37365.941  25.83   0.01
    37365.685  25.94   0.01
    37375.286  25.70   0.01
    37387.287  26.03   0.02
    37389.523  27.11   0.02
    37365.120  26.25   0.01
    37377.258  25.66   0.01
    37371.391  27.06   0.01
    37373.025  26.87   0.01
    37374.705  25.92   0.01
    37392.521  25.98   0.03
    37381.342  27.11   0.01
    37376.096  25.57   0.01
    37378.744  26.25   0.01
    37386.540  25.74   0.02
    37392.027  26.25   0.03
    37383.039  26.26   0.01
    37370.958  26.90   0.01
    37390.710  26.98   0.02
    37387.746  26.26   0.02
    37387.575  26.17   0.02
    37382.741  26.44   0.01
    37389.333  27.06   0.02
    37390.477  27.07   0.02
    37392.844  25.83   0.03
    37370.141  26.45   0.01
    37376.131  25.56   0.01
    37375.103  25.76   0.01
    37383.148  26.20   0.01
    37383.389  26.06   0.01
    37382.499  26.59   0.01
    37382.439  26.62   0.01
    37380.463  27.09   0.01
    37369.114  25.92   0.01
    37392.738  25.88   0.03
