    67658.998  24.60   0.03
    67645.267  24.72   0.02
    67630.351  24.68   0.01
    67624.955  24.47   0.01
    67632.227  24.70   0.01
    67647.760  24.60   0.02
    67614.245  24.39   0.01
    67648.188  24.55   0.02
    67631.824  24.73   0.01
    67621.200  24.58   0.01
    67619.467  24.52   0.01
    67622.216  24.67   0.01
    67617.481  24.71   0.01
    67631.083  24.74   0.01
    67635.941  24.59   0.01
    67642.763  24.27   0.01
    67654.696  24.36   0.02
    67621.988  24.65   0.01
    67623.362  24.70   0.01
    67639.294  24.52   0.01
    67642.704  24.26   0.01
    67644.298  24.57   0.01
    67647.225  24.66   0.02
    67647.077  24.67   0.02
    67631.888  24.73   0.01
    67627.478  24.19   0.01
    67652.112  24.71   0.02
    67625.807  24.31   0.01
    67642.400  24.22   0.01
    67652.140  24.71   0.02
    67643.059  24.32   0.01
    67640.980  24.22   0.01
    67618.821  24.57   0.01
    67632.633  24.66   0.01
    67640.220  24.34   0.01
    67637.175  24.70   0.01
    67656.875  24.21   0.02
    67634.454  24.51   0.01
    67633.519  24.56   0.01
    67619.431  24.52   0.01
    67640.685  24.26   0.01
    67647.527  24.62   0.02
    67627.993  24.24   0.01
    67653.245  24.63   0.02
    67650.862  24.63   0.02
    67631.547  24.74   0.01
    67643.795  24.47   0.01
    67637.853  24.70   0.01
    67647.099  24.67   0.02
    67652.010  24.70   0.02
    67625.506  24.36   0.01
    67623.636  24.68   0.01
    67649.550  24.52   0.02
    67653.496  24.59   0.02
    67623.507  24.69   0.01
    67630.748  24.72   0.01
    67648.139  24.56   0.02
    67641.042  24.21   0.01
    67657.950  24.38   0.03
    67649.111  24.51   0.02
    67647.903  24.58   0.02
    67634.803  24.51   0.01
    67628.073  24.25   0.01
    67638.421  24.66   0.01
    67623.652  24.68   0.01
    67624.700  24.52   0.01
    67629.601  24.55   0.01
    67618.830  24.57   0.01
    67655.996  24.18   0.02
    67615.774  24.68   0.01
    67637.342  24.70   0.01
    67625.606  24.34   0.01
    67659.287  24.65   0.03
    67628.175  24.27   0.01
    67641.221  24.20   0.01
    67618.443  24.61   0.01
    67653.677  24.56   0.02
    67651.829  24.70   0.02
    67646.275  24.74   0.02
    67617.493  24.71   0.01
    67629.090  24.44   0.01
    67646.429  24.73   0.02
    67627.314  24.18   0.01
    67658.025  24.40   0.03
    67635.908  24.59   0.01
    67632.128  24.71   0.01
    67619.605  24.52   0.01
    67654.388  24.42   0.02
    67648.939  24.51   0.02
    67644.194  24.55   0.01
    67628.186  24.27   0.01
