    27644.462  25.39   0.01
    27635.004  24.48   0.01
    27652.291  24.43   0.01
    27663.574  25.24   0.01
    27681.801  25.26   0.03
    27655.942  24.81   0.01
    27635.504  24.51   0.01
    27660.852  25.60   0.01
    27653.539  24.49   0.01
    27635.652  24.53   0.01
    27674.975  24.96   0.02
    27665.644  24.80   0.02
    27657.163  25.07   0.01
    27635.062  24.48   0.01
    27630.567  24.57   0.01
    27665.765  24.78   0.02
    27643.930  25.48   0.01
    27678.544  25.59   0.02
    27654.603  24.59   0.01
    27667.308  24.56   0.02
    27638.212  24.94   0.01
    27644.240  25.43   0.01
    27643.503  25.54   0.01
    27639.807  25.29   0.01
    27627.823  25.04   0.01
    27647.916  24.70   0.01
    27676.475  25.29   0.02
    27680.751  25.46   0.03
    27673.692  24.70   0.02
    27659.105  25.47   0.01
    27631.660  24.48   0.01
    27631.722  24.47   0.01
    27635.681  24.53   0.01
    27665.624  24.80   0.02
    27679.662  25.58   0.03
    27681.602  25.30   0.03
    27666.115  24.72   0.02
    27673.564  24.68   0.02
    27680.341  25.52   0.03
    27653.696  24.50   0.01
    27661.412  25.58   0.01
    27652.462  24.44   0.01
    27676.350  25.26   0.02
    27663.769  25.20   0.01
    27645.945  25.08   0.01
    27644.966  25.29   0.01
    27673.780  24.72   0.02
    27681.356  25.35   0.03
    27662.365  25.47   0.01
    27657.172  25.08   0.01
    27642.166  25.60   0.01
    27639.436  25.21   0.01
    27661.927  25.53   0.01
    27658.613  25.38   0.01
    27678.997  25.60   0.02
    27653.774  24.51   0.01
    27669.005  24.44   0.02
    27637.104  24.72   0.01
    27680.692  25.47   0.03
    27639.068  25.13   0.01
    27671.410  24.46   0.02
    27653.574  24.49   0.01
    27671.623  24.47   0.02
    27637.971  24.89   0.01
    27675.238  25.01   0.02
    27677.559  25.49   0.02
    27639.604  25.25   0.01
    27656.574  24.94   0.01
    27650.022  24.47   0.01
    27642.037  25.59   0.01
    27645.564  25.17   0.01
    27664.413  25.05   0.02
    27638.415  24.98   0.01
    27662.772  25.40   0.01
    27659.039  25.46   0.01
    27649.301  24.53   0.01
    27646.507  24.96   0.01
    27654.465  24.58   0.01
    27667.842  24.51   0.02
    27672.169  24.51   0.02
    27643.836  25.49   0.01
