     3500.082  27.05   0.02
     3508.929  26.71   0.03
     3461.496  27.21   0.01
     3461.460  27.22   0.01
     3503.950  27.90   0.02
     3475.548  27.52   0.01
     3504.980  27.72   0.02
     3462.128  27.04   0.01
     3459.018  27.86   0.01
     3499.131  26.71   0.02
     3477.397  27.00   0.01
     3480.793  26.42   0.01
     3487.750  27.90   0.01
     3468.347  26.55   0.01
     3484.512  26.87   0.01
     3489.625  27.78   0.01
     3478.815  26.70   0.01
     3488.961  27.89   0.01
     3498.492  26.54   0.02
     3477.489  26.97   0.01
     3487.878  27.91   0.01
     3483.041  26.47   0.01
     3508.205  26.85   0.03
     3500.051  27.03   0.02
     3487.108  27.79   0.01
     3489.553  27.79   0.01
     3469.118  26.76   0.01
     3479.380  26.60   0.01
     3465.369  26.45   0.01
     3463.965  26.65   0.01
     3503.695  27.92   0.02
     3504.540  27.81   0.02
     3478.329  26.79   0.01
     3478.641  26.73   0.01
     3500.604  27.25   0.02
     3480.900  26.41   0.01
     3498.155  26.47   0.02
     3472.350  27.85   0.01
     3465.414  26.45   0.01
     3480.825  26.42   0.01
     3463.614  26.72   0.01
     3500.757  27.31   0.02
     3470.488  27.28   0.01
     3493.182  26.84   0.02
     3480.470  26.45   0.01
     3485.931  27.41   0.01
     3504.694  27.78   0.02
     3473.438  27.92   0.01
     3470.793  27.40   0.01
     3466.837  26.37   0.01
     3473.400  27.93   0.01
     3493.960  26.69   0.02
     3473.548  27.92   0.01
     3499.141  26.71   0.02
     3499.070  26.69   0.02
     3493.513  26.77   0.02
     3494.301  26.63   0.02
     3504.911  27.73   0.02
     3470.374  27.23   0.01
     3477.667  26.93   0.01
     3505.220  27.66   0.02
     3473.014  27.92   0.01
     3493.075  26.86   0.02
     3468.685  26.63   0.01
     3495.171  26.50   0.02
     3459.115  27.84   0.01
     3489.243  27.85   0.01
     3505.535  27.57   0.02
     3469.722  26.98   0.01
     3485.481  27.24   0.01
     3497.842  26.43   0.02
     3493.585  26.76   0.02
     3501.237  27.49   0.02
     3490.880  27.44   0.01
     3474.341  27.82   0.01
     3505.199  27.66   0.02
     3478.386  26.78   0.01
     3480.878  26.41   0.01
     3491.105  27.38   0.01
     3479.147  26.64   0.01
     3506.932  27.17   0.03
     3477.741  26.91   0.01
     3486.901  27.73   0.01
