    22234.790  25.32   0.01
    22252.196  25.28   0.01
    22237.441  25.32   0.01
    22247.906  25.62   0.01
    22240.394  25.65   0.01
    22256.812  25.77   0.02
    22238.489  25.43   0.01
    22258.281  25.89   0.02
    22242.044  25.81   0.01
    22247.157  25.72   0.01
    22230.425  25.88   0.01
    22233.755  25.46   0.01
    22244.897  25.92   0.01
    22243.864  25.93   0.01
    22249.354  25.40   0.01
    22225.906  25.73   0.01
    22223.164  25.42   0.01
    22236.617  25.26   0.01
    22254.012  25.47   0.02
    22255.365  25.62   0.02
    22259.372  25.93   0.02
    22230.572  25.87   0.01
    22265.032  25.34   0.02
    22265.396  25.30   0.02
    22265.836  25.27   0.02
    22246.364  25.82   0.01
    22225.677  25.70   0.01
    22261.158  25.86   0.02
    22263.187  25.61   0.02
    22227.253  25.85   0.01
    22233.946  25.43   0.01
    22263.280  25.60   0.02
    22241.111  25.72   0.01
    22224.819  25.61   0.01
    22264.050  25.48   0.02
    22261.449  25.83   0.02
    22251.185  25.25   0.01
    22259.694  25.93   0.02
    22259.253  25.93   0.02
    22260.820  25.88   0.02
    22267.621  25.29   0.03
    22228.721  25.93   0.01
    22224.711  25.60   0.01
    22235.606  25.26   0.01
    22233.681  25.47   0.01
    22229.898  25.91   0.01
    22227.479  25.87   0.01
    22268.332  25.36   0.03
    22247.366  25.70   0.01
    22237.436  25.32   0.01
    22257.239  25.81   0.02
    22224.893  25.62   0.01
    22236.465  25.25   0.01
    22241.020  25.71   0.01
    22226.308  25.77   0.01
    22265.184  25.33   0.02
    22237.083  25.29   0.01
    22245.808  25.87   0.01
    22248.160  25.58   0.01
    22239.626  25.57   0.01
    22254.379  25.51   0.02
    22226.009  25.74   0.01
    22266.057  25.26   0.02
    22246.219  25.83   0.01
    22262.562  25.70   0.02
    22264.151  25.47   0.02
    22238.736  25.46   0.01
    22259.173  25.93   0.02
    22251.317  25.25   0.01
    22226.128  25.75   0.01
    22233.251  25.54   0.01
    22268.173  25.35   0.03
    22225.802  25.72   0.01
    22225.414  25.68   0.01
    22239.285  25.53   0.01
    22231.955  25.72   0.01
    22253.069  25.36   0.01
    22251.693  25.25   0.01
    22261.996  25.77   0.02
    22263.994  25.49   0.02
    22229.961  25.91   0.01
    22263.701  25.53   0.02
    22229.174  25.93   0.01
    22261.130  25.86   0.02
    22254.478  25.52   0.02
    22235.650  25.26   0.01
    22223.345  25.44   0.01
    22228.523  25.92   0.01
    22254.408  25.52   0.02
