    75315.790  25.85   0.01
    75308.232  26.18   0.01
    75305.497  26.12   0.01
    75343.508  25.90   0.02
    75303.653  26.15   0.01
    75303.188  26.14   0.01
    75304.836  26.14   0.01
    75311.986  26.06   0.01
    75319.892  26.15   0.01
    75315.677  25.84   0.01
    75327.130  26.07   0.01
    75325.107  26.24   0.01
    75321.129  26.11   0.01
    75318.586  26.14   0.01
    75312.733  25.94   0.01
    75339.493  26.22   0.02
    75329.054  25.82   0.01
    75301.072  25.91   0.01
    75315.868  25.86   0.01
    75328.033  25.94   0.01
    75332.821  26.06   0.02
    75317.356  26.04   0.01
    75309.424  26.24   0.01
    75328.683  25.85   0.01
    75337.854  26.13   0.02
    75340.327  26.24   0.02
    75331.356  25.88   0.01
    75346.865  25.91   0.03
    75317.041  26.00   0.01
    75310.341  26.23   0.01
    75338.287  26.15   0.02
    75306.667  26.11   0.01
    75308.338  26.18   0.01
    75330.421  25.80   0.01
    75303.105  26.13   0.01
    75343.646  25.89   0.02
    75317.166  26.02   0.01
    75324.654  26.24   0.01
    75312.566  25.97   0.01
    75316.823  25.97   0.01
    75316.416  25.92   0.01
    75330.998  25.84   0.01
    75323.292  26.17   0.01
    75345.488  25.79   0.03
    75344.041  25.84   0.02
    75306.073  26.11   0.01
    75308.173  26.17   0.01
    75321.196  26.11   0.01
    75307.865  26.16   0.01
    75320.369  26.14   0.01
    75305.163  26.13   0.01
    75346.969  25.93   0.03
    75327.176  26.07   0.01
    75314.241  25.79   0.01
    75319.684  26.15   0.01
    75346.896  25.92   0.03
    75342.331  26.08   0.02
    75341.911  26.14   0.02
    75324.627  26.24   0.01
    75310.132  26.24   0.01
    75309.950  26.24   0.01
    75327.469  26.02   0.01
    75309.146  26.23   0.01
    75339.701  26.23   0.02
    75300.524  25.85   0.01
    75308.871  26.22   0.01
    75327.463  26.02   0.01
    75310.890  26.19   0.01
    75303.207  26.14   0.01
    75340.337  26.24   0.02
    75303.668  26.15   0.01
    75310.455  26.22   0.01
    75323.422  26.17   0.01
    75345.957  25.82   0.03
    75324.515  26.23   0.01
    75343.819  25.86   0.02
    75334.058  26.15   0.02
    75314.887  25.79   0.01
    75346.628  25.88   0.03
    75335.071  26.15   0.02
    75324.270  26.22   0.01
    75301.349  25.94   0.01
    75342.895  25.99   0.02
    75322.165  26.11   0.01
    75299.481  25.78   0.01
    75327.031  26.09   0.01
    75302.472  26.08   0.01
    75310.525  26.22   0.01
    75330.179  25.79   0.01
    75332.290  26.00   0.02
    75328.380  25.89   0.01
    75321.838  26.11   0.01
    75307.920  26.16   0.01
    75322.547  26.13   0.01
    75344.709  25.79   0.02
    75345.262  25.78   0.02
    75335.726  26.13   0.02
    75319.492  26.16   0.01
    75340.615  26.24   0.02
    75337.417  26.11   0.02
    75337.686  26.12   0.02
    75312.280  26.01   0.01
    75321.519  26.11   0.01
    75319.992  26.15   0.01
    75302.956  26.12   0.01
    75306.333  26.11   0.01
    75309.110  26.23   0.01
    75330.945  25.84   0.01
