    11398.469  26.75   0.01
    11408.556  26.72   0.02
    11384.890  26.83   0.01
    11407.589  26.68   0.02
    11384.494  26.87   0.01
    11384.609  26.86   0.01
    11404.692  26.93   0.02
    11402.599  26.90   0.02
    11397.319  26.68   0.01
    11402.281  26.89   0.02
    11392.015  26.90   0.01
    11402.179  26.88   0.02
    11396.188  26.73   0.01
    11398.588  26.76   0.01
    11395.021  26.86   0.01
    11398.918  26.78   0.01
    11384.808  26.84   0.01
    11388.350  26.77   0.01
    11406.302  26.76   0.02
    11396.522  26.70   0.01
    11377.996  26.78   0.01
    11397.500  26.69   0.01
    11396.218  26.73   0.01
    11409.809  26.81   0.03
    11401.689  26.87   0.02
    11396.401  26.71   0.01
    11379.589  26.85   0.01
    11398.027  26.71   0.01
    11392.901  26.94   0.01
    11399.870  26.84   0.02
    11382.348  26.93   0.01
    11398.225  26.73   0.01
    11399.798  26.83   0.02
    11400.500  26.85   0.02
    11408.202  26.70   0.02
    11391.876  26.89   0.01
    11381.625  26.90   0.01
    11401.993  26.88   0.02
    11405.281  26.88   0.02
    11404.917  26.91   0.02
    11408.775  26.74   0.03
    11385.827  26.72   0.01
    11399.519  26.82   0.01
    11407.707  26.68   0.02
    11396.036  26.74   0.01
    11377.935  26.77   0.01
    11394.622  26.90   0.01
    11381.723  26.90   0.01
    11402.686  26.91   0.02
    11382.023  26.92   0.01
    11405.409  26.86   0.02
    11386.243  26.69   0.01
    11399.086  26.79   0.01
    11379.564  26.85   0.01
    11391.126  26.86   0.01
    11391.627  26.88   0.01
    11400.054  26.84   0.02
    11396.495  26.70   0.01
    11388.822  26.80   0.01
    11379.351  26.84   0.01
    11398.183  26.73   0.01
    11403.176  26.93   0.02
    11379.973  26.85   0.01
    11408.693  26.73   0.03
    11397.176  26.68   0.01
    11381.082  26.87   0.01
    11390.513  26.85   0.01
    11383.326  26.95   0.01
    11378.509  26.81   0.01
    11389.492  26.84   0.01
    11390.803  26.86   0.01
    11384.758  26.84   0.01
    11401.460  26.86   0.02
    11398.766  26.77   0.01
    11395.662  26.78   0.01
    11405.579  26.84   0.02
    11403.047  26.93   0.02
    11390.380  26.85   0.01
    11397.680  26.69   0.01
    11382.806  26.95   0.01
    11398.088  26.72   0.01
    11390.268  26.85   0.01
    11400.564  26.85   0.02
    11397.946  26.71   0.01
    11379.174  26.84   0.01
    11402.135  26.88   0.02
    11385.787  26.73   0.01
