    87199.812  27.29   0.02
    87156.147  26.47   0.01
    87182.880  27.30   0.01
    87199.947  27.30   0.02
    87169.057  27.22   0.01
    87193.945  26.77   0.02
    87169.484  27.14   0.01
    87182.699  27.28   0.01
    87161.881  26.93   0.01
    87177.347  26.81   0.01
    87190.806  26.47   0.02
    87155.611  26.50   0.01
    87167.143  27.36   0.01
    87162.048  26.94   0.01
    87168.870  27.25   0.01
    87157.671  26.53   0.01
    87190.415  26.46   0.02
    87170.328  26.95   0.01
    87192.791  26.65   0.02
    87194.449  26.81   0.02
    87203.846  27.09   0.03
    87191.046  26.48   0.02
    87167.884  27.34   0.01
    87187.968  26.81   0.01
    87196.298  26.96   0.02
    87179.646  26.99   0.01
    87166.556  27.34   0.01
    87177.218  26.80   0.01
    87173.341  26.47   0.01
    87158.406  26.61   0.01
    87177.667  26.83   0.01
    87167.767  27.35   0.01
    87157.253  26.50   0.01
    87166.314  27.33   0.01
    87156.659  26.47   0.01
    87181.895  27.21   0.01
    87187.022  27.04   0.01
    87158.813  26.66   0.01
    87175.938  26.67   0.01
    87158.335  26.61   0.01
    87167.964  27.34   0.01
    87158.181  26.59   0.01
    87174.239  26.49   0.01
    87202.910  27.25   0.03
    87172.484  26.52   0.01
    87203.406  27.17   0.03
    87157.130  26.49   0.01
    87187.518  26.92   0.01
    87189.443  26.53   0.02
    87199.804  27.29   0.02
    87197.017  27.02   0.02
    87201.274  27.36   0.02
    87174.283  26.50   0.01
    87169.652  27.11   0.01
    87182.508  27.27   0.01
    87199.621  27.27   0.02
    87199.411  27.25   0.02
    87202.067  27.34   0.02
    87169.297  27.18   0.01
    87204.837  26.85   0.03
    87203.560  27.14   0.03
    87202.363  27.32   0.02
    87179.666  26.99   0.01
    87155.657  26.50   0.01
    87192.299  26.59   0.02
    87192.820  26.65   0.02
    87202.473  27.31   0.02
    87157.902  26.56   0.01
    87187.907  26.83   0.01
    87162.297  26.97   0.01
    87193.161  26.69   0.02
    87183.726  27.35   0.01
    87179.246  26.96   0.01
    87166.492  27.34   0.01
    87174.010  26.48   0.01
    87171.862  26.61   0.01
    87171.884  26.61   0.01
    87177.557  26.82   0.01
    87184.007  27.35   0.01
