    94906.221  27.97   0.02
    94905.484  27.65   0.02
    94906.767  28.14   0.03
    94883.085  26.23   0.01
    94907.542  28.21   0.03
    94906.053  27.90   0.02
    94904.621  27.22   0.02
    94888.037  28.14   0.01
    94905.854  27.82   0.02
    94895.762  27.48   0.01
    94895.540  27.37   0.01
    94901.754  26.25   0.02
    94905.081  27.46   0.02
    94890.312  27.54   0.01
    94907.001  28.19   0.03
    94892.837  26.21   0.01
    94885.600  27.08   0.01
    94881.854  26.83   0.01
    94907.602  28.21   0.03
    94876.986  27.47   0.01
    94874.884  26.40   0.01
    94874.311  26.24   0.01
    94877.719  27.81   0.01
    94881.676  26.96   0.01
    94876.859  27.40   0.01
    94883.383  26.21   0.01
    94880.152  28.02   0.01
    94875.507  26.69   0.01
    94907.225  28.21   0.03
    94901.222  26.43   0.02
    94883.501  26.22   0.01
    94874.178  26.22   0.01
    94887.481  27.97   0.01
    94896.426  27.79   0.01
    94903.466  26.62   0.02
    94905.166  27.50   0.02
    94892.204  26.29   0.01
    94884.696  26.60   0.01
    94896.871  27.97   0.01
    94901.744  26.25   0.02
    94901.767  26.24   0.02
    94893.508  26.36   0.01
    94902.967  26.39   0.02
    94879.613  28.19   0.01
    94908.321  28.00   0.03
    94891.459  26.66   0.01
    94902.130  26.21   0.02
    94901.573  26.29   0.02
    94880.467  27.86   0.01
    94894.252  26.69   0.01
    94886.508  27.54   0.01
    94900.898  26.62   0.02
    94904.552  27.19   0.02
    94894.036  26.59   0.01
    94895.351  27.28   0.01
    94893.290  26.29   0.01
    94902.079  26.21   0.02
    94894.735  26.95   0.01
    94873.711  26.23   0.01
    94906.222  27.97   0.02
    94876.972  27.46   0.01
    94876.725  27.34   0.01
    94884.386  26.46   0.01
    94908.295  28.01   0.03
    94880.255  27.98   0.01
    94902.806  26.34   0.02
    94895.978  27.59   0.01
    94879.884  28.13   0.01
    94904.079  26.94   0.02
    94906.253  27.98   0.02
    94888.860  28.21   0.01
    94883.789  26.26   0.01
    94881.719  26.93   0.01
    94902.766  26.32   0.02
    94890.508  27.39   0.01
    94888.610  28.22   0.01
    94899.525  27.65   0.02
    94884.495  26.51   0.01
    94904.847  27.34   0.02
    94874.721  26.34   0.01
    94878.997  28.20   0.01
    94890.689  27.24   0.01
    94876.926  27.44   0.01
    94904.924  27.38   0.02
    94894.709  26.94   0.01
    94901.724  26.25   0.02
    94904.872  27.35   0.02
    94877.167  27.55   0.01
    94891.713  26.50   0.01
    94874.426  26.26   0.01
    94886.633  27.60   0.01
    94877.801  27.84   0.01
    94897.482  28.16   0.02
    94883.367  26.21   0.01
    94873.235  26.37   0.01
    94898.976  27.99   0.02
    94880.617  27.77   0.01
    94873.600  26.25   0.01
    94892.153  26.31   0.01
    94873.966  26.21   0.01
    94892.143  26.31   0.01
    94907.924  28.15   0.03
    94876.662  27.30   0.01
    94889.123  28.16   0.01
    94888.885  28.20   0.01
    94884.288  26.42   0.01
    94877.786  27.84   0.01
    94901.270  26.41   0.02
    94874.767  26.36   0.01
    94889.043  28.18   0.01
    94887.677  28.04   0.01
    94879.008  28.20   0.01
    94900.815  26.67   0.02
    94879.015  28.20   0.01
    94874.933  26.42   0.01
    94873.362  26.32   0.01
    94888.530  28.21   0.01
    94893.451  26.34   0.01
    94890.580  27.33   0.01
    94876.482  27.21   0.01
    94877.160  27.55   0.01
    94877.404  27.67   0.01
    94891.443  26.67   0.01
    94892.293  26.27   0.01
    94882.406  26.47   0.01
    94893.673  26.42   0.01
    94881.447  27.14   0.01
    94901.169  26.46   0.02
    94896.417  27.79   0.01
    94875.532  26.71   0.01
    94876.292  27.11   0.01
