    76458.492  26.53   0.02
    76436.479  25.79   0.01
    76456.107  26.28   0.02
    76424.545  25.98   0.01
    76447.154  26.33   0.01
    76458.439  26.53   0.02
    76427.076  26.21   0.01
    76437.924  25.93   0.01
    76445.991  26.53   0.01
    76440.457  26.20   0.01
    76444.670  26.53   0.01
    76434.142  26.14   0.01
    76459.560  26.54   0.02
    76441.762  26.25   0.01
    76458.770  26.55   0.02
    76458.760  26.55   0.02
    76424.075  25.91   0.01
    76453.243  26.13   0.02
    76432.929  26.43   0.01
    76447.992  26.12   0.01
    76453.439  26.15   0.02
    76438.450  26.00   0.01
    76426.375  26.18   0.01
    76433.730  26.25   0.01
    76429.192  26.34   0.01
    76456.613  26.33   0.02
    76429.997  26.43   0.01
    76461.537  26.18   0.03
    76451.569  25.91   0.02
    76457.615  26.44   0.02
    76448.350  26.03   0.01
    76426.622  26.20   0.01
    76429.449  26.36   0.01
    76446.011  26.52   0.01
    76458.653  26.54   0.02
    76442.886  26.33   0.01
    76449.396  25.84   0.02
    76440.027  26.18   0.01
    76451.796  25.94   0.02
    76432.877  26.44   0.01
    76447.627  26.22   0.01
    76430.550  26.49   0.01
    76432.333  26.52   0.01
    76455.824  26.26   0.02
    76456.032  26.28   0.02
    76422.135  25.81   0.01
    76459.494  26.54   0.02
    76461.610  26.16   0.03
    76438.164  25.96   0.01
    76433.009  26.41   0.01
    76442.158  26.27   0.01
    76454.790  26.22   0.02
    76453.251  26.13   0.02
    76454.057  26.19   0.02
    76425.884  26.15   0.01
    76453.590  26.16   0.02
    76451.178  25.86   0.02
    76448.832  25.93   0.01
    76428.898  26.31   0.01
    76448.896  25.92   0.02
    76436.499  25.79   0.01
    76435.558  25.85   0.01
    76442.087  26.26   0.01
    76445.266  26.55   0.01
    76427.439  26.23   0.01
    76446.128  26.51   0.01
    76429.003  26.32   0.01
    76460.923  26.33   0.03
    76455.891  26.27   0.02
    76444.092  26.47   0.01
    76448.875  25.92   0.01
    76445.751  26.54   0.01
    76444.402  26.50   0.01
    76447.675  26.20   0.01
    76451.585  25.91   0.02
    76445.310  26.55   0.01
    76452.200  26.00   0.02
