    75400.585  26.55   0.01
    75434.894  26.38   0.03
    75410.626  25.36   0.01
    75382.266  26.48   0.01
    75394.236  25.33   0.01
    75420.554  26.79   0.02
    75425.176  26.27   0.02
    75422.353  26.84   0.02
    75416.274  26.23   0.01
    75401.073  26.61   0.01
    75421.174  26.83   0.02
    75390.243  26.08   0.01
    75392.938  25.35   0.01
    75383.157  26.59   0.01
    75425.443  26.18   0.02
    75393.227  25.33   0.01
    75391.283  25.73   0.01
    75393.628  25.31   0.01
    75424.570  26.46   0.02
    75377.658  25.50   0.01
    75377.782  25.53   0.01
    75419.075  26.64   0.02
    75425.262  26.24   0.02
    75430.709  25.46   0.02
    75399.373  26.38   0.01
    75405.853  26.69   0.01
    75393.991  25.32   0.01
    75418.269  26.54   0.02
    75402.411  26.75   0.01
    75380.784  26.23   0.01
    75377.695  25.51   0.01
    75407.394  26.28   0.01
    75413.721  25.63   0.01
    75390.808  25.88   0.01
    75383.081  26.58   0.01
    75424.906  26.35   0.02
    75419.889  26.73   0.02
    75382.280  26.48   0.01
    75436.971  26.66   0.03
    75397.043  25.89   0.01
    75427.622  25.50   0.02
    75382.022  26.44   0.01
    75405.253  26.78   0.01
    75390.862  25.86   0.01
    75403.391  26.83   0.01
    75436.973  26.66   0.03
    75415.332  26.03   0.01
    75433.184  26.05   0.02
    75394.137  25.32   0.01
    75433.139  26.04   0.02
    75433.682  26.16   0.02
    75389.899  26.19   0.01
    75406.563  26.53   0.01
    75397.342  25.97   0.01
    75386.541  26.85   0.01
    75388.412  26.62   0.01
    75407.144  26.36   0.01
    75436.870  26.65   0.03
    75401.315  26.64   0.01
    75395.194  25.46   0.01
    75382.466  26.50   0.01
    75377.380  25.45   0.01
    75384.125  26.70   0.01
    75396.836  25.84   0.01
    75399.587  26.41   0.01
    75426.743  25.74   0.02
    75381.912  26.43   0.01
    75400.043  26.48   0.01
    75424.978  26.33   0.02
    75390.498  25.99   0.01
    75401.379  26.65   0.01
    75431.636  25.67   0.02
    75384.877  26.77   0.01
    75396.052  25.65   0.01
    75409.000  25.74   0.01
    75417.855  26.49   0.01
    75406.692  26.49   0.01
    75409.875  25.50   0.01
    75391.364  25.70   0.01
    75425.756  26.07   0.02
    75396.543  25.77   0.01
    75418.558  26.58   0.02
    75415.525  26.07   0.01
    75421.810  26.85   0.02
