    10872.754  26.20   0.02
    10854.864  26.07   0.01
    10871.243  26.03   0.02
    10876.973  26.44   0.02
    10867.363  25.73   0.02
    10877.943  26.42   0.02
    10839.662  26.25   0.01
    10868.499  25.76   0.02
    10879.313  26.30   0.03
    10875.457  26.41   0.02
    10852.238  25.80   0.01
    10845.186  26.37   0.01
    10833.520  25.73   0.01
    10836.680  25.91   0.01
    10866.065  25.79   0.02
    10876.756  26.44   0.02
    10864.062  26.08   0.01
    10863.513  26.17   0.01
    10854.328  26.01   0.01
    10855.946  26.20   0.01
    10879.767  26.24   0.03
    10880.872  26.07   0.03
    10854.568  26.04   0.01
    10836.388  25.88   0.01
    10853.817  25.95   0.01
    10878.028  26.42   0.02
    10872.150  26.14   0.02
    10839.534  26.23   0.01
    10872.024  26.12   0.02
    10860.347  26.44   0.01
    10880.256  26.17   0.03
    10854.657  26.05   0.01
    10843.214  26.44   0.01
    10849.280  25.79   0.01
    10868.162  25.75   0.02
    10838.853  26.16   0.01
    10837.108  25.96   0.01
    10834.102  25.73   0.01
    10841.229  26.38   0.01
    10861.842  26.38   0.01
    10842.980  26.44   0.01
    10868.443  25.76   0.02
    10869.179  25.81   0.02
    10864.630  25.98   0.01
    10866.193  25.78   0.02
    10877.220  26.44   0.02
    10844.749  26.40   0.01
    10852.580  25.83   0.01
    10879.931  26.22   0.03
    10849.706  25.76   0.01
    10869.839  25.87   0.02
    10847.145  26.10   0.01
    10873.468  26.28   0.02
    10839.533  26.23   0.01
    10869.365  25.83   0.02
    10837.598  26.01   0.01
    10852.166  25.79   0.01
    10868.154  25.75   0.02
    10880.868  26.07   0.03
    10877.571  26.44   0.02
    10837.479  26.00   0.01
    10876.574  26.44   0.02
    10861.444  26.41   0.01
    10843.710  26.44   0.01
    10866.949  25.74   0.02
    10870.155  25.91   0.02
    10880.813  26.08   0.03
    10870.096  25.90   0.02
    10849.402  25.78   0.01
