    44489.040  25.79   0.01
    44478.382  26.80   0.01
    44533.753  26.91   0.02
    44529.480  26.72   0.02
    44500.947  26.71   0.01
    44468.896  26.25   0.01
    44527.277  26.44   0.02
    44491.850  25.84   0.01
    44515.132  25.84   0.02
    44471.449  26.58   0.01
    44484.034  26.05   0.01
    44485.781  25.89   0.01
    44482.789  26.20   0.01
    44466.519  26.01   0.01
    44501.635  26.79   0.01
    44462.467  25.82   0.01
    44472.246  26.68   0.01
    44463.866  25.86   0.01
    44531.275  26.88   0.02
    44490.236  25.80   0.01
    44493.263  25.90   0.01
    44502.534  26.86   0.01
    44465.582  25.94   0.01
    44490.999  25.82   0.01
    44497.036  26.21   0.01
    44475.153  26.92   0.01
    44490.016  25.80   0.01
    44503.801  26.92   0.01
    44464.043  25.87   0.01
    44479.333  26.69   0.01
    44467.922  26.14   0.01
    44509.119  26.50   0.01
    44491.893  25.84   0.01
    44466.268  25.99   0.01
    44467.628  26.11   0.01
    44516.715  25.80   0.02
    44531.781  26.91   0.02
    44504.285  26.93   0.01
    44498.894  26.45   0.01
    44477.784  26.85   0.01
    44476.338  26.92   0.01
    44515.298  25.84   0.02
    44512.916  26.00   0.01
    44460.652  25.79   0.01
    44511.020  26.23   0.01
    44538.348  26.38   0.02
    44490.172  25.80   0.01
    44475.080  26.91   0.01
    44499.175  26.49   0.01
    44466.067  25.98   0.01
    44528.271  26.57   0.02
    44472.265  26.68   0.01
    44509.130  26.50   0.01
    44483.912  26.06   0.01
    44490.559  25.81   0.01
    44520.531  25.85   0.02
    44462.797  25.82   0.01
    44455.230  26.09   0.01
    44533.213  26.92   0.02
    44541.793  25.96   0.03
    44487.068  25.83   0.01
    44536.196  26.69   0.02
    44490.296  25.80   0.01
    44487.244  25.82   0.01
    44474.572  26.89   0.01
    44473.025  26.77   0.01
    44488.701  25.80   0.01
    44513.060  25.99   0.01
    44522.920  25.98   0.02
    44480.458  26.53   0.01
    44508.905  26.53   0.01
    44541.154  26.02   0.03
    44495.458  26.05   0.01
    44538.973  26.29   0.03
    44472.820  26.75   0.01
    44522.721  25.96   0.02
    44460.513  25.79   0.01
    44482.635  26.22   0.01
    44507.340  26.74   0.01
    44526.087  26.29   0.02
    44515.693  25.82   0.02
    44526.184  26.30   0.02
    44505.094  26.91   0.01
    44473.165  26.78   0.01
    44524.347  26.10   0.02
    44474.401  26.88   0.01
    44475.842  26.93   0.01
    44490.847  25.82   0.01
    44466.951  26.05   0.01
    44512.744  26.02   0.01
    44458.629  25.83   0.01
    44471.763  26.62   0.01
    44528.964  26.66   0.02
