    37628.151  24.39   0.01
    37624.540  25.57   0.01
    37641.919  25.09   0.02
    37613.838  25.54   0.01
    37618.258  24.34   0.01
    37613.845  25.54   0.01
    37628.328  24.35   0.01
    37645.490  25.49   0.03
    37642.829  25.31   0.02
    37629.241  24.32   0.01
    37645.016  25.56   0.03
    37611.144  24.95   0.01
    37630.703  24.75   0.01
    37612.127  25.22   0.01
    37645.936  25.38   0.03
    37628.005  24.43   0.01
    37636.298  25.22   0.02
    37629.477  24.36   0.01
    37635.275  25.51   0.02
    37637.472  24.68   0.02
    37613.568  25.51   0.01
    37610.131  24.62   0.01
    37629.777  24.44   0.01
    37631.172  24.90   0.01
    37642.045  25.12   0.02
    37646.178  25.30   0.03
    37621.070  24.90   0.01
    37613.290  25.47   0.01
    37625.454  25.46   0.01
    37616.227  25.17   0.01
    37613.340  25.47   0.01
    37638.245  24.39   0.02
    37630.770  24.77   0.01
    37637.484  24.68   0.02
    37623.329  25.46   0.01
    37622.317  25.24   0.01
    37624.505  25.57   0.01
    37613.672  25.52   0.01
    37642.667  25.28   0.02
    37645.038  25.55   0.03
    37623.402  25.47   0.01
    37611.767  25.13   0.01
    37637.867  24.51   0.02
    37610.135  24.62   0.01
    37619.090  24.31   0.01
    37635.954  25.34   0.02
    37625.672  25.40   0.01
    37622.252  25.22   0.01
    37615.754  25.34   0.01
    37627.631  24.57   0.01
    37635.382  25.49   0.02
    37610.231  24.65   0.01
    37630.139  24.55   0.01
    37616.098  25.22   0.01
    37633.512  25.47   0.01
    37628.488  24.32   0.01
    37616.200  25.18   0.01
    37643.215  25.40   0.02
    37636.804  25.00   0.02
    37630.978  24.84   0.01
    37615.794  25.33   0.01
    37612.706  25.35   0.01
    37636.887  24.96   0.02
    37621.887  25.13   0.01
    37645.667  25.45   0.03
    37629.219  24.32   0.01
    37637.947  24.48   0.02
    37617.959  24.41   0.01
    37622.100  25.19   0.01
    37621.593  25.06   0.01
    37619.054  24.31   0.01
    37610.821  24.85   0.01
    37624.625  25.57   0.01
    37644.245  25.55   0.02
    37609.510  24.42   0.01
    37642.333  25.20   0.02
    37632.312  25.22   0.01
    37613.457  25.49   0.01
    37613.500  25.50   0.01
    37616.220  25.17   0.01
    37636.791  25.00   0.02
    37646.435  25.20   0.03
    37610.095  24.60   0.01
    37637.128  24.84   0.02
    37642.246  25.17   0.02
    37609.228  24.35   0.01
    37628.596  24.31   0.01
    37633.897  25.53   0.01
    37627.748  24.52   0.01
    37644.159  25.54   0.02
    37635.516  25.46   0.02
    37623.271  25.44   0.01
    37622.599  25.31   0.01
    37642.394  25.21   0.02
    37609.926  24.55   0.01
    37634.552  25.57   0.01
    37630.984  24.84   0.01
    37620.675  24.77   0.01
    37618.799  24.29   0.01
    37634.251  25.56   0.01
    37631.974  25.13   0.01
    37645.978  25.37   0.03
    37628.649  24.30   0.01
    37639.113  24.30   0.02
    37617.197  24.72   0.01
    37609.470  24.41   0.01
    37618.547  24.30   0.01
    37640.766  24.73   0.02
    37628.512  24.32   0.01
    37640.912  24.78   0.02
    37617.793  24.47   0.01
    37643.396  25.43   0.02
    37644.990  25.56   0.03
    37618.915  24.30   0.01
    37630.573  24.70   0.01
    37626.072  25.27   0.01
    37620.586  24.74   0.01
    37623.009  25.39   0.01
    37635.958  25.34   0.02
    37618.098  24.38   0.01
    37634.831  25.56   0.02
    37632.267  25.20   0.01
    37625.577  25.43   0.01
    37623.657  25.51   0.01
    37629.124  24.31   0.01
    37638.315  24.37   0.02
    37641.287  24.91   0.02
    37621.822  25.12   0.01
    37632.765  25.32   0.01
    37645.339  25.52   0.03
