    68364.273  26.12   0.03
    68351.110  25.52   0.01
    68362.321  26.30   0.02
    68344.228  25.78   0.01
    68349.737  25.77   0.01
    68343.705  25.60   0.01
    68341.966  25.65   0.01
    68355.720  26.16   0.01
    68363.727  26.24   0.03
    68340.110  25.96   0.01
    68337.780  26.36   0.01
    68349.397  25.83   0.01
    68362.990  26.35   0.02
    68361.953  26.20   0.02
    68352.851  25.90   0.01
    68337.615  26.35   0.01
    68341.347  25.78   0.01
    68356.710  25.97   0.02
    68343.927  25.67   0.01
    68342.002  25.64   0.01
    68357.500  25.87   0.02
    68364.547  26.06   0.03
    68360.440  25.61   0.02
    68337.841  26.35   0.01
    68340.389  25.92   0.01
    68351.478  25.51   0.01
    68349.868  25.74   0.01
    68337.490  26.34   0.01
    68339.446  26.07   0.01
    68348.398  25.97   0.01
    68352.375  25.70   0.01
    68362.576  26.34   0.02
    68357.761  25.83   0.02
    68339.861  26.00   0.01
    68361.783  26.14   0.02
    68360.578  25.65   0.02
    68352.081  25.61   0.01
    68347.491  26.14   0.01
    68353.373  26.12   0.01
    68343.853  25.64   0.01
    68344.033  25.70   0.01
    68346.574  26.32   0.01
    68339.506  26.06   0.01
    68361.834  26.16   0.02
    68364.510  26.07   0.03
    68349.468  25.82   0.01
    68341.808  25.68   0.01
    68361.998  26.22   0.02
    68342.456  25.56   0.01
    68349.993  25.72   0.01
    68363.367  26.31   0.02
    68356.704  25.97   0.02
    68355.107  26.29   0.01
    68351.238  25.51   0.01
    68360.931  25.78   0.02
    68339.773  26.01   0.01
    68349.942  25.73   0.01
    68337.757  26.36   0.01
    68356.126  26.07   0.02
    68342.100  25.62   0.01
    68339.319  26.10   0.01
    68358.982  25.59   0.02
    68352.042  25.60   0.01
    68348.238  25.99   0.01
    68344.864  26.05   0.01
    68362.390  26.32   0.02
    68361.038  25.83   0.02
    68352.006  25.59   0.01
    68341.862  25.67   0.01
    68360.340  25.58   0.02
    68349.127  25.87   0.01
    68356.496  26.01   0.02
    68342.670  25.53   0.01
    68346.653  26.31   0.01
    68347.206  26.20   0.01
    68346.259  26.35   0.01
    68341.109  25.82   0.01
    68352.224  25.65   0.01
    68339.827  26.00   0.01
    68342.922  25.51   0.01
    68340.270  25.94   0.01
    68361.606  26.07   0.02
    68348.616  25.94   0.01
    68349.574  25.80   0.01
    68352.509  25.75   0.01
    68340.813  25.86   0.01
    68348.858  25.91   0.01
    68350.769  25.56   0.01
    68343.842  25.64   0.01
    68348.546  25.95   0.01
    68352.910  25.92   0.01
    68340.326  25.93   0.01
    68345.165  26.17   0.01
    68341.553  25.74   0.01
    68354.593  26.35   0.01
    68349.141  25.87   0.01
    68341.030  25.83   0.01
