    45423.381  25.00   0.01
    45384.234  24.93   0.01
    45439.509  24.90   0.02
    45439.950  24.88   0.02
    45423.099  24.98   0.01
    45415.513  25.52   0.01
    45432.756  25.70   0.02
    45413.479  25.71   0.01
    45417.201  25.26   0.01
    45426.524  25.37   0.01
    45413.062  25.73   0.01
    45403.369  24.93   0.01
    45413.013  25.73   0.01
    45446.571  25.48   0.03
    45431.704  25.74   0.02
    45416.945  25.30   0.01
    45439.835  24.89   0.02
    45395.072  25.67   0.01
    45430.080  25.70   0.02
    45417.579  25.20   0.01
    45417.089  25.28   0.01
    45411.211  25.71   0.01
    45437.490  25.09   0.02
    45390.620  25.61   0.01
    45418.028  25.14   0.01
    45392.432  25.72   0.01
    45439.283  24.91   0.02
    45409.323  25.58   0.01
    45406.025  25.20   0.01
    45390.014  25.56   0.01
    45442.786  25.03   0.02
    45437.061  25.15   0.02
    45432.359  25.72   0.02
    45411.281  25.71   0.01
    45411.371  25.72   0.01
    45393.254  25.74   0.01
    45438.426  24.97   0.02
    45419.607  24.95   0.01
    45396.316  25.53   0.01
    45417.085  25.28   0.01
    45387.598  25.28   0.01
    45400.340  24.96   0.01
    45404.947  25.07   0.01
    45405.998  25.20   0.01
    45397.084  25.42   0.01
    45426.735  25.39   0.01
    45400.636  24.94   0.01
    45411.272  25.71   0.01
    45408.279  25.47   0.01
    45396.235  25.54   0.01
    45434.662  25.51   0.02
    45440.231  24.88   0.02
    45384.555  24.95   0.01
    45426.049  25.31   0.01
    45448.421  25.65   0.03
    45390.319  25.59   0.01
    45443.121  25.07   0.02
    45391.643  25.69   0.01
    45405.285  25.11   0.01
    45444.673  25.25   0.02
    45393.515  25.74   0.01
    45388.248  25.36   0.01
    45422.462  24.93   0.01
    45412.830  25.73   0.01
    45396.896  25.45   0.01
    45401.213  24.90   0.01
    45441.349  24.91   0.02
    45390.023  25.56   0.01
    45438.613  24.96   0.02
    45437.864  25.04   0.02
