     1448.120  26.64   0.01
     1459.000  25.65   0.01
     1486.326  26.69   0.02
     1451.814  26.14   0.01
     1452.672  25.88   0.01
     1451.911  26.11   0.01
     1464.153  26.16   0.01
     1493.701  25.51   0.03
     1472.595  25.59   0.01
     1446.427  26.34   0.01
     1450.469  26.51   0.01
     1447.729  26.59   0.01
     1452.831  25.84   0.01
     1470.077  26.24   0.01
     1493.446  25.50   0.03
     1444.654  26.00   0.01
     1482.847  26.18   0.02
     1447.159  26.49   0.01
     1476.091  25.57   0.02
     1450.067  26.59   0.01
     1486.941  26.64   0.02
     1446.493  26.35   0.01
     1487.870  26.47   0.02
     1450.203  26.57   0.01
     1471.995  25.70   0.01
     1433.669  26.00   0.01
     1453.080  25.78   0.01
     1451.946  26.10   0.01
     1465.536  26.44   0.01
     1456.860  25.53   0.01
     1440.542  25.66   0.01
     1482.822  26.17   0.02
     1453.801  25.62   0.01
     1461.011  25.77   0.01
     1477.785  25.66   0.02
     1467.130  26.68   0.01
     1443.672  25.88   0.01
     1473.650  25.50   0.01
     1489.105  26.11   0.02
     1473.690  25.50   0.01
     1462.677  25.92   0.01
     1481.013  25.89   0.02
     1481.384  25.94   0.02
     1468.092  26.67   0.01
     1435.114  25.64   0.01
     1489.982  25.85   0.02
     1482.152  26.05   0.02
     1436.571  25.49   0.01
     1491.740  25.53   0.02
     1466.146  26.56   0.01
     1477.643  25.65   0.02
     1447.949  26.62   0.01
     1474.270  25.49   0.01
     1457.680  25.58   0.01
     1474.740  25.50   0.01
     1467.814  26.68   0.01
     1492.817  25.49   0.03
     1471.466  25.83   0.01
     1439.033  25.58   0.01
     1482.402  26.10   0.02
     1492.322  25.49   0.03
     1473.094  25.53   0.01
     1480.634  25.85   0.02
     1436.659  25.49   0.01
     1438.378  25.54   0.01
     1448.800  26.69   0.01
     1482.548  26.12   0.02
     1481.988  26.03   0.02
     1441.095  25.69   0.01
     1467.403  26.69   0.01
     1472.305  25.64   0.01
     1480.748  25.86   0.02
     1445.419  26.14   0.01
     1494.494  25.56   0.03
     1436.139  25.51   0.01
     1439.822  25.62   0.01
     1478.876  25.72   0.02
     1454.371  25.55   0.01
     1442.871  25.80   0.01
     1448.676  26.68   0.01
     1465.765  26.49   0.01
     1477.792  25.66   0.02
     1458.091  25.60   0.01
     1493.546  25.51   0.03
