      415.768  26.95   0.03
      393.867  27.32   0.01
      402.574  26.76   0.02
      367.035  27.26   0.01
      412.976  27.25   0.02
      395.775  27.45   0.01
      371.391  26.81   0.01
      387.063  26.78   0.01
      376.657  27.01   0.01
      369.970  26.94   0.01
      388.077  26.73   0.01
      391.006  26.89   0.01
      382.393  27.25   0.01
      409.475  27.36   0.02
      406.119  26.87   0.02
      402.120  26.80   0.02
      366.229  27.36   0.01
      415.453  26.98   0.03
      396.447  27.40   0.01
      408.776  27.26   0.02
      386.306  26.84   0.01
      411.160  27.45   0.02
      399.760  27.01   0.01
      416.789  26.85   0.03
      413.554  27.18   0.02
      384.967  26.97   0.01
      369.546  26.98   0.01
      397.088  27.33   0.01
      384.018  27.06   0.01
      395.014  27.44   0.01
      381.386  27.38   0.01
      390.372  26.83   0.01
      408.164  27.15   0.02
      412.233  27.35   0.02
      371.327  26.81   0.01
      402.455  26.77   0.02
      404.598  26.75   0.02
      372.668  26.73   0.01
      397.509  27.28   0.01
      404.266  26.74   0.02
      414.015  27.12   0.02
      386.785  26.80   0.01
      378.535  27.31   0.01
      384.178  27.04   0.01
      389.906  26.79   0.01
      373.189  26.73   0.01
      407.430  27.04   0.02
      400.331  26.96   0.01
      407.851  27.10   0.02
      372.578  26.74   0.01
      385.355  26.93   0.01
      371.328  26.81   0.01
      403.897  26.73   0.02
      390.765  26.86   0.01
      387.893  26.74   0.01
      390.193  26.81   0.01
      383.857  27.07   0.01
      398.681  27.13   0.01
      403.416  26.73   0.02
      410.415  27.45   0.02
      370.988  26.84   0.01
      384.698  26.99   0.01
      385.411  26.92   0.01
      402.924  26.75   0.02
      405.987  26.86   0.02
      406.955  26.97   0.02
      409.461  27.36   0.02
      408.418  27.20   0.02
      390.017  26.80   0.01
      384.057  27.05   0.01
      411.611  27.42   0.02
      380.384  27.45   0.01
      398.660  27.13   0.01
      409.027  27.30   0.02
      397.676  27.25   0.01
      394.404  27.39   0.01
      367.961  27.14   0.01
      383.028  27.17   0.01
      390.912  26.88   0.01
      386.526  26.82   0.01
      408.387  27.19   0.02
      381.641  27.35   0.01
      379.690  27.44   0.01
      414.887  27.03   0.03
      386.216  26.85   0.01
      393.239  27.22   0.01
      369.825  26.95   0.01
      398.094  27.20   0.01
      394.471  27.40   0.01
      371.310  26.81   0.01
      384.572  27.00   0.01
      376.843  27.04   0.01
      386.640  26.81   0.01
      391.436  26.94   0.01
      412.304  27.34   0.02
      409.274  27.33   0.02
