    89674.370  23.54   0.02
    89664.911  23.73   0.01
    89658.729  23.54   0.01
    89661.330  23.89   0.01
    89674.335  23.54   0.02
    89672.153  23.78   0.02
    89671.953  23.79   0.02
    89663.692  23.80   0.01
    89656.765  23.76   0.01
    89656.678  23.77   0.01
    89665.051  23.71   0.01
    89656.294  23.79   0.01
    89670.896  23.80   0.02
    89675.495  23.69   0.03
    89656.162  23.79   0.01
    89665.048  23.71   0.01
    89657.128  23.73   0.01
    89653.456  23.89   0.01
    89671.200  23.80   0.02
    89653.676  23.89   0.01
    89656.920  23.75   0.01
    89663.117  23.80   0.01
    89673.886  23.56   0.02
    89663.639  23.80   0.01
    89672.865  23.71   0.02
    89668.200  23.80   0.01
    89659.038  23.55   0.01
    89674.207  23.54   0.02
    89668.684  23.87   0.01
    89663.522  23.80   0.01
    89675.890  23.78   0.03
    89672.423  23.76   0.02
    89662.516  23.83   0.01
    89674.997  23.60   0.02
    89664.842  23.74   0.01
    89653.104  23.87   0.01
    89656.953  23.75   0.01
    89666.346  23.54   0.01
    89667.355  23.63   0.01
    89665.486  23.64   0.01
    89662.360  23.84   0.01
    89655.708  23.80   0.01
    89662.699  23.82   0.01
    89673.290  23.64   0.02
    89673.554  23.60   0.02
    89668.997  23.89   0.02
    89661.239  23.89   0.01
    89671.333  23.80   0.02
    89669.805  23.87   0.02
    89669.934  23.86   0.02
    89657.792  23.63   0.01
    89662.207  23.85   0.01
    89661.478  23.89   0.01
    89653.336  23.89   0.01
    89654.950  23.82   0.01
    89656.277  23.79   0.01
    89666.712  23.55   0.01
    89668.439  23.84   0.01
    89663.077  23.80   0.01
    89671.682  23.79   0.02
    89664.777  23.74   0.01
    89655.642  23.80   0.01
    89653.670  23.89   0.01
    89664.370  23.78   0.01
    89666.037  23.57   0.01
    89656.406  23.79   0.01
    89675.964  23.79   0.03
    89668.028  23.76   0.01
    89665.311  23.67   0.01
    89673.322  23.64   0.02
    89670.358  23.83   0.02
    89654.151  23.87   0.01
    89665.190  23.69   0.01
    89670.113  23.85   0.02
    89654.991  23.82   0.01
