    63294.839  26.78   0.01
    63329.275  26.48   0.03
    63293.774  26.74   0.01
    63302.925  26.20   0.01
    63315.765  26.23   0.01
    63322.444  26.50   0.02
    63306.888  26.79   0.01
    63321.466  26.52   0.02
    63300.327  26.52   0.01
    63320.729  26.61   0.02
    63304.378  26.38   0.01
    63316.086  26.27   0.01
    63302.449  26.22   0.01
    63315.834  26.24   0.01
    63327.724  26.21   0.02
    63303.379  26.22   0.01
    63313.834  26.34   0.01
    63311.906  26.55   0.01
    63318.853  26.79   0.02
    63312.380  26.54   0.01
    63301.300  26.39   0.01
    63325.539  26.43   0.02
    63306.803  26.79   0.01
    63309.904  26.49   0.01
    63318.769  26.78   0.02
    63311.103  26.54   0.01
    63295.720  26.68   0.01
    63312.544  26.52   0.01
    63320.615  26.62   0.02
    63310.080  26.50   0.01
    63302.197  26.25   0.01
    63312.005  26.55   0.01
    63310.984  26.53   0.01
    63301.728  26.32   0.01
    63317.938  26.69   0.01
    63312.433  26.53   0.01
    63306.469  26.78   0.01
    63315.084  26.20   0.01
    63309.759  26.50   0.01
    63293.089  26.61   0.01
    63298.774  26.53   0.01
    63316.963  26.46   0.01
    63294.252  26.78   0.01
    63320.340  26.66   0.02
    63329.379  26.51   0.03
    63323.959  26.56   0.02
    63300.453  26.51   0.01
    63323.672  26.55   0.02
    63302.879  26.20   0.01
    63327.775  26.21   0.02
    63295.177  26.75   0.01
    63319.676  26.75   0.02
    63322.976  26.52   0.02
    63295.226  26.75   0.01
    63295.018  26.77   0.01
    63300.055  26.54   0.01
    63319.152  26.79   0.02
    63317.570  26.61   0.01
    63329.010  26.42   0.03
    63306.290  26.77   0.01
    63308.000  26.68   0.01
    63311.845  26.56   0.01
    63326.638  26.25   0.02
    63317.641  26.63   0.01
    63318.556  26.77   0.02
    63319.532  26.76   0.02
    63304.494  26.41   0.01
    63325.812  26.38   0.02
    63317.636  26.62   0.01
    63319.891  26.73   0.02
    63328.946  26.40   0.03
    63297.619  26.50   0.01
    63321.832  26.50   0.02
    63304.625  26.44   0.01
    63329.478  26.53   0.03
    63324.318  26.55   0.02
    63322.848  26.51   0.02
    63315.216  26.20   0.01
    63322.682  26.50   0.02
    63322.948  26.52   0.02
    63324.831  26.52   0.02
    63293.591  26.71   0.01
    63300.261  26.53   0.01
    63297.659  26.49   0.01
    63307.043  26.78   0.01
    63306.117  26.75   0.01
    63303.696  26.25   0.01
    63302.373  26.23   0.01
    63298.518  26.52   0.01
    63319.611  26.76   0.02
    63312.248  26.54   0.01
    63328.795  26.37   0.03
    63303.405  26.22   0.01
    63313.333  26.42   0.01
    63317.619  26.62   0.01
    63306.409  26.78   0.01
    63300.964  26.44   0.01
    63316.319  26.32   0.01
    63323.958  26.56   0.02
    63326.471  26.28   0.02
    63320.231  26.68   0.02
    63295.385  26.73   0.01
    63310.524  26.51   0.01
