    55385.256  26.27   0.01
    55394.193  27.03   0.01
    55413.995  27.12   0.02
    55416.863  27.25   0.02
    55428.804  26.81   0.03
    55400.493  26.88   0.01
    55400.985  26.77   0.01
    55424.001  26.28   0.02
    55387.933  26.46   0.01
    55394.119  27.03   0.01
    55403.997  26.28   0.01
    55368.243  26.36   0.01
    55420.480  26.63   0.02
    55425.291  26.41   0.02
    55365.637  26.32   0.01
    55407.426  26.54   0.01
    55382.957  26.58   0.01
    55372.044  26.80   0.01
    55379.172  27.24   0.01
    55398.063  27.24   0.01
    55411.677  26.92   0.02
    55392.215  26.89   0.01
    55365.683  26.32   0.01
    55411.896  26.94   0.02
    55406.200  26.38   0.01
    55406.886  26.47   0.01
    55396.914  27.25   0.01
    55413.055  27.03   0.02
    55416.745  27.25   0.02
    55423.230  26.27   0.02
    55372.425  26.83   0.01
    55387.190  26.37   0.01
    55385.918  26.27   0.01
    55405.377  26.30   0.01
    55407.004  26.48   0.01
    55406.046  26.36   0.01
    55406.986  26.48   0.01
    55403.546  26.31   0.01
    55378.688  27.26   0.01
    55369.181  26.48   0.01
    55401.030  26.76   0.01
    55424.913  26.36   0.02
    55380.744  27.06   0.01
    55391.384  26.83   0.01
    55375.225  27.02   0.01
    55369.036  26.46   0.01
    55398.823  27.18   0.01
    55415.262  27.22   0.02
    55422.838  26.28   0.02
    55415.274  27.22   0.02
    55375.529  27.05   0.01
    55404.942  26.28   0.01
    55400.381  26.91   0.01
    55377.093  27.19   0.01
    55404.130  26.27   0.01
    55410.645  26.86   0.02
    55379.599  27.21   0.01
    55412.330  26.97   0.02
    55405.707  26.33   0.01
    55374.975  27.00   0.01
    55389.187  26.63   0.01
    55377.497  27.22   0.01
    55387.435  26.40   0.01
    55391.200  26.82   0.01
    55414.799  27.19   0.02
    55408.908  26.72   0.02
    55378.012  27.25   0.01
    55380.402  27.11   0.01
    55399.038  27.15   0.01
    55406.121  26.37   0.01
    55427.658  26.71   0.03
    55414.324  27.15   0.02
    55370.603  26.66   0.01
    55419.357  26.88   0.02
    55414.408  27.15   0.02
    55392.524  26.91   0.01
    55379.713  27.20   0.01
    55391.220  26.82   0.01
    55366.960  26.27   0.01
    55365.225  26.37   0.01
    55368.975  26.45   0.01
    55414.979  27.20   0.02
