    83235.601  23.84   0.01
    83249.313  23.14   0.01
    83234.603  24.02   0.01
    83227.079  23.14   0.01
    83255.773  23.89   0.02
    83224.822  23.74   0.01
    83228.994  22.71   0.01
    83238.159  23.15   0.01
    83255.057  23.61   0.02
    83236.413  23.60   0.01
    83250.700  22.81   0.02
    83241.496  22.69   0.01
    83224.687  23.78   0.01
    83249.026  23.21   0.01
    83238.370  23.10   0.01
    83228.327  22.84   0.01
    83247.927  23.48   0.01
    83240.750  22.65   0.01
    83262.122  22.74   0.03
    83242.473  22.94   0.01
    83223.985  23.96   0.01
    83242.261  22.87   0.01
    83247.455  23.62   0.01
    83262.025  22.76   0.03
    83262.417  22.70   0.03
    83257.942  23.81   0.02
    83251.340  22.69   0.02
    83238.777  23.00   0.01
    83249.284  23.14   0.01
    83226.440  23.29   0.01
    83225.572  23.52   0.01
    83255.991  23.95   0.02
    83241.556  22.69   0.01
    83257.313  23.96   0.02
    83253.413  22.88   0.02
    83252.317  22.66   0.02
    83230.468  22.70   0.01
    83236.620  23.54   0.01
    83234.072  24.00   0.01
    83258.429  23.66   0.02
    83259.843  23.28   0.02
    83260.773  23.05   0.03
    83237.665  23.27   0.01
    83239.271  22.88   0.01
    83228.889  22.73   0.01
    83242.126  22.82   0.01
    83229.134  22.69   0.01
    83251.811  22.65   0.02
    83247.163  23.71   0.01
    83224.502  23.84   0.01
    83226.007  23.40   0.01
    83247.844  23.51   0.01
    83240.165  22.70   0.01
    83225.429  23.56   0.01
    83258.961  23.50   0.02
    83231.753  23.10   0.01
    83225.425  23.56   0.01
    83236.143  23.68   0.01
    83253.497  22.91   0.02
    83260.508  23.12   0.03
    83233.620  23.91   0.01
    83261.026  22.99   0.03
    83227.144  23.12   0.01
    83246.462  23.91   0.01
    83229.690  22.65   0.01
    83238.727  23.01   0.01
    83250.019  22.97   0.02
    83233.439  23.85   0.01
    83231.164  22.87   0.01
    83239.362  22.86   0.01
    83247.623  23.57   0.01
    83238.967  22.95   0.01
    83229.279  22.67   0.01
    83227.872  22.95   0.01
    83237.485  23.31   0.01
    83254.282  23.24   0.02
    83228.417  22.82   0.01
    83261.228  22.94   0.03
    83250.280  22.90   0.02
    83244.327  23.77   0.01
    83246.106  23.98   0.01
    83251.784  22.65   0.02
    83250.952  22.76   0.02
    83226.629  23.25   0.01
    83234.142  24.01   0.01
    83243.362  23.33   0.01
