    31219.285  26.94   0.02
    31226.405  26.44   0.03
    31198.517  26.37   0.01
    31185.214  26.42   0.01
    31226.934  26.40   0.03
    31190.158  26.94   0.01
    31206.878  26.91   0.01
    31180.198  26.71   0.01
    31223.800  26.73   0.02
    31222.476  26.85   0.02
    31216.664  26.69   0.02
    31182.710  26.43   0.01
    31197.675  26.40   0.01
    31219.596  26.95   0.02
    31197.355  26.43   0.01
    31180.542  26.67   0.01
    31209.597  26.69   0.01
    31205.933  26.95   0.01
    31191.677  26.94   0.01
    31179.799  26.75   0.01
    31174.113  26.85   0.01
    31224.213  26.69   0.02
    31205.735  26.95   0.01
    31204.895  26.95   0.01
    31188.883  26.87   0.01
    31225.606  26.52   0.03
    31209.010  26.75   0.01
    31188.688  26.85   0.01
    31205.078  26.95   0.01
    31179.593  26.77   0.01
    31189.294  26.90   0.01
    31192.217  26.92   0.01
    31192.178  26.92   0.01
    31183.835  26.37   0.01
    31207.625  26.87   0.01
    31184.963  26.40   0.01
    31192.909  26.88   0.01
    31189.500  26.91   0.01
    31178.550  26.86   0.01
    31209.652  26.68   0.01
    31213.376  26.37   0.02
    31221.005  26.94   0.02
    31199.729  26.41   0.01
    31217.454  26.80   0.02
    31223.060  26.80   0.02
    31211.207  26.50   0.02
    31222.332  26.86   0.02
    31177.850  26.90   0.01
    31209.753  26.67   0.01
    31221.145  26.93   0.02
    31215.841  26.58   0.02
    31188.500  26.83   0.01
    31179.559  26.77   0.01
    31220.300  26.95   0.02
    31222.982  26.81   0.02
    31200.574  26.49   0.01
    31211.827  26.44   0.02
    31196.464  26.51   0.01
    31194.924  26.69   0.01
    31183.554  26.38   0.01
    31184.481  26.38   0.01
    31210.675  26.56   0.02
    31211.017  26.52   0.02
    31180.166  26.71   0.01
    31213.493  26.37   0.02
    31177.480  26.92   0.01
    31204.119  26.92   0.01
    31196.513  26.51   0.01
    31213.411  26.37   0.02
    31194.539  26.73   0.01
    31180.334  26.69   0.01
    31202.077  26.70   0.01
    31226.961  26.40   0.03
    31213.022  26.37   0.02
    31219.010  26.93   0.02
    31184.650  26.38   0.01
    31205.312  26.95   0.01
    31202.411  26.74   0.01
    31198.073  26.38   0.01
    31205.269  26.95   0.01
    31227.813  26.37   0.03
    31205.432  26.95   0.01
    31178.561  26.86   0.01
    31178.483  26.86   0.01
    31227.324  26.38   0.03
    31173.254  26.75   0.01
    31184.888  26.39   0.01
    31201.951  26.68   0.01
    31209.948  26.65   0.01
    31185.227  26.42   0.01
    31204.846  26.95   0.01
    31226.843  26.41   0.03
    31200.100  26.44   0.01
    31174.208  26.86   0.01
