    11133.190  22.65   0.01
    11141.328  23.41   0.01
    11146.421  22.77   0.02
    11136.617  22.77   0.01
    11137.489  22.93   0.01
    11122.216  22.78   0.01
    11146.312  22.79   0.02
    11123.077  22.93   0.01
    11137.962  23.02   0.01
    11134.208  22.57   0.01
    11137.388  22.91   0.01
    11120.681  22.59   0.01
    11139.600  23.30   0.01
    11152.354  23.01   0.02
    11154.577  23.37   0.02
    11134.419  22.57   0.01
    11117.452  22.78   0.01
    11121.765  22.71   0.01
    11113.053  23.36   0.01
    11139.342  23.26   0.01
    11151.358  22.82   0.02
    11137.250  22.89   0.01
    11122.591  22.85   0.01
    11125.469  23.34   0.01
    11156.488  23.35   0.03
    11128.949  23.12   0.01
    11128.304  23.24   0.01
    11142.700  23.25   0.01
    11152.803  23.09   0.02
    11131.793  22.79   0.01
    11135.180  22.59   0.01
    11121.177  22.63   0.01
    11130.323  22.93   0.01
    11150.770  22.73   0.02
    11118.273  22.70   0.01
    11140.736  23.41   0.01
    11138.947  23.20   0.01
    11116.024  22.91   0.01
    11157.417  23.20   0.03
    11116.551  22.86   0.01
    11153.724  23.26   0.02
    11152.299  23.00   0.02
    11122.878  22.90   0.01
    11113.490  23.30   0.01
    11119.768  22.57   0.01
    11129.861  22.98   0.01
    11124.433  23.19   0.01
    11121.573  22.68   0.01
    11131.884  22.78   0.01
    11113.576  23.29   0.01
    11152.101  22.96   0.02
    11145.790  22.83   0.02
    11120.215  22.57   0.01
    11138.375  23.10   0.01
    11121.055  22.62   0.01
    11116.282  22.89   0.01
    11119.691  22.58   0.01
    11119.430  22.59   0.01
    11141.072  23.42   0.01
    11157.797  23.13   0.03
    11135.300  22.60   0.01
    11121.608  22.68   0.01
    11157.263  23.22   0.03
    11140.598  23.41   0.01
    11142.094  23.34   0.01
    11134.930  22.58   0.01
    11129.710  23.00   0.01
    11129.553  23.03   0.01
    11130.093  22.95   0.01
    11119.478  22.59   0.01
    11123.281  22.97   0.01
    11114.683  23.09   0.01
    11149.195  22.57   0.02
    11140.118  23.37   0.01
    11127.996  23.29   0.01
    11145.885  22.82   0.02
    11129.542  23.03   0.01
    11141.964  23.36   0.01
    11148.844  22.57   0.02
    11153.303  23.18   0.02
    11150.973  22.76   0.02
    11130.004  22.96   0.01
    11115.969  22.92   0.01
    11126.956  23.41   0.01
    11128.659  23.18   0.01
    11124.199  23.14   0.01
    11154.115  23.31   0.02
    11116.743  22.85   0.01
    11127.469  23.36   0.01
    11114.567  23.11   0.01
    11133.548  22.62   0.01
