   3.0000000115251169E-003   468.53815439576863     
   2.3000000011525117E-002   468.78377396982552     
   4.3000000011525118E-002   469.01649918753242     
   6.3000000011525115E-002   469.42579691326267     
   8.3000000011525119E-002   469.52110658918832     
  0.10300000001152512        469.81971497761475     
  0.12300000001152511        470.03486667410306     
  0.14300000001152513        470.40426470015007     
  0.16300000001152512        470.64239679478914     
  0.18300000001152511        470.74764293496611     
  0.20300000001152513        471.21795670338253     
  0.22300000001152512        471.28530976586268     
  0.24300000001152511        471.97954575644974     
  0.26300000001152513        472.03323723499949     
  0.28300000001152514        472.26287726535679     
  0.30300000001152511        472.11303353572475     
  0.32300000001152512        472.61577894961664     
  0.34300000001152514        473.10193757113450     
  0.36300000001152510        473.08023433683286     
  0.38300000001152512        473.49977677618858     
  0.40300000001152514        474.30400922794541     
  0.42300000001152510        474.12598859335264     
  0.44300000001152512        474.29608905507564     
  0.46300000001152514        474.54847143173049     
  0.48300000001152510        474.91281885649835     
  0.50300000001152512        475.17616140431238     
  0.52300000001152513        475.25459497631988     
  0.54300000001152515        475.06259668931727     
  0.56300000001152517        475.35154434372265     
  0.58300000001152508        475.08187030266942     
  0.60300000001152509        475.91674803210964     
  0.62300000001152511        476.59006977521244     
  0.64300000001152513        477.24662968398792     
  0.66300000001152515        477.93162958134576     
  0.68300000001152517        477.88857777191993     
  0.70300000001152518        478.36085010386114     
  0.72300000001152509        476.86221446372662     
  0.74300000001152511        478.72868540709209     
  0.76300000001152513        477.15043827007270     
  0.78300000001152514        479.02506196829580     
  0.80300000001152516        478.94941879228986     
  0.82300000001152518        479.39167221190274     
  0.84300000001152509        480.28355637915706     
  0.86300000001152510        480.05064053421773     
  0.88300000001152512        480.96227102946921     
  0.90300000001152514        480.36007255933549     
  0.92300000001152516        480.43866261615000     
  0.94300000001152517        480.74563082292394     
  0.96300000001152508        481.32060522402224     
  0.98300000001152510        481.22216429197499     
   1.0030000000115251        483.21883056613211     
   1.0230000000115251        483.26357457420283     
   1.0430000000115252        480.87920322466908     
   1.0630000000115252        479.54990992302010     
   1.0830000000115252        481.44254117468012     
   1.1030000000115252        484.05592504197114     
   1.1230000000115252        483.04984371092195     
   1.1430000000115252        482.61110634153027     
   1.1630000000115250        483.19746676405651     
   1.1830000000115251        483.67776059112930     
   1.2030000000115251        484.09980754369906     
   1.2230000000115251        482.97219731791188     
   1.2430000000115251        485.16613568133698     
   1.2630000000115251        485.16884621634580     
   1.2830000000115251        485.70603495417566     
   1.3030000000115252        487.00658108981719     
   1.3230000000115252        488.10396444696835     
   1.3430000000115252        487.88003050851324     
   1.3630000000115252        486.81735310418350     
   1.3830000000115252        485.71592516736160     
   1.4030000000115253        488.06717034614093     
   1.4230000000115250        486.94971784516849     
   1.4430000000115251        486.85690636157824     
   1.4630000000115251        489.44283865341066     
   1.4830000000115251        488.47056912596878     
   1.5030000000115251        487.80626856311125     
   1.5230000000115251        487.02913164364270     
   1.5430000000115252        488.53718245105551     
   1.5630000000115252        489.43235778730644     
   1.5830000000115252        487.94460010963172     
   1.6030000000115252        488.36611801064907     
   1.6230000000115252        486.46381013359911     
   1.6430000000115252        488.30134258982531     
   1.6630000000115253        491.41558886594567     
   1.6830000000115251        491.42265723293406     
   1.7030000000115251        489.56714365651027     
   1.7230000000115251        491.66166777906261     
   1.7430000000115251        491.69403857786585     
   1.7630000000115251        492.20481706810989     
   1.7830000000115251        492.20687970248821     
   1.8030000000115252        493.13987767110575     
   1.8230000000115252        494.02459874728032     
   1.8430000000115252        494.37224396889695     
   1.8630000000115252        492.63458123911477     
   1.8830000000115252        490.92066263245300     
   1.9030000000115253        492.33555586497511     
   1.9230000000115250        495.38730963852356     
   1.9430000000115251        497.29819031939900     
   1.9630000000115251        497.03421019914066     
   1.9830000000115251        497.52417471138654     
   2.0030000000115251        499.74553394085029     
   2.0230000000115251        497.62877711031751     
   2.0430000000115252        495.96590447393373     
   2.0630000000115252        494.56039997439677     
   2.0830000000115252        492.26757491998706     
   2.1030000000115252        493.44761347209828     
   2.1230000000115252        494.23293605539004     
   2.1430000000115252        496.77042050063079     
   2.1630000000115253        496.86332928878596     
   2.1830000000115253        499.23266499186076     
   2.2030000000115253        500.02456734229196     
   2.2230000000115253        499.10612250703593     
   2.2430000000115253        499.46808612187323     
   2.2630000000115253        496.74772896056493     
   2.2830000000115254        496.34256000340383     
   2.3030000000115254        497.09428007366228     
   2.3230000000115250        497.46993065826160     
   2.3430000000115250        497.34521633876994     
   2.3630000000115250        496.89722583576287     
   2.3830000000115250        497.94109221799516     
   2.4030000000115250        499.19293830308379     
   2.4230000000115250        498.92026293502073     
   2.4430000000115251        500.87101293374792     
   2.4630000000115251        500.97898763624016     
   2.4830000000115251        502.07408395138407     
   2.5030000000115251        503.40149244348333     
   2.5230000000115251        501.80534942086223     
   2.5430000000115252        499.34119004628099     
   2.5630000000115252        500.94785342362815     
   2.5830000000115252        502.37486316663302     
   2.6030000000115252        504.80335418327974     
   2.6230000000115252        504.84936826956528     
   2.6430000000115252        506.68913673929217     
   2.6630000000115253        508.46092265166658     
   2.6830000000115253        509.06258413188590     
   2.7030000000115253        507.17327827716349     
   2.7230000000115253        506.06496112687500     
   2.7430000000115253        506.18870360517332     
   2.7630000000115253        506.05701259295427     
   2.7830000000115254        506.46092977019498     
   2.8030000000115254        509.14087860903192     
   2.8230000000115250        509.95916153043396     
   2.8430000000115250        510.13340020790793     
   2.8630000000115250        512.08941922647193     
   2.8830000000115250        513.09874060523259     
   2.9030000000115250        515.54062217964315     
   2.9230000000115250        517.21859071644224     
   2.9430000000115251        518.88798479143850     
   2.9630000000115251        521.44926922640650     
   2.9830000000115251        523.30265669155381     
   3.0030000000115251        522.63832418771085     
   3.0230000000115251        520.12104907551702     
   3.0430000000115252        518.96409287454878     
   3.0630000000115252        519.55130033325759     
   3.0830000000115252        520.37447629059932     
   3.1030000000115252        517.66743290482054     
   3.1230000000115252        514.53671053070968     
   3.1430000000115252        511.39215422307899     
   3.1630000000115253        508.48566910707922     
   3.1830000000115253        507.13702544192853     
   3.2030000000115253        508.29019092985311     
   3.2230000000115253        507.88691871008155     
   3.2430000000115253        508.21720476050854     
   3.2630000000115253        510.61910203596875     
   3.2830000000115254        511.52118012192534     
   3.3030000000115254        514.27146527209641     
   3.3230000000115254        517.11989345788902     
   3.3430000000115250        517.69098497823563     
   3.3630000000115250        517.32857833322578     
   3.3830000000115250        514.54096537068938     
   3.4030000000115250        514.15668960023106     
   3.4230000000115250        514.26460169134350     
   3.4430000000115251        513.65985426941813     
   3.4630000000115251        514.95499886942775     
   3.4830000000115251        516.27648746381146     
   3.5030000000115251        518.21974356441308     
   3.5230000000115251        520.33948145909869     
   3.5430000000115252        520.33451569787439     
   3.5630000000115252        519.52849730601781     
   3.5830000000115252        521.19479778465097     
   3.6030000000115252        522.10888230310877     
   3.6230000000115252        521.61755510385854     
   3.6430000000115252        523.04423517200996     
   3.6630000000115253        522.66347783495894     
   3.6830000000115253        523.08582218436686     
   3.7030000000115253        521.66016037918428     
   3.7230000000115253        520.89734093319271     
   3.7430000000115253        519.01094573779903     
   3.7630000000115253        516.74656455452271     
   3.7830000000115254        515.06602214571137     
   3.8030000000115254        514.82499995699436     
   3.8230000000115254        516.87474814860980     
   3.8430000000115250        519.67398388967104     
   3.8630000000115250        522.73553321122552     
   3.8830000000115250        526.14457285137837     
   3.9030000000115250        528.65607823508344     
   3.9230000000115250        531.16754229805213     
   3.9430000000115251        533.95893263395965     
   3.9630000000115251        538.57714727963173     
   3.9830000000115251        543.93244344621337     
   4.0030000000115251        547.56358479363939     
   4.0230000000115256        550.62054941159329     
   4.0430000000115252        552.10929386125895     
   4.0630000000115256        553.78155756355397     
   4.0830000000115252        553.67504587979238     
   4.1030000000115248        556.10062551764440     
   4.1230000000115252        555.95593531285522     
   4.1430000000115248        555.90356550121714     
   4.1630000000115253        555.04335806315964     
   4.1830000000115248        557.00836713359445     
   4.2030000000115253        555.73971188966846     
   4.2230000000115249        554.06705198327211     
   4.2430000000115253        551.71308058468776     
   4.2630000000115249        550.99985382805698     
   4.2830000000115254        550.77072171896339     
   4.3030000000115249        549.10695795656204     
   4.3230000000115254        547.42819840250274     
   4.3430000000115250        546.44460704536937     
   4.3630000000115254        545.05507399642408     
   4.3830000000115250        544.70827154120036     
   4.4030000000115255        542.84746855278672     
   4.4230000000115250        544.29444280397900     
   4.4430000000115255        540.25022757828481     
   4.4630000000115251        538.28087358042762     
   4.4830000000115255        537.59623205899720     
   4.5030000000115251        535.33181760808623     
   4.5230000000115256        532.60399926881757     
   4.5430000000115252        533.35463459645655     
   4.5630000000115256        532.17903538802057     
   4.5830000000115252        532.10974804685918     
   4.6030000000115256        531.84930038710536     
   4.6230000000115252        531.73599548999130     
   4.6430000000115248        531.45605709431322     
   4.6630000000115253        531.75654896490187     
   4.6830000000115248        529.97868921775103     
   4.7030000000115253        529.56056081196755     
   4.7230000000115249        527.99462828824892     
   4.7430000000115253        527.30443373479125     
   4.7630000000115249        525.38763029112408     
   4.7830000000115254        524.53492934917551     
   4.8030000000115249        524.36361132683646     
   4.8230000000115254        523.13728697057411     
   4.8430000000115250        522.30949385097927     
   4.8630000000115254        522.08524402681439     
   4.8830000000115250        522.85355344134791     
   4.9030000000115255        523.50466530943697     
   4.9230000000115250        526.23865590355513     
   4.9430000000115255        530.31931590872352     
   4.9630000000115251        531.53429145293171     
   4.9830000000115255        535.13878453081315     
   5.0030000000115251        534.88082482639356     
   5.0230000000115256        535.31483719097332     
   5.0430000000115252        534.59989684047639     
   5.0630000000115256        533.95644861289156     
   5.0830000000115252        534.33596830664726     
   5.1030000000115256        537.91508090434252     
   5.1230000000115252        540.49928178844834     
   5.1430000000115248        542.31794889340074     
   5.1630000000115253        544.17525832998729     
   5.1830000000115248        545.31901574816334     
   5.2030000000115253        547.30283532073429     
   5.2230000000115249        546.54559185166397     
   5.2430000000115253        544.09123234820947     
   5.2630000000115249        541.43799994175117     
   5.2830000000115254        538.89578759077426     
   5.3030000000115249        537.76641295892864     
   5.3230000000115254        536.15881205622782     
   5.3430000000115250        532.30309058622322     
   5.3630000000115254        528.78682746555410     
   5.3830000000115250        523.94274203680357     
   5.4030000000115255        517.36872458562493     
   5.4230000000115250        509.27493923471883     
   5.4430000000115255        502.54794698204682     
   5.4630000000115251        496.78381042864316     
   5.4830000000115255        488.69596975991601     
   5.5030000000115251        477.54322291825832     
   5.5230000000115256        469.98142789768792     
   5.5430000000115252        458.25280617486874     
   5.5630000000115256        448.70544816934500     
   5.5830000000115252        439.21073756889319     
   5.6030000000115256        428.72153649866874     
   5.6230000000115252        417.40424949443985     
   5.6430000000115248        406.96242477420355     
   5.6630000000115253        396.38217736960394     
   5.6830000000115248        385.87145710884886     
   5.7030000000115253        376.71223376512779     
   5.7230000000115249        367.67808063007675     
   5.7430000000115253        360.41216083829909     
   5.7630000000115249        352.78043431597774     
   5.7830000000115254        345.81073923126888     
   5.8030000000115249        339.93607304133212     
   5.8230000000115254        335.30329541916188     
   5.8430000000115250        330.74821678598636     
   5.8630000000115254        326.02796887632513     
   5.8830000000115250        321.71893153965704     
   5.9030000000115255        317.54974102567371     
   5.9230000000115250        314.33793675414006     
   5.9430000000115255        310.68119998532029     
   5.9630000000115251        308.50389728283710     
   5.9830000000115255        307.66922689276083     
   6.0030000000115251        306.30056258368546     
   6.0230000000115256        305.67296472998595     
   6.0430000000115252        305.92277078400730     
   6.0630000000115256        306.76055122283270     
   6.0830000000115252        308.67995662701247     
   6.1030000000115256        310.05859966175387     
   6.1230000000115252        312.95971302632955     
   6.1430000000115257        318.34315291541429     
   6.1630000000115253        321.48639461804811     
   6.1830000000115248        326.71014682399101     
   6.2030000000115253        330.93069096694694     
   6.2230000000115249        335.97624655136184     
   6.2430000000115253        340.50309237701794     
   6.2630000000115249        347.83994417240990     
   6.2830000000115254        354.15293208668430     
   6.3030000000115249        360.24489454565787     
   6.3230000000115254        368.06671968871575     
   6.3430000000115250        374.37517404386523     
   6.3630000000115254        381.31332112410945     
   6.3830000000115250        390.02975355273088     
   6.4030000000115255        397.96243742241444     
   6.4230000000115250        405.83952325786936     
   6.4430000000115255        414.34993427860542     
   6.4630000000115251        421.48969843074121     
   6.4830000000115255        430.00710059424301     
   6.5030000000115251        440.25482173598670     
   6.5230000000115256        448.86935193692648     
   6.5430000000115252        457.73155269772542     
   6.5630000000115256        466.07461865973431     
   6.5830000000115252        474.75793911494185     
   6.6030000000115256        482.61294239318084     
   6.6230000000115252        489.73428716953998     
   6.6430000000115257        496.23318168003703     
   6.6630000000115253        501.44832082478189     
   6.6830000000115248        507.35700223748057     
   6.7030000000115253        513.45697984288074     
   6.7230000000115249        517.42999708346804     
   6.7430000000115253        520.19747846173607     
   6.7630000000115249        522.62893447080296     
   6.7830000000115254        524.34789236063273     
   6.8030000000115249        529.32341118211173     
   6.8230000000115254        532.35291768763227     
   6.8430000000115250        534.97402211209703     
   6.8630000000115254        537.51399996395958     
   6.8830000000115250        541.54747261911723     
   6.9030000000115255        545.22797486405716     
   6.9230000000115250        549.46005030025310     
   6.9430000000115255        553.59890424311141     
   6.9630000000115251        555.99247462343260     
   6.9830000000115255        560.72809226203583     
   7.0030000000115251        563.54864658425811     
   7.0230000000115256        565.58328626455386     
   7.0430000000115252        568.19769946545932     
   7.0630000000115256        569.96002983035442     
   7.0830000000115252        570.63747966610879     
   7.1030000000115256        572.10443133735362     
   7.1230000000115252        572.05726237374904     
   7.1430000000115257        575.48650712924621     
   7.1630000000115253        577.86236057997326     
   7.1830000000115248        581.56534791253068     
   7.2030000000115253        583.01110137805620     
   7.2230000000115249        582.52219602328341     
   7.2430000000115253        584.09450081717375     
   7.2630000000115249        585.65966495966984     
   7.2830000000115254        587.24423908460210     
   7.3030000000115249        588.03797923598199     
   7.3230000000115254        588.78524421960481     
   7.3430000000115250        586.69955405926680     
   7.3630000000115254        587.50220583821545     
   7.3830000000115250        586.27326099501329     
   7.4030000000115255        588.83753097738793     
   7.4230000000115250        588.99029682478579     
   7.4430000000115255        589.54881233685683     
   7.4630000000115251        589.51819744040711     
   7.4830000000115255        590.40123964506176     
   7.5030000000115251        588.40514726044319     
   7.5230000000115256        587.19457484947338     
   7.5430000000115252        586.42295629132059     
   7.5630000000115256        583.85505427761302     
   7.5830000000115252        582.51915363652211     
   7.6030000000115256        584.28040725081235     
   7.6230000000115252        586.06824489906501     
   7.6430000000115257        588.53808115594529     
   7.6630000000115253        594.06610336837059     
   7.6830000000115248        596.21209183601741     
   7.7030000000115253        597.78511704936852     
   7.7230000000115249        601.86914522901839     
   7.7430000000115253        605.84730955762529     
   7.7630000000115249        607.36508738009138     
   7.7830000000115254        609.08537684819726     
   7.8030000000115249        610.78453974207684     
   7.8230000000115254        614.06643523639968     
   7.8430000000115250        615.01072245760690     
   7.8630000000115254        615.81442733559004     
   7.8830000000115250        617.69826432600667     
   7.9030000000115255        619.09582663010065     
   7.9230000000115250        620.71853593210551     
   7.9430000000115255        623.85366679100639     
   7.9630000000115251        628.34882345209382     
   7.9830000000115255        632.32723489394152     
   8.0030000000115251        634.19627144043079     
   8.0230000000115247        637.14136066979540     
   8.0430000000115260        637.98117360129390     
   8.0630000000115256        638.50278555478678     
   8.0830000000115252        640.04001533807150     
   8.1030000000115248        639.83975272237694     
   8.1230000000115261        640.70968644253344     
   8.1430000000115257        639.78854750227526     
   8.1630000000115253        640.32004996597095     
   8.1830000000115248        645.01352298294125     
   8.2030000000115244        647.04440809406685     
   8.2230000000115258        647.24598135443853     
   8.2430000000115253        646.31554846596885     
   8.2630000000115249        644.89359081870589     
   8.2830000000115245        644.89883257031238     
   8.3030000000115258        644.79622738072669     
   8.3230000000115254        643.16080440762835     
   8.3430000000115250        644.66196314150670     
   8.3630000000115245        644.94095424254920     
   8.3830000000115259        644.75816660625844     
   8.4030000000115255        643.76256869787744     
   8.4230000000115250        643.17787252335847     
   8.4430000000115246        642.12440480752161     
   8.4630000000115260        639.74835250125420     
   8.4830000000115255        639.16571110531686     
   8.5030000000115251        639.98628462745842     
   8.5230000000115247        639.82938017679805     
   8.5430000000115260        638.86420449975083     
   8.5630000000115256        641.45640587863932     
   8.5830000000115252        640.78930902705588     
   8.6030000000115248        641.19717787068555     
   8.6230000000115261        642.59727716040777     
   8.6430000000115257        641.20809795600474     
   8.6630000000115253        641.21567086286746     
   8.6830000000115248        641.34846732097105     
   8.7030000000115262        640.59136204233721     
   8.7230000000115258        641.19454379544550     
   8.7430000000115253        641.61670557933462     
   8.7630000000115249        641.68037571737409     
   8.7830000000115245        639.65586370698111     
   8.8030000000115258        639.83478519863638     
   8.8230000000115254        642.20479387489661     
   8.8430000000115250        642.40060637493070     
   8.8630000000115245        642.82476219481134     
   8.8830000000115259        639.08974277214634     
   8.9030000000115255        636.69927731042867     
   8.9230000000115250        634.50618733211184     
   8.9430000000115246        636.74144118671006     
   8.9630000000115260        636.53144735221281     
   8.9830000000115255        639.31343127041839     
   9.0030000000115251        637.57137821822391     
   9.0230000000115247        636.91306260045337     
   9.0430000000115260        634.57097970379789     
   9.0630000000115256        636.95688932205348     
   9.0830000000115252        637.56304783778091     
   9.1030000000115248        641.74037385275017     
   9.1230000000115261        638.36362570112385     
   9.1430000000115257        639.05697288519309     
   9.1630000000115253        637.58597647832732     
   9.1830000000115248        637.94953780932178     
   9.2030000000115262        638.25853987301753     
   9.2230000000115258        638.42830460893708     
   9.2430000000115253        636.39213657433243     
   9.2630000000115249        638.94367969331074     
   9.2830000000115245        636.64550313588381     
   9.3030000000115258        631.59436229685309     
   9.3230000000115254        629.16830383789795     
   9.3430000000115250        626.61463251914972     
   9.3630000000115245        621.07555829039654     
   9.3830000000115259        620.79584454318899     
   9.4030000000115255        619.97607106089276     
   9.4230000000115250        619.50604449338323     
   9.4430000000115246        617.31525362162176     
   9.4630000000115260        619.39668252723038     
   9.4830000000115255        619.39938037889033     
   9.5030000000115251        617.05533327911087     
   9.5230000000115247        616.40758503360701     
   9.5430000000115260        613.96258195845871     
   9.5630000000115256        611.73487655612234     
   9.5830000000115252        614.45614941159158     
   9.6030000000115248        615.25672693697379     
   9.6230000000115261        614.35225250131248     
   9.6430000000115257        613.27361348806460     
   9.6630000000115253        614.13801709149641     
   9.6830000000115248        617.19104701055903     
   9.7030000000115262        618.38033854496928     
   9.7230000000115258        619.82244528463764     
   9.7430000000115253        623.52398122656530     
   9.7630000000115249        623.14355763949948     
   9.7830000000115245        622.63299110672733     
   9.8030000000115258        624.43316556394416     
   9.8230000000115254        626.19837710298327     
   9.8430000000115250        621.87591142352778     
   9.8630000000115245        623.62941836289713     
   9.8830000000115259        627.01899143779985     
   9.9030000000115255        626.25510865671481     
   9.9230000000115250        627.50495546502805     
   9.9430000000115246        626.33615918863109     
   9.9630000000115260        631.51963177322170     
   9.9830000000115255        630.19353458876424     
   10.003000000011525        629.30577325935189     
   10.023000000011525        629.12000173120555     
   10.043000000011526        628.67283210052744     
   10.063000000011526        627.39906903631720     
   10.083000000011525        625.36135227731256     
   10.103000000011525        623.04597672333784     
   10.123000000011526        621.49268544804545     
   10.143000000011526        618.94668657842362     
   10.163000000011525        616.81040577264594     
   10.183000000011525        614.75926610839565     
   10.203000000011526        615.01351952819789     
   10.223000000011526        613.08252940710372     
   10.243000000011525        613.53443146010454     
   10.263000000011525        611.58969425627583     
   10.283000000011524        609.45187020095602     
   10.303000000011526        608.41676678225519     
   10.323000000011525        605.25590395609129     
   10.343000000011525        605.26965683795981     
   10.363000000011525        603.75994184233230     
   10.383000000011526        601.77216992284059     
   10.403000000011525        600.09454021651879     
   10.423000000011525        600.27995956453958     
   10.443000000011525        597.63618040994254     
   10.463000000011526        594.65914733469697     
   10.483000000011526        591.46323823849605     
   10.503000000011525        588.07537360207425     
   10.523000000011525        584.50887848200853     
   10.543000000011526        580.61486197263594     
   10.563000000011526        576.38629030737115     
   10.583000000011525        574.28692961061495     
   10.603000000011525        569.51678487633058     
   10.623000000011526        565.95394542665861     
   10.643000000011526        562.28379945864253     
   10.663000000011525        556.79316355143385     
   10.683000000011525        550.99645301874807     
   10.703000000011526        544.86607143970741     
   10.723000000011526        540.06812341378850     
   10.743000000011525        534.86408411175830     
   10.763000000011525        527.70746321517447     
   10.783000000011524        520.50705714534013     
   10.803000000011526        513.41900551904814     
   10.823000000011525        508.10473315773629     
   10.843000000011525        500.41299947368492     
   10.863000000011525        492.40722428346470     
   10.883000000011526        484.37434980044992     
   10.903000000011525        476.30098934187527     
   10.923000000011525        470.81447170117775     
   10.943000000011525        462.37217729584472     
   10.963000000011526        453.59942772676970     
   10.983000000011526        444.43535781660813     
   11.003000000011525        429.93365190048223     
   11.023000000011525        420.16771456506359     
   11.043000000011526        410.00333311793543     
   11.063000000011526        399.53760871732658     
   11.083000000011525        383.84011069462969     
   11.103000000011525        373.33917433682075     
   11.123000000011526        363.26499298729493     
   11.143000000011526        353.30501640050142     
   11.163000000011525        343.49099012391798     
   11.183000000011525        333.20785784260761     
   11.203000000011526        322.99436878060317     
   11.223000000011526        311.10820407794398     
   11.243000000011525        299.87575168235713     
   11.263000000011525        289.28668152896256     
   11.283000000011524        278.83160706920717     
   11.303000000011526        266.20680739724310     
   11.323000000011525        255.91502873367023     
   11.343000000011525        239.32002176609578     
   11.363000000011525        229.49818310840868     
   11.383000000011526        214.58824397251558     
   11.403000000011525        205.81652476825087     
   11.423000000011525        194.83563112578989     
   11.443000000011525        185.36704311547589     
   11.463000000011526        177.61331676903811     
   11.483000000011526        170.12092780681843     
   11.503000000011525        156.98398589628817     
   11.523000000011525        148.26634045513904     
   11.543000000011526        138.32151676412317     
   11.563000000011526        127.59528641316957     
   11.583000000011525        121.45776579582899     
   11.603000000011525        113.37078356292901     
   11.623000000011526        104.28450748406897     
   11.643000000011526        98.695740431198402     
   11.663000000011525        93.186464343338116     
   11.683000000011525        86.109906837183956     
   11.703000000011526        80.447352410944518     
   11.723000000011526        74.920708531066055     
   11.743000000011525        67.256024447951305     
   11.763000000011525        62.652168593046866     
   11.783000000011524        58.176709749944500     
   11.803000000011526        53.745530811610017     
   11.823000000011525        49.524473939428923     
   11.843000000011525        45.075405385001858     
   11.863000000011525        41.024652907598281     
   11.883000000011526        37.295097582778034     
   11.903000000011525        31.610633663881043     
   11.923000000011525        28.281471457704665     
   11.943000000011525        23.877336192317621     
   11.963000000011526        19.148575145994133     
   11.983000000011526        16.393016512875359     
   12.003000000011525        14.015337237243649     
   12.023000000011525        11.979675538713893     
   12.043000000011526        9.7328471999507684     
   12.063000000011526        8.0139711804992224     
   12.083000000011525        6.5921327759553723     
   12.103000000011525        5.2905733280484233     
   12.123000000011526        4.1507766792964382     
   12.143000000011526        2.8980624759627278     
   12.163000000011525        2.1561019325548094     
   12.183000000011525        1.5930430825347062     
   12.203000000011526        1.1928632793434943     
   12.223000000011526       0.94856220916000344     
   12.243000000011525       0.88162163676381866     
   12.263000000011525       0.98491816047224001     
   12.283000000011526        1.3226811186294778     
   12.303000000011526        2.1868116839277389     
   12.323000000011525        3.1542539011253208     
   12.343000000011525        4.0388581415074256     
   12.363000000011525        4.8553158596472006     
   12.383000000011526        5.7092369604544073     
   12.403000000011525        6.7185850817309989     
   12.423000000011525        7.9634517582719955     
   12.443000000011525        8.7039187712737789     
   12.463000000011526        10.278964034832372     
   12.483000000011526        12.023519723863542     
   12.503000000011525        13.209038757402125     
   12.523000000011525        14.973461545733183     
   12.543000000011526        17.051391884129352     
   12.563000000011526        18.169372964665577     
   12.583000000011525        20.491145943259028     
   12.603000000011525        23.024478521189550     
   12.623000000011526        25.775873909942522     
   12.643000000011526        28.720633330222565     
   12.663000000011525        31.786273427291860     
   12.683000000011525        34.923196388152164     
   12.703000000011526        38.120760830889381     
   12.723000000011526        41.380617786101418     
   12.743000000011525        44.621193788442113     
   12.763000000011525        48.108097585061394     
   12.783000000011526        51.817995855543352     
   12.803000000011526        55.774513035628551     
   12.823000000011525        59.881513236241489     
   12.843000000011525        64.031684894632960     
   12.863000000011525        68.294170211123955     
   12.883000000011526        72.603215143148645     
   12.903000000011525        73.251915478561799     
   12.923000000011525        77.672648901853705     
   12.943000000011525        82.288626218466916     
   12.963000000011526        87.129241026317345     
   12.983000000011526        92.033047384801890     
   13.003000000011525        96.814801464313561     
   13.023000000011525        102.42983313498603     
   13.043000000011526        103.49428800731826     
   13.063000000011526        104.66112396171684     
   13.083000000011525        110.26375874496651     
   13.103000000011525        115.71040096517835     
   13.123000000011526        120.82203793091868     
   13.143000000011526        125.91787121301878     
   13.163000000011525        130.35266707134420     
   13.183000000011525        136.41927789513903     
   13.203000000011526        141.81559747520890     
   13.223000000011526        148.05762532722537     
   13.243000000011525        153.26204069941602     
   13.263000000011525        159.11881337775066     
   13.283000000011526        159.84394586051852     
   13.303000000011526        160.63540765776767     
   13.323000000011525        164.71434129931001     
   13.343000000011525        169.15103276756057     
   13.363000000011525        173.36964945735946     
   13.383000000011526        176.82033053409177     
   13.403000000011525        178.73399487456425     
   13.423000000011525        182.52971887745079     
   13.443000000011525        186.30150276084797     
   13.463000000011526        190.09352624173141     
   13.483000000011526        193.89677283104385     
   13.503000000011525        197.71922979246810     
   13.523000000011525        197.17182073410913     
   13.543000000011526        200.93102035026047     
   13.563000000011526        200.74552556140262     
   13.583000000011525        205.67855141699320     
   13.603000000011525        209.65433623313595     
   13.623000000011526        213.79837496512556     
   13.643000000011526        216.02700856979970     
   13.663000000011525        216.56901340201935     
   13.683000000011525        220.87819985120811     
   13.703000000011526        225.30409171018067     
   13.723000000011526        225.20936459100173     
   13.743000000011525        229.64238046916864     
   13.763000000011525        235.54047307939072     
   13.783000000011526        240.17751462180513     
   13.803000000011526        244.40720957852645     
   13.823000000011525        250.52849933221879     
   13.843000000011525        255.14796171825583     
   13.863000000011525        259.83049976395944     
   13.883000000011526        263.48500754317138     
   13.903000000011525        268.06394222586420     
   13.923000000011525        272.13380100926577     
   13.943000000011525        276.55725966993811     
   13.963000000011526        282.60499490081145     
   13.983000000011526        288.46130806402061     
   14.003000000011525        293.96119482550489     
   14.023000000011525        299.08938498674979     
   14.043000000011526        303.90020612191648     
   14.063000000011526        308.46264533421436     
   14.083000000011525        312.77291950228846     
   14.103000000011525        317.48111218505073     
   14.123000000011526        321.23139722157077     
   14.143000000011526        324.84037503810612     
   14.163000000011525        328.37307104259327     
   14.183000000011525        331.83388772382528     
   14.203000000011526        336.90270107079249     
   14.223000000011526        339.22203443126006     
   14.243000000011525        342.83995946092000     
   14.263000000011525        345.06343138992787     
   14.283000000011526        351.39363197326367     
   14.303000000011526        357.22100375096318     
   14.323000000011525        362.45002545354072     
   14.343000000011525        367.12974013416402     
   14.363000000011525        371.35803975290321     
   14.383000000011526        377.33120730595476     
   14.403000000011525        376.28148127423395     
   14.423000000011525        379.38718258037153     
   14.443000000011525        382.26055370420346     
   14.463000000011526        384.94657870373544     
   14.483000000011526        387.52678487498162     
   14.503000000011525        390.06457306276985     
   14.523000000011525        395.05049337481398     
   14.543000000011526        397.60448676072565     
   14.563000000011526        400.29010131284815     
   14.583000000011525        405.81457406172439     
   14.603000000011525        409.07204533934026     
   14.623000000011526        415.16328293239820     
   14.643000000011526        418.71047153146566     
   14.663000000011525        422.31140703909267     
   14.683000000011525        428.23921924010142     
   14.703000000011526        431.05735504380641     
   14.723000000011526        438.58179325427767     
   14.743000000011525        443.22347013259002     
   14.763000000011525        448.60913875138891     
   14.783000000011526        455.17444656928774     
   14.803000000011526        463.84926723388907     
   14.823000000011525        468.96258531851527     
   14.843000000011525        473.32783318770157     
   14.863000000011525        477.00461855105476     
   14.883000000011526        483.10193428142344     
   14.903000000011525        485.76858985780353     
   14.923000000011525        491.04324893943016     
   14.943000000011525        496.41215336080245     
   14.963000000011526        501.77940306273200     
   14.983000000011526        503.89359388770350     
   15.003000000011525        506.06572686012197     
   15.023000000011525        508.42094334438201     
   15.043000000011526        511.05234762578874     
   15.063000000011526        513.98285801525151     
   15.083000000011525        517.16379841975868     
   15.103000000011525        520.51904391470987     
   15.123000000011526        524.02919562104137     
   15.143000000011526        527.58554842045203     
   15.163000000011525        530.76662242573150     
   15.183000000011525        533.54627993663371     
   15.203000000011526        538.85199658006763     
   15.223000000011526        544.14738545840828     
   15.243000000011525        548.57826215961620     
   15.263000000011525        552.63186972289827     
   15.283000000011526        558.69836850567924     
   15.303000000011526        568.05162834133409     
   15.323000000011525        573.11808654912522     
   15.343000000011525        577.70693639284480     
   15.363000000011525        585.87315436811775     
   15.383000000011526        589.72990509184808     
   15.403000000011525        593.08642142898680     
   15.423000000011525        595.58158431006495     
   15.443000000011525        606.71632704174090     
   15.463000000011526        611.30362760992762     
   15.483000000011526        619.79086070286701     
   15.503000000011525        623.61550814551140     
   15.523000000011525        627.07330174025697     
   15.543000000011526        630.19922703469149     
   15.563000000011526        633.04304433958100     
   15.583000000011525        635.64265182068107     
   15.603000000011525        637.99520528371170     
   15.623000000011526        644.53822343946842     
   15.643000000011526        646.41016145407627     
   15.663000000011525        650.07580661383793     
   15.683000000011525        651.63118130927808     
   15.703000000011526        653.14864533499690     
   15.723000000011526        654.63778256279829     
   15.743000000011525        656.17304695250255     
   15.763000000011525        657.80612049132378     
   15.783000000011526        659.53458352091513     
   15.803000000011526        661.36930877191469     
   15.823000000011525        663.33009824369049     
   15.843000000011525        665.44906075810309     
   15.863000000011526        667.66727544408843     
   15.883000000011526        674.28354867521455     
   15.903000000011525        675.87770388021170     
   15.923000000011525        684.07375449630831     
   15.943000000011525        692.50200617710004     
   15.963000000011526        695.66063827128585     
   15.983000000011526        698.42607276022420     
   16.003000000011525        700.80993011621115     
   16.023000000011525        702.80355177181150     
   16.043000000011524        704.37031835888320     
   16.063000000011524        705.52296912208840     
   16.083000000011527        706.30713068183138     
   16.103000000011527        706.76003885860962     
   16.123000000011526        706.94478925820226     
   16.143000000011526        706.93719340380596     
   16.163000000011525        711.00355114933654     
   16.183000000011525        710.60093477764576     
   16.203000000011524        709.90534264387634     
   16.223000000011524        708.84839592516948     
   16.243000000011527        712.10450190089205     
   16.263000000011527        710.48079554856315     
   16.283000000011526        708.72727321983200     
   16.303000000011526        706.80934768954273     
   16.323000000011525        704.51781549686905     
   16.343000000011525        703.03366598832054     
   16.363000000011525        706.67598923054504     
   16.383000000011524        705.88505167139328     
   16.403000000011524        704.69237861643319     
   16.423000000011527        703.07462636066066     
   16.443000000011526        701.04993298125817     
   16.463000000011526        698.65708373328494     
   16.483000000011526        695.89909736538698     
   16.503000000011525        692.79133510334577     
   16.523000000011525        689.36511193580475     
   16.543000000011524        685.68466093050927     
   16.563000000011524        681.83164346821604     
   16.583000000011527        677.84947227450186     
   16.603000000011527        673.79447974127095     
   16.623000000011526        669.69589999243226     
   16.643000000011526        665.48366761803936     
   16.663000000011525        661.08245134306264     
   16.683000000011525        661.77327410643534     
   16.703000000011524        661.80180218910243     
   16.723000000011524        658.66564547058522     
   16.743000000011527        655.13415289935119     
   16.763000000011527        651.15342279505842     
   16.783000000011526        649.18267223389148     
   16.803000000011526        644.40480069605985     
   16.823000000011525        643.30638558777184     
   16.843000000011525        638.37424788613248     
   16.863000000011525        633.25222741281505     
   16.883000000011524        630.97989854345690     
   16.903000000011524        625.54269169981364     
   16.923000000011527        620.14513085164015     
   16.943000000011526        619.59531806234190     
   16.963000000011526        614.25961087571500     
   16.983000000011526        608.96464450677126     
   17.003000000011525        607.66137173114635     
   17.023000000011525        602.70436944898984     
   17.043000000011524        597.69197284982022     
   17.063000000011524        598.98644942781823     
   17.083000000011527        594.05378020082787     
   17.103000000011527        594.07440623336106     
   17.123000000011526        589.55423668889364     
   17.143000000011526        586.06320843205242     
   17.163000000011525        582.52952561519635     
   17.183000000011525        578.26538789521442     
   17.203000000011524        574.90606102661025     
   17.223000000011524        571.54034218603033     
   17.243000000011527        572.78118784032995     
   17.263000000011527        569.19886429556880     
   17.283000000011526        565.34039497259494     
   17.303000000011526        561.17672568086982     
   17.323000000011525        558.46437493355279     
   17.343000000011525        556.58060599874761     
   17.363000000011525        553.05109624024396     
   17.383000000011524        549.79046413647973     
   17.403000000011527        546.94672527743262     
   17.423000000011527        543.93128963063157     
   17.443000000011526        544.42039180299082     
   17.463000000011526        540.88305304836422     
   17.483000000011526        541.74054989900549     
   17.503000000011525        537.83518473049469     
   17.523000000011525        533.81435390352271     
   17.543000000011524        529.68955506094369     
   17.563000000011524        525.41194412108257     
   17.583000000011527        525.72246011504251     
   17.603000000011527        522.15918448846787     
   17.623000000011526        517.93879170731475     
   17.643000000011526        519.32597936990283     
   17.663000000011525        516.14916434218219     
   17.683000000011525        512.81433919704489     
   17.703000000011524        509.35310939679897     
   17.723000000011524        505.92212025282367     
   17.743000000011527        502.57135534574866     
   17.763000000011527        499.29277445942262     
   17.783000000011526        496.13793650839347     
   17.803000000011526        493.18811992287988     
   17.823000000011525        490.48852895096013     
   17.843000000011525        487.96830458850440     
   17.863000000011525        489.91230276254407     
   17.883000000011524        487.83521044732288     
   17.903000000011527        489.69803624410707     
   17.923000000011527        487.82771529725755     
   17.943000000011526        490.06231350843882     
   17.963000000011526        494.39455740758638     
   17.983000000011526        493.23292143837239     
   18.003000000011525        492.26768099236546     
   18.023000000011525        495.66134204047148     
   18.043000000011524        495.04184302152834     
   18.063000000011524        494.54061942911613     
   18.083000000011527        494.14144372622195     
   18.103000000011527        498.36342971640261     
   18.123000000011526        498.16184449458842     
   18.143000000011526        498.10701799359686     
   18.163000000011525        502.93226060966816     
   18.183000000011525        503.24202831036871     
