   2.4000000004889444E-002   1435.6974041564558     
   4.4000000004889447E-002   1436.3282761059638     
   6.4000000004889451E-002   1437.0226683611754     
   8.4000000004889441E-002   1437.5160337787854     
  0.10400000000488945        1437.9235286938242     
  0.12400000000488945        1438.0858990422507     
  0.14400000000488944        1439.9115472528727     
  0.16400000000488946        1439.9927217088907     
  0.18400000000488945        1440.5861658492631     
  0.20400000000488944        1440.5804811464955     
  0.22400000000488945        1440.9574039831962     
  0.24400000000488944        1441.6899807448262     
  0.26400000000488943        1442.5586674736405     
  0.28400000000488945        1442.7032878499338     
  0.30400000000488947        1444.0414980952032     
  0.32400000000488943        1444.5547340267078     
  0.34400000000488945        1444.2405165734515     
  0.36400000000488947        1445.7045882102866     
  0.38400000000488943        1446.7481061288508     
  0.40400000000488945        1447.0716102826034     
  0.42400000000488947        1446.7609833413151     
  0.44400000000488943        1447.2862185009360     
  0.46400000000488945        1446.9255441055068     
  0.48400000000488946        1449.9251903328243     
  0.50400000000488943        1450.0451744648142     
  0.52400000000488944        1451.1728411611161     
  0.54400000000488946        1451.9105360830495     
  0.56400000000488948        1450.7870337265545     
  0.58400000000488950        1454.5309801844392     
  0.60400000000488940        1454.9545822088205     
  0.62400000000488942        1453.3541062673776     
  0.64400000000488944        1452.9545648405899     
  0.66400000000488946        1454.7580696250302     
  0.68400000000488947        1455.2460204932772     
  0.70400000000488949        1455.7647250992318     
  0.72400000000488951        1457.2876691851852     
  0.74400000000488942        1456.8981740829545     
  0.76400000000488943        1458.5861209186655     
  0.78400000000488945        1457.3640270996621     
  0.80400000000488947        1458.6510129046221     
  0.82400000000488949        1455.8538561011289     
  0.84400000000488951        1457.2427453758587     
  0.86400000000488941        1462.5438236852156     
  0.88400000000488943        1458.7558479231370     
  0.90400000000488945        1461.4656736393376     
  0.92400000000488947        1461.5005820945619     
  0.94400000000488948        1463.8754682166325     
  0.96400000000488950        1462.0977386426584     
  0.98400000000488941        1462.1040847564248     
   1.0040000000048894        1464.4657861270064     
   1.0240000000048894        1465.1261923777697     
   1.0440000000048895        1466.1398771029569     
   1.0640000000048895        1466.7908703241621     
   1.0840000000048895        1467.2878873538559     
   1.1040000000048895        1469.8992497655445     
   1.1240000000048895        1466.0136237486111     
   1.1440000000048896        1465.9969912056465     
   1.1640000000048896        1471.0268797948147     
   1.1840000000048894        1470.3552123254110     
   1.2040000000048894        1473.4387715680959     
   1.2240000000048894        1471.2178120396188     
   1.2440000000048894        1467.1591906219371     
   1.2640000000048894        1473.4857898743728     
   1.2840000000048895        1472.7477691445501     
   1.3040000000048895        1476.4736302861695     
   1.3240000000048895        1477.7116489747416     
   1.3440000000048895        1478.6475779856348     
   1.3640000000048895        1471.8583997830576     
   1.3840000000048895        1471.6746282448914     
   1.4040000000048896        1475.6625580598102     
   1.4240000000048896        1475.0072560065303     
   1.4440000000048894        1473.6867773485171     
   1.4640000000048894        1480.2548385959726     
   1.4840000000048894        1484.7478175856745     
   1.5040000000048894        1482.3577065906381     
   1.5240000000048894        1477.8707445344755     
   1.5440000000048895        1483.9375029415551     
   1.5640000000048895        1479.4610802753923     
   1.5840000000048895        1479.7262655726822     
   1.6040000000048895        1483.4842730912223     
   1.6240000000048895        1484.8459134849979     
   1.6440000000048896        1486.9501839344309     
   1.6640000000048896        1484.5054505809203     
   1.6840000000048896        1481.1520050705751     
   1.7040000000048894        1488.9087225142289     
   1.7240000000048894        1493.0142918133533     
   1.7440000000048894        1493.6239907124659     
   1.7640000000048894        1486.8109800186630     
   1.7840000000048895        1485.3330124900524     
   1.8040000000048895        1488.1155306090168     
   1.8240000000048895        1487.2675042983726     
   1.8440000000048895        1491.0269437843986     
   1.8640000000048895        1495.9602804325268     
   1.8840000000048895        1497.7311990164635     
   1.9040000000048896        1492.4859838757320     
   1.9240000000048896        1486.6595297343715     
   1.9440000000048894        1493.1208665238505     
   1.9640000000048894        1493.4040960609013     
   1.9840000000048894        1499.2010270157000     
   2.0040000000048894        1500.7521941261427     
   2.0240000000048894        1496.4400669873098     
   2.0440000000048895        1494.9402224445307     
   2.0640000000048895        1494.0242745874227     
   2.0840000000048895        1495.7686563812151     
   2.1040000000048895        1498.7438621843789     
   2.1240000000048895        1502.5580169959978     
   2.1440000000048896        1503.6539640832784     
   2.1640000000048896        1503.8175908133533     
   2.1840000000048896        1503.2464812728631     
   2.2040000000048896        1499.4512800383845     
   2.2240000000048896        1500.6619418013911     
   2.2440000000048896        1496.8124274883703     
   2.2640000000048897        1498.7691165118167     
   2.2840000000048897        1496.3549058017484     
   2.3040000000048897        1506.2796316638976     
   2.3240000000048897        1501.3764848663679     
   2.3440000000048893        1502.9966491086598     
   2.3640000000048893        1509.0371380344079     
   2.3840000000048893        1507.4815216977129     
   2.4040000000048893        1508.1055656028243     
   2.4240000000048894        1510.6213935513865     
   2.4440000000048894        1506.2731618949977     
   2.4640000000048894        1498.1525460105388     
   2.4840000000048894        1497.5277479523040     
   2.5040000000048894        1503.8732570351212     
   2.5240000000048894        1513.7100816233644     
   2.5440000000048895        1521.5711331879065     
   2.5640000000048895        1520.6416656161100     
   2.5840000000048895        1517.0240090459836     
   2.6040000000048895        1519.9806216037703     
   2.6240000000048895        1521.9331509659814     
   2.6440000000048896        1519.8925939623532     
   2.6640000000048896        1521.1720271848405     
   2.6840000000048896        1519.5009221567618     
   2.7040000000048896        1513.4854083920579     
   2.7240000000048896        1514.9870744137415     
   2.7440000000048896        1511.0787232110542     
   2.7640000000048897        1517.1941546399482     
   2.7840000000048897        1518.3945712965055     
   2.8040000000048897        1521.4748400264727     
   2.8240000000048897        1523.4847687312940     
   2.8440000000048893        1520.3970231597398     
   2.8640000000048893        1522.3371711356695     
   2.8840000000048893        1518.3798144412108     
   2.9040000000048893        1525.2790160524851     
   2.9240000000048894        1526.6484769137119     
   2.9440000000048894        1530.6570636379683     
   2.9640000000048894        1534.2427315393286     
   2.9840000000048894        1533.9661934841856     
   3.0040000000048894        1533.2248736854406     
   3.0240000000048894        1530.3232665356788     
   3.0440000000048895        1522.5465305040404     
   3.0640000000048895        1526.1840772005385     
   3.0840000000048895        1529.8883411095505     
   3.1040000000048895        1529.6112567033831     
   3.1240000000048895        1529.5252098688502     
   3.1440000000048896        1533.2850274412901     
   3.1640000000048896        1532.9489360343596     
   3.1840000000048896        1533.1338585823689     
   3.2040000000048896        1538.9487713083076     
   3.2240000000048896        1540.6991467356015     
   3.2440000000048896        1541.1473059256741     
   3.2640000000048897        1542.0224002444199     
   3.2840000000048897        1543.6711224923117     
   3.3040000000048897        1543.8122635331963     
   3.3240000000048897        1541.9163359114032     
   3.3440000000048897        1542.6811829567966     
   3.3640000000048893        1533.0595541771563     
   3.3840000000048893        1538.7478284687247     
   3.4040000000048893        1540.4627350700664     
   3.4240000000048894        1537.8442281740620     
   3.4440000000048894        1538.6195189385887     
   3.4640000000048894        1547.4995826958284     
   3.4840000000048894        1545.0454159799604     
   3.5040000000048894        1542.9803330260841     
   3.5240000000048894        1539.4168100011066     
   3.5440000000048895        1544.1767575410004     
   3.5640000000048895        1543.5008034103714     
   3.5840000000048895        1542.8288621545034     
   3.6040000000048895        1547.8404338422424     
   3.6240000000048895        1550.8046286514432     
   3.6440000000048896        1547.9986936681780     
   3.6640000000048896        1546.4132274648941     
   3.6840000000048896        1551.9887050811824     
   3.7040000000048896        1551.5745903669001     
   3.7240000000048896        1553.7256878369390     
   3.7440000000048896        1555.6534583006469     
   3.7640000000048897        1554.5937215692056     
   3.7840000000048897        1553.1485467238567     
   3.8040000000048897        1554.4257574593742     
   3.8240000000048897        1554.2995735877487     
   3.8440000000048897        1544.7397656236324     
   3.8640000000048893        1543.6454348710458     
   3.8840000000048893        1545.4283650076918     
   3.9040000000048893        1545.0175963708696     
   3.9240000000048894        1550.5730861632367     
   3.9440000000048894        1553.6242637770156     
   3.9640000000048894        1555.2608584986235     
   3.9840000000048894        1556.5592493597617     
   4.0040000000048899        1556.5278870700986     
   4.0240000000048894        1551.7507954524856     
   4.0440000000048899        1550.8153406140698     
   4.0640000000048895        1539.4144703197596     
   4.0840000000048899        1544.5170225501045     
   4.1040000000048895        1539.0534395521242     
   4.1240000000048891        1533.1143871120726     
   4.1440000000048896        1539.4638572719400     
   4.1640000000048891        1539.9734023124633     
   4.1840000000048896        1544.6103239630838     
   4.2040000000048892        1546.8658894051382     
   4.2240000000048896        1549.3140264826609     
   4.2440000000048892        1555.1727942943544     
   4.2640000000048897        1556.0013119335649     
   4.2840000000048892        1560.5408561551542     
   4.3040000000048897        1563.0800204657630     
   4.3240000000048893        1565.9374748240341     
   4.3440000000048897        1568.2649676343115     
   4.3640000000048893        1574.3169077541161     
   4.3840000000048898        1572.8570063044040     
   4.4040000000048893        1579.7468948019475     
   4.4240000000048898        1577.2786203830406     
   4.4440000000048894        1582.2983243573037     
   4.4640000000048898        1583.5716033291455     
   4.4840000000048894        1576.0470378418238     
   4.5040000000048899        1574.0904583252834     
   4.5240000000048894        1569.3070600364360     
   4.5440000000048899        1571.5001118953280     
   4.5640000000048895        1562.9484299619348     
   4.5840000000048899        1564.7751250824231     
   4.6040000000048895        1575.4733910611014     
   4.6240000000048900        1575.2790397964188     
   4.6440000000048896        1572.0328988733124     
   4.6640000000048891        1579.2145608509422     
   4.6840000000048896        1582.0057530365443     
   4.7040000000048892        1578.0416800917885     
   4.7240000000048896        1581.1902751352561     
   4.7440000000048892        1576.8890018797915     
   4.7640000000048897        1580.3796110944436     
   4.7840000000048892        1585.5703568297643     
   4.8040000000048897        1587.0321509528362     
   4.8240000000048893        1588.7112545868179     
   4.8440000000048897        1590.1888772123830     
   4.8640000000048893        1590.5586644922541     
   4.8840000000048898        1590.1600396437927     
   4.9040000000048893        1591.2936490624259     
   4.9240000000048898        1593.0007678810107     
   4.9440000000048894        1595.3683922438302     
   4.9640000000048898        1595.7230562915747     
   4.9840000000048894        1598.4404580961343     
   5.0040000000048899        1598.7324315590135     
   5.0240000000048894        1598.9070408385919     
   5.0440000000048899        1609.3960995968380     
   5.0640000000048895        1612.0021240451385     
   5.0840000000048899        1613.6667801187482     
   5.1040000000048895        1616.0532433728836     
   5.1240000000048900        1620.2112395308654     
   5.1440000000048896        1622.2329691635050     
   5.1640000000048891        1623.1144032379636     
   5.1840000000048896        1627.2810528554378     
   5.2040000000048892        1630.2478675816883     
   5.2240000000048896        1633.1070747521410     
   5.2440000000048892        1636.5272127565229     
   5.2640000000048897        1636.6152332268846     
   5.2840000000048892        1635.3764540649715     
   5.3040000000048897        1636.8015086410794     
   5.3240000000048893        1646.9471072103820     
   5.3440000000048897        1650.5619379502214     
   5.3640000000048893        1649.6578764474434     
   5.3840000000048898        1651.5644692865928     
   5.4040000000048893        1655.2019908620271     
   5.4240000000048898        1653.8676775895526     
   5.4440000000048894        1656.7275485624914     
   5.4640000000048898        1657.0794195155338     
   5.4840000000048894        1655.4186420198687     
   5.5040000000048899        1663.5292490774611     
   5.5240000000048894        1668.2780444434518     
   5.5440000000048899        1668.9222603271426     
   5.5640000000048895        1671.0408825472816     
   5.5840000000048899        1669.7911866414047     
   5.6040000000048895        1667.6861393150130     
   5.6240000000048900        1658.6803531240637     
   5.6440000000048896        1663.3955919043799     
   5.6640000000048891        1659.2339831033478     
   5.6840000000048896        1645.3867466299121     
   5.7040000000048892        1640.2720212715253     
   5.7240000000048896        1634.4606154447438     
   5.7440000000048892        1629.2084139671231     
   5.7640000000048897        1627.9867118453947     
   5.7840000000048892        1617.2557029115078     
   5.8040000000048897        1615.9703616199688     
   5.8240000000048893        1614.3380793458587     
   5.8440000000048897        1614.2044228202153     
   5.8640000000048893        1610.0240281748247     
   5.8840000000048898        1611.9793554330440     
   5.9040000000048893        1610.9644819663304     
   5.9240000000048898        1616.7028899914153     
   5.9440000000048894        1616.0976414831939     
   5.9640000000048898        1615.6083244044039     
   5.9840000000048894        1615.5859102820978     
   6.0040000000048899        1615.5628357724092     
   6.0240000000048894        1616.1503454532972     
   6.0440000000048899        1616.7459542920731     
   6.0640000000048895        1615.8471121130272     
   6.0840000000048899        1607.8801547248302     
   6.1040000000048895        1608.2002528359187     
   6.1240000000048900        1615.9572066480830     
   6.1440000000048896        1613.6709240817820     
   6.1640000000048900        1617.2118630728758     
   6.1840000000048896        1608.4677482188843     
   6.2040000000048892        1616.1898106172621     
   6.2240000000048896        1624.4881026153744     
   6.2440000000048892        1626.3788540981079     
   6.2640000000048897        1631.4269284733286     
   6.2840000000048892        1631.3367779142802     
   6.3040000000048897        1638.2170082873383     
   6.3240000000048893        1638.6217322534719     
   6.3440000000048897        1638.9889200466014     
   6.3640000000048893        1639.3354770519379     
   6.3840000000048898        1637.8381932983477     
   6.4040000000048893        1641.0250899935515     
   6.4240000000048898        1638.2370952622059     
   6.4440000000048894        1634.9341697430614     
   6.4640000000048898        1632.6166810762636     
   6.4840000000048894        1634.3497632404735     
   6.5040000000048899        1630.9932696041171     
   6.5240000000048894        1627.3875640170961     
   6.5440000000048899        1624.6212511456988     
   6.5640000000048895        1622.2062934659129     
   6.5840000000048899        1615.7852757807393     
   6.6040000000048895        1617.3281905373585     
   6.6240000000048900        1614.3948916181228     
   6.6440000000048896        1607.5905903267333     
   6.6640000000048900        1605.4188688635161     
   6.6840000000048896        1605.2042450373822     
   6.7040000000048892        1601.9986790809919     
   6.7240000000048896        1594.8485145466914     
   6.7440000000048892        1586.0411888950937     
   6.7640000000048897        1587.2331525258235     
   6.7840000000048892        1585.9153355115679     
   6.8040000000048897        1590.4154892538793     
   6.8240000000048893        1585.7935044624867     
   6.8440000000048897        1582.9542471823468     
   6.8640000000048893        1586.9729463700251     
   6.8840000000048898        1592.6373661125081     
   6.9040000000048893        1605.2403730336912     
   6.9240000000048898        1611.0079284059018     
   6.9440000000048894        1606.9002870222891     
   6.9640000000048898        1613.8433943783973     
   6.9840000000048894        1617.0395095202566     
   7.0040000000048899        1620.3459412173372     
   7.0240000000048894        1622.1121595126051     
   7.0440000000048899        1622.6174073593043     
   7.0640000000048895        1626.2589422374670     
   7.0840000000048899        1631.0824264338366     
   7.1040000000048895        1628.1704872951916     
   7.1240000000048900        1631.2304658063440     
   7.1440000000048896        1636.5478532244090     
   7.1640000000048900        1642.1891744404224     
   7.1840000000048896        1643.4300624520361     
   7.2040000000048892        1645.6571834058200     
   7.2240000000048896        1648.7191648230375     
   7.2440000000048892        1651.9039310566918     
   7.2640000000048897        1653.5850393893386     
   7.2840000000048892        1653.0290590024936     
   7.3040000000048897        1653.1229290622493     
   7.3240000000048893        1653.3751223284548     
   7.3440000000048897        1657.0570360159797     
   7.3640000000048893        1656.6641515519864     
   7.3840000000048898        1653.3970624099422     
   7.4040000000048893        1649.2272748392081     
   7.4240000000048898        1643.8981701142154     
   7.4440000000048894        1646.9254879562025     
   7.4640000000048898        1642.5980443258577     
   7.4840000000048894        1637.9488156651430     
   7.5040000000048899        1632.7726358088175     
   7.5240000000048894        1630.8648205250549     
   7.5440000000048899        1623.0326210761311     
   7.5640000000048895        1616.9424230719026     
   7.5840000000048899        1610.7853756666243     
   7.6040000000048895        1604.6469017406946     
   7.6240000000048900        1598.2093040719685     
   7.6440000000048896        1593.2385726386231     
   7.6640000000048900        1586.7576553077170     
   7.6840000000048896        1584.0781480274977     
   7.7040000000048892        1579.9728203199832     
   7.7240000000048896        1571.1776302937815     
   7.7440000000048892        1565.6086851646946     
   7.7640000000048897        1561.1035302522125     
   7.7840000000048892        1559.7903090009629     
   7.8040000000048897        1553.1048974035868     
   7.8240000000048893        1551.6713118354317     
   7.8440000000048897        1545.6831566812386     
   7.8640000000048893        1537.8725880121119     
   7.8840000000048898        1533.9636749262975     
   7.9040000000048893        1529.4685831010602     
   7.9240000000048898        1525.2466335000563     
   7.9440000000048894        1522.1855000617161     
   7.9640000000048898        1519.4752589493867     
   7.9840000000048894        1518.6006823014782     
   8.0040000000048899        1518.7314358417002     
   8.0240000000048894        1511.9919014033251     
   8.0440000000048890        1512.8410703713457     
   8.0640000000048904        1510.8403727816465     
   8.0840000000048899        1510.0229941598841     
   8.1040000000048895        1511.0439640589445     
   8.1240000000048891        1510.4204807973010     
   8.1440000000048904        1519.9026373134318     
   8.1640000000048900        1520.4419373633707     
   8.1840000000048896        1521.4689607875212     
   8.2040000000048892        1523.7050531738714     
   8.2240000000048887        1531.0748139644256     
   8.2440000000048901        1539.8059477610939     
   8.2640000000048897        1544.5832334642503     
   8.2840000000048892        1551.6712755698695     
   8.3040000000048888        1556.6569221763129     
   8.3240000000048902        1562.1591453773458     
   8.3440000000048897        1567.8595178825967     
   8.3640000000048893        1573.8141482933763     
   8.3840000000048889        1579.3482867481482     
   8.4040000000048902        1591.9324074054439     
   8.4240000000048898        1597.1387031377744     
   8.4440000000048894        1610.3622951046943     
   8.4640000000048889        1620.0032528546860     
   8.4840000000048903        1630.1935868279284     
   8.5040000000048899        1636.3930462314433     
   8.5240000000048894        1646.0103946679881     
   8.5440000000048890        1659.9455135545388     
   8.5640000000048904        1670.2115015445484     
   8.5840000000048899        1676.1546251441446     
   8.6040000000048895        1686.0605811906069     
   8.6240000000048891        1691.4143672698024     
   8.6440000000048904        1700.4643553544670     
   8.6640000000048900        1709.8403089459898     
   8.6840000000048896        1714.8844967550658     
   8.7040000000048892        1724.6967102295441     
   8.7240000000048905        1729.9368375458521     
   8.7440000000048901        1734.7692753418899     
   8.7640000000048897        1732.0343944241179     
   8.7840000000048892        1737.0847123973970     
   8.8040000000048888        1749.9933002520418     
   8.8240000000048902        1754.1150912737858     
   8.8440000000048897        1760.9505845366175     
   8.8640000000048893        1768.9935917026321     
   8.8840000000048889        1777.1920674733806     
   8.9040000000048902        1781.1548804652468     
   8.9240000000048898        1786.7194086662066     
   8.9440000000048894        1788.1924528055767     
   8.9640000000048889        1790.1922833692381     
   8.9840000000048903        1779.2868998986414     
   9.0040000000048899        1779.7970349755105     
   9.0240000000048894        1779.5533984664269     
   9.0440000000048890        1767.4699797434371     
   9.0640000000048904        1772.4757649365677     
   9.0840000000048899        1772.5806314494785     
   9.1040000000048895        1764.3939582888188     
   9.1240000000048891        1764.0187842734940     
   9.1440000000048904        1763.5090615289048     
   9.1640000000048900        1768.0866190374518     
   9.1840000000048896        1772.6098660987991     
   9.2040000000048892        1777.1768527144879     
   9.2240000000048905        1784.1302912599324     
   9.2440000000048901        1781.4145855390698     
   9.2640000000048897        1780.0117091326670     
   9.2840000000048892        1775.8594244914561     
   9.3040000000048888        1790.7611828800750     
   9.3240000000048902        1793.9525657337356     
   9.3440000000048897        1800.9814095834206     
   9.3640000000048893        1799.9872963633065     
   9.3840000000048889        1782.7185374838607     
   9.4040000000048902        1789.2060912748580     
   9.4240000000048898        1785.3123294324268     
   9.4440000000048894        1785.5039092373620     
   9.4640000000048889        1787.0751951056925     
   9.4840000000048903        1768.5669815067242     
   9.5040000000048899        1766.5521533517167     
   9.5240000000048894        1766.5036344367697     
   9.5440000000048890        1766.5951713431537     
   9.5640000000048904        1769.5381719712207     
   9.5840000000048899        1771.2402996956921     
   9.6040000000048895        1771.5737279252330     
   9.6240000000048891        1769.8472497448961     
   9.6440000000048904        1771.9042957634847     
   9.6640000000048900        1774.5620317136006     
   9.6840000000048896        1772.8842421411050     
   9.7040000000048892        1771.2475005352735     
   9.7240000000048905        1774.4532243806914     
   9.7440000000048901        1774.2523076550726     
   9.7640000000048897        1773.6162762544272     
   9.7840000000048892        1773.0197400915204     
   9.8040000000048888        1772.3134414411327     
   9.8240000000048902        1771.4177182105161     
   9.8440000000048897        1772.3714710801689     
   9.8640000000048893        1779.5246962142523     
   9.8840000000048889        1779.9012803686737     
   9.9040000000048902        1780.4107665424190     
   9.9240000000048898        1780.9882381833588     
   9.9440000000048894        1781.6063137071599     
   9.9640000000048889        1782.2541107572727     
   9.9840000000048903        1782.9449986232560     
   10.004000000004890        1783.7264993430351     
   10.024000000004889        1784.6421171421450     
   10.044000000004889        1785.7170223130945     
   10.064000000004890        1786.9147993081904     
   10.084000000004890        1788.2489233204885     
   10.104000000004890        1789.7518031185105     
   10.124000000004889        1791.4076364604598     
   10.144000000004890        1793.2529661301974     
   10.164000000004890        1800.0677300079342     
   10.184000000004890        1806.3123490196153     
   10.204000000004889        1812.5980464981758     
   10.224000000004891        1815.7179154363832     
   10.244000000004890        1818.6073256854311     
   10.264000000004890        1821.2446170720946     
   10.284000000004889        1825.7027155346887     
   10.304000000004889        1829.0778306475349     
   10.324000000004890        1832.5317370244836     
   10.344000000004890        1835.8635951935996     
   10.364000000004889        1842.5046711239006     
   10.384000000004889        1845.5670685590637     
   10.404000000004890        1854.8023121078031     
   10.424000000004890        1855.8065358968179     
   10.444000000004889        1859.0787956311942     
   10.464000000004889        1862.3666210268295     
   10.484000000004890        1862.0092278847519     
   10.504000000004890        1866.8825173315786     
   10.524000000004889        1870.5934717951839     
   10.544000000004889        1873.8146700093225     
   10.564000000004890        1874.9392264767903     
   10.584000000004890        1877.9685268188757     
   10.604000000004890        1881.1056326241494     
   10.624000000004889        1884.3639599055309     
   10.644000000004890        1893.5710674356947     
   10.664000000004890        1896.6168918189976     
   10.684000000004890        1899.7696449098660     
   10.704000000004889        1892.7025982298387     
   10.724000000004891        1896.1076786005360     
   10.744000000004890        1905.6292843191525     
   10.764000000004890        1908.9429561514726     
   10.784000000004889        1914.6412132263920     
   10.804000000004889        1927.1597443369790     
   10.824000000004890        1930.3796069301748     
   10.844000000004890        1933.4602714175990     
   10.864000000004889        1936.4049428841988     
   10.884000000004889        1925.1145669576233     
   10.904000000004890        1934.1329188538123     
   10.924000000004890        1935.8709016324783     
   10.944000000004889        1937.6030672370732     
   10.964000000004889        1923.5043850401075     
   10.984000000004890        1927.7869743661254     
   11.004000000004890        1940.5353950063568     
   11.024000000004889        1942.1927858573997     
   11.044000000004889        1946.0333238772184     
   11.064000000004890        1949.2105886121817     
   11.084000000004890        1950.9855308172289     
   11.104000000004890        1950.6461535319761     
   11.124000000004889        1949.8222868762055     
   11.144000000004890        1948.6518963364572     
   11.164000000004890        1947.3176775771958     
   11.184000000004890        1946.0904886829730     
   11.204000000004889        1943.8749010225813     
   11.224000000004891        1941.2789735782735     
   11.244000000004890        1938.2810448694643     
   11.264000000004890        1934.9266077949867     
   11.284000000004889        1938.2150519276859     
   11.304000000004889        1934.3113998405190     
   11.324000000004890        1930.2858913049224     
   11.344000000004890        1926.0983086675938     
   11.364000000004889        1921.7007007272960     
   11.384000000004889        1917.1079432482495     
   11.404000000004890        1912.3837232685087     
   11.424000000004890        1907.7860627325747     
   11.444000000004889        1902.8563661640912     
   11.464000000004889        1897.8161207064834     
   11.484000000004890        1894.6686860602299     
   11.504000000004890        1895.6673292150583     
   11.524000000004889        1895.8147906401173     
   11.544000000004889        1870.1340814562327     
   11.564000000004890        1864.5609496167374     
   11.584000000004890        1859.0506974792966     
   11.604000000004890        1860.4253796323883     
   11.624000000004889        1860.4822294677499     
   11.644000000004890        1860.6932739529454     
   11.664000000004890        1860.6383929574745     
   11.684000000004890        1863.3030191312992     
   11.704000000004889        1859.8462175433567     
   11.724000000004891        1856.4681046895112     
   11.744000000004890        1867.7102759949421     
   11.764000000004890        1863.7266027813973     
   11.784000000004889        1859.8850788485429     
   11.804000000004889        1863.3450449043517     
   11.824000000004890        1866.2498170416841     
   11.844000000004890        1867.8865172320086     
   11.864000000004889        1867.5557672670427     
   11.884000000004889        1864.2840356242214     
   11.904000000004890        1863.7367957373606     
   11.924000000004890        1860.9808061684114     
   11.944000000004889        1862.3824060706786     
   11.964000000004889        1865.0869126367270     
   11.984000000004890        1862.5332838651511     
   12.004000000004890        1866.3750332416250     
   12.024000000004889        1868.3965373712028     
   12.044000000004889        1863.2560744035266     
   12.064000000004890        1875.8536759847436     
   12.084000000004890        1873.5016192760529     
   12.104000000004890        1871.2947092425450     
   12.124000000004889        1869.2308037147900     
   12.144000000004890        1867.2597228033242     
   12.164000000004890        1843.2610839064057     
   12.184000000004890        1843.4426655307407     
   12.204000000004889        1842.5065371020225     
   12.224000000004891        1841.8521838033889     
   12.244000000004890        1849.0854915652665     
   12.264000000004890        1849.1263919664646     
   12.284000000004889        1827.9126727286750     
   12.304000000004891        1828.8427751295317     
   12.324000000004890        1837.8463036683609     
   12.344000000004890        1839.3672062563664     
   12.364000000004889        1815.5347972039128     
   12.384000000004889        1816.5596595950151     
   12.404000000004890        1833.0112832557929     
   12.424000000004890        1834.5284790280912     
   12.444000000004889        1836.2892990220455     
   12.464000000004889        1838.2698376796393     
   12.484000000004890        1840.3425842689956     
   12.504000000004890        1842.3816747787964     
   12.524000000004889        1852.1194617443482     
   12.544000000004889        1861.6536292830669     
   12.564000000004890        1863.7244102811214     
   12.584000000004890        1861.6094863369556     
   12.604000000004890        1877.0147823606060     
   12.624000000004889        1877.4491511985170     
   12.644000000004890        1877.6491924239201     
   12.664000000004890        1877.8487834348739     
   12.684000000004890        1878.2619245406474     
   12.704000000004889        1878.9111537986787     
   12.724000000004891        1879.7495133001655     
   12.744000000004890        1880.6422384983775     
   12.764000000004890        1878.9673670701511     
   12.784000000004889        1884.0688985507836     
   12.804000000004891        1891.1556291150766     
   12.824000000004890        1890.4009594435252     
   12.844000000004890        1887.7896412790788     
   12.864000000004889        1886.3115678262693     
   12.884000000004889        1884.5019161070591     
   12.904000000004890        1882.3369904872229     
   12.924000000004890        1880.0912309145483     
   12.944000000004889        1877.8442502458017     
   12.964000000004889        1883.0117625500418     
   12.984000000004890        1880.7309134559341     
   13.004000000004890        1878.5054805077214     
   13.024000000004889        1876.4218097086869     
   13.044000000004889        1874.5382445785222     
   13.064000000004890        1872.8694005892607     
   13.084000000004890        1871.4129621573379     
   13.104000000004890        1870.1606960092515     
   13.124000000004889        1869.1105881787935     
   13.144000000004890        1853.6728684239595     
   13.164000000004890        1852.6205093232807     
   13.184000000004890        1851.2508673027471     
   13.204000000004889        1849.4908515727291     
   13.224000000004891        1847.3564254172077     
   13.244000000004890        1844.9248891859640     
   13.264000000004890        1825.1001583514762     
   13.284000000004889        1822.4991414157707     
   13.304000000004891        1819.7538756973915     
   13.324000000004890        1816.8318662696108     
   13.344000000004890        1813.7392743323060     
   13.364000000004889        1810.4910214583156     
   13.384000000004889        1807.1130405337958     
   13.404000000004890        1803.6399988451321     
   13.424000000004890        1800.1028325390425     
   13.444000000004889        1796.5189936677357     
   13.464000000004889        1758.0195100428305     
   13.484000000004890        1754.3163906431316     
   13.504000000004890        1750.6785364940895     
   13.524000000004889        1747.1603259640649     
   13.544000000004889        1723.5917155221923     
   13.564000000004890        1725.9042556598376     
   13.584000000004890        1722.7879916277561     
   13.604000000004890        1727.8678212495449     
   13.624000000004889        1724.9054281490698     
   13.644000000004890        1707.6483598262594     
   13.664000000004890        1703.8811628785647     
   13.684000000004890        1699.9257994050549     
   13.704000000004889        1682.3342954280681     
   13.724000000004891        1678.8147740725758     
   13.744000000004890        1675.3047206264698     
   13.764000000004890        1679.7360933016678     
   13.784000000004889        1676.1276900666469     
   13.804000000004891        1683.3253452509214     
   13.824000000004890        1687.1180166020731     
   13.844000000004890        1683.1703006662024     
   13.864000000004889        1679.4567883562013     
   13.884000000004889        1663.8671944213590     
   13.904000000004890        1660.3625910016858     
   13.924000000004890        1656.9493741671965     
   13.944000000004889        1653.1656940042640     
   13.964000000004889        1648.7400251904085     
   13.984000000004890        1643.9945175129435     
   14.004000000004890        1639.7173792570497     
   14.024000000004889        1635.5191886213838     
   14.044000000004889        1626.9603572782728     
   14.064000000004890        1594.3603161408776     
   14.084000000004890        1589.4606347850367     
   14.104000000004890        1584.4012337342663     
   14.124000000004889        1579.1649541628235     
   14.144000000004890        1573.8064751236041     
   14.164000000004890        1568.2303850277744     
   14.184000000004890        1569.2636828156810     
   14.204000000004889        1534.3843838177715     
   14.224000000004891        1527.4911468198598     
   14.244000000004890        1520.2748818187652     
   14.264000000004890        1520.2355001251960     
   14.284000000004889        1512.5948841618008     
   14.304000000004891        1504.6752814994643     
   14.324000000004890        1503.8633090102783     
   14.344000000004890        1495.6765992626899     
   14.364000000004889        1487.2796156351410     
   14.384000000004889        1478.3426314851283     
   14.404000000004890        1469.1844392788125     
   14.424000000004890        1465.5303442007614     
   14.444000000004889        1456.1830433021753     
   14.464000000004889        1452.4727812714723     
   14.484000000004890        1442.8475247512549     
   14.504000000004890        1433.0456594370667     
   14.524000000004889        1422.9164945687760     
   14.544000000004889        1412.1726464744706     
   14.564000000004890        1400.6869183499209     
   14.584000000004890        1389.2165338420114     
   14.604000000004890        1377.6956082800207     
   14.624000000004889        1366.2021288563017     
   14.644000000004890        1354.6586814148286     
   14.664000000004890        1343.1376851785217     
   14.684000000004890        1330.8250880198098     
   14.704000000004889        1318.8372983152108     
   14.724000000004891        1302.2759488215752     
   14.744000000004890        1286.0893524009196     
   14.764000000004890        1272.7666140939657     
   14.784000000004889        1257.5387140100420     
   14.804000000004891        1243.7857770700509     
   14.824000000004890        1229.8458943107369     
   14.844000000004890        1215.7649253464049     
   14.864000000004889        1201.5315753639036     
   14.884000000004889        1187.1328257342489     
   14.904000000004890        1172.5388949445148     
   14.924000000004890        1157.7081667261768     
   14.944000000004889        1142.5984102198593     
   14.964000000004889        1127.1782226107141     
   14.984000000004890        1111.4439385544263     
   15.004000000004890        1095.4077983542220     
   15.024000000004889        1079.1217779387759     
   15.044000000004889        1062.7059073300209     
   15.064000000004890        1046.2263878884548     
   15.084000000004890        1029.7118650091968     
   15.104000000004890        1013.2324456097348     
   15.124000000004889        996.73966737787350     
   15.144000000004890        980.19958586681526     
   15.164000000004890        963.60170118047620     
   15.184000000004890        947.01643601638295     
   15.204000000004889        930.51502117847667     
   15.224000000004891        909.16118645170127     
   15.244000000004890        892.71597492675960     
   15.264000000004890        876.23991388750949     
   15.284000000004889        857.85722112056396     
   15.304000000004891        839.15065473669961     
   15.324000000004890        822.94501259305173     
   15.344000000004890        809.01159024602964     
   15.364000000004889        792.73838104514459     
   15.384000000004889        776.33425405587047     
   15.404000000004890        762.52568310467063     
   15.424000000004890        742.67526958710846     
   15.444000000004889        726.30826929010436     
   15.464000000004889        709.98312961648219     
   15.484000000004890        694.51790437232000     
   15.504000000004890        673.30892031774556     
   15.524000000004889        657.79989954322593     
   15.544000000004889        642.37147014648701     
   15.564000000004890        627.03221016530415     
   15.584000000004890        606.16001029405140     
   15.604000000004890        591.21674043991891     
   15.624000000004889        570.34832375273209     
   15.644000000004890        555.45201053229050     
   15.664000000004890        539.50010469647395     
   15.684000000004890        525.31315586114079     
   15.704000000004889        511.23742845458759     
   15.724000000004891        480.46210558184930     
   15.744000000004890        466.95203364859935     
   15.764000000004890        448.18840446479169     
   15.784000000004889        434.11715911398238     
   15.804000000004891        421.19497984045404     
   15.824000000004890        408.44245787796950     
   15.844000000004890        395.86111194696787     
   15.864000000004889        378.63414274319172     
   15.884000000004891        366.91609687057803     
   15.904000000004890        349.83782397825735     
   15.924000000004890        338.91477870105615     
   15.944000000004889        327.09388435063039     
   15.964000000004889        307.81575569219819     
   15.984000000004890        296.34028286700971     
   16.004000000004890        285.99014286362319     
   16.024000000004889        275.85051337692539     
   16.044000000004889        265.84963011595471     
   16.064000000004889        248.98840756544348     
   16.084000000004888        238.90760572763739     
   16.104000000004891        229.68737028271431     
   16.124000000004891        220.51562452396564     
   16.144000000004890        211.41587659323383     
   16.164000000004890        197.04897863205568     
   16.184000000004890        178.05854841285193     
   16.204000000004889        169.67797961540541     
   16.224000000004889        161.47850089323933     
   16.244000000004888        146.01223291674620     
   16.264000000004891        138.94457050467591     
   16.284000000004891        131.94556008325688     
   16.304000000004891        125.00985770498373     
   16.324000000004890        118.26985381542738     
   16.344000000004890        111.72964444929630     
   16.364000000004889        105.35523194839296     
   16.384000000004889        99.153983350882172     
   16.404000000004888        86.402666379748311     
   16.424000000004888        74.146205344822263     
   16.444000000004891        69.756187157463060     
   16.464000000004891        65.488290964947623     
   16.484000000004890        58.162661166181877     
   16.504000000004890        51.325098114806053     
   16.524000000004889        47.964793395017281     
   16.544000000004889        44.686187049884303     
   16.564000000004889        41.498121895609991     
   16.584000000004888        38.412977604592534     
   16.604000000004891        35.449059006567900     
   16.624000000004891        32.623547035822767     
   16.644000000004890        29.931433446865107     
   16.664000000004890        27.353173343573861     
   16.684000000004890        24.872355214438663     
   16.704000000004889        22.495873228170176     
   16.724000000004889        20.236017766927890     
   16.744000000004888        18.101383338239991     
   16.764000000004891        16.087591953203177     
   16.784000000004891        14.183391082213086     
   16.804000000004891        12.397880205330983     
   16.824000000004890        10.739195172888273     
   16.844000000004890        9.2117904157225965     
   16.864000000004889        7.8170098729713544     
   16.884000000004889        6.5303856245278187     
   16.904000000004888        5.4112497404306739     
   16.924000000004888        4.4406643402172374     
   16.944000000004891        3.5929993908043225     
   16.964000000004891        2.8832096761745123     
   16.984000000004890        2.3118350822568150     
   17.004000000004890        1.8816320625835108     
   17.024000000004889        1.5952841477115174     
   17.044000000004889        1.4562914517831336     
   17.064000000004889        1.4668783192691501     
   17.084000000004888        1.6277596411595696     
   17.104000000004891        1.9385451940447724     
   17.124000000004891        2.3987302885878403     
   17.144000000004890        3.0072994443626349     
   17.164000000004890        3.7609697292198372     
   17.184000000004890        4.6566240873525366     
   17.204000000004889        5.6924783011789746     
   17.224000000004889        6.8784904573809440     
   17.244000000004888        8.2253360310117571     
   17.264000000004891        9.0725970141135761     
   17.284000000004891        10.616449663047648     
   17.304000000004891        12.315832088526323     
   17.324000000004890        13.924790899038136     
   17.344000000004890        15.907559173187702     
   17.364000000004889        18.051538092578550     
   17.384000000004889        20.353383430077816     
   17.404000000004888        22.941453487950081     
   17.424000000004892        25.584787685303837     
   17.444000000004891        28.393711984207982     
   17.464000000004891        31.372444369334989     
   17.484000000004890        34.541270337968051     
   17.504000000004890        37.896890178584933     
   17.524000000004889        41.436990784897219     
   17.544000000004889        45.160539352929412     
   17.564000000004889        49.065256569971638     
   17.584000000004888        53.167898125528062     
   17.604000000004891        53.413052853203467     
   17.624000000004891        57.621503512970939     
   17.644000000004890        62.030578926394512     
   17.664000000004890        66.631832621603564     
   17.684000000004890        65.946435298084253     
   17.704000000004889        70.493864083970195     
   17.724000000004889        75.707745615995961     
   17.744000000004888        81.080235730381645     
   17.764000000004891        86.114304426961127     
   17.784000000004891        83.887517191193382     
   17.804000000004891        88.721588179713308     
   17.824000000004890        91.753941489716425     
   17.844000000004890        96.786812766492872     
   17.864000000004889        101.99696826849879     
   17.884000000004889        107.38131736735301     
   17.904000000004888        103.54076555685151     
   17.924000000004892        108.67166808326574     
   17.944000000004891        113.94529526888223     
   17.964000000004891        119.36347516372373     
   17.984000000004890        114.30240516589646     
   18.004000000004890        119.42440105468128     
   18.024000000004889        124.67596149528835     
   18.044000000004889        130.05857920005695     
   18.064000000004889        135.58830583515137     
   18.084000000004888        141.28719435309714     
   18.104000000004891        147.20546134341848     
   18.124000000004891        153.34143087037796     
   18.144000000004890        159.68022382212129     
   18.164000000004890        166.20821710225954     
   18.184000000004890        172.91510892202692     
   18.204000000004889        179.78882485696042     
   18.224000000004889        186.81593681161223     
   18.244000000004888        193.98939044591592     
   18.264000000004891        201.30743753125608     
   18.284000000004891        208.77082841279568     
   18.304000000004891        216.37949974189883     
   18.324000000004890        224.13192493709116     
   18.344000000004890        233.58802109665720     
   18.364000000004889        241.79208826809491     
   18.384000000004889        250.22443527794186     
   18.404000000004888        260.74101492214720     
   18.424000000004892        269.68262476908512     
   18.444000000004891        262.94078868540151     
   18.464000000004891        271.56925912369178     
   18.484000000004890        264.36424995472225     
   18.504000000004890        272.57406925186592     
   18.524000000004889        280.88399912610430     
   18.544000000004889        272.40986286429666     
   18.564000000004889        280.10995127270206     
   18.584000000004888        287.88291291724477     
   18.604000000004891        297.59168170882390     
   18.624000000004891        307.64208311838985     
   18.644000000004890        318.47879950334345     
   18.664000000004890        327.18527547190547     
   18.684000000004890        338.67252533045087     
   18.704000000004889        347.79804974917636     
   18.724000000004889        357.03950709968717     
   18.744000000004888        366.35607642570989     
   18.764000000004891        375.73278539017224     
   18.784000000004891        387.63725439419295     
   18.804000000004891        397.58593036770344     
   18.824000000004890        407.73694913149609     
   18.844000000004890        418.02305449454565     
   18.864000000004889        410.68143005225471     
   18.884000000004889        420.29854007909296     
   18.904000000004888        430.08429036660436     
   18.924000000004892        440.03545965585874     
   18.944000000004891        450.04319067228516     
   18.964000000004891        460.01560099424648     
   18.984000000004890        470.10419497417803     
   19.004000000004890        480.46065382897319     
   19.024000000004889        491.03942446768860     
   19.044000000004889        501.78142645308765     
   19.064000000004889        512.64130743543149     
   19.084000000004888        523.59940509985802     
   19.104000000004891        534.65296625905796     
   19.124000000004891        545.80337799265192     
   19.144000000004890        542.38883945895202     
   19.164000000004890        552.97519890808519     
   19.184000000004890        551.48471122289334     
   19.204000000004889        561.50436051461963     
   19.224000000004889        571.58658643427475     
   19.244000000004888        581.73153005548943     
   19.264000000004891        578.01355653849282     
   19.284000000004891        587.47511186899919     
   19.304000000004891        596.96010555892167     
   19.324000000004890        606.47812584251835     
   19.344000000004890        616.07163992816811     
   19.364000000004889        625.76967491878520     
   19.384000000004889        635.55311811582237     
   19.404000000004888        645.39699980299940     
   19.424000000004892        658.64693108222104     
   19.444000000004891        668.61035369258661     
   19.464000000004891        678.57829869631985     
   19.484000000004890        688.55790546399408     
   19.504000000004890        698.55789588719983     
   19.524000000004889        708.58146028052272     
   19.544000000004889        718.63075637920713     
   19.564000000004889        728.70435067956976     
   19.584000000004888        738.80478301114317     
   19.604000000004891        748.93774072447184     
   19.624000000004891        759.11215922775773     
   19.644000000004890        769.33948456085557     
   19.664000000004890        779.62409711231874     
   19.684000000004890        789.95781889642649     
   19.704000000004889        800.33019579368568     
   19.724000000004889        810.73380253181881     
   19.744000000004888        821.16334140692641     
   19.764000000004891        831.61583012465621     
   19.784000000004891        842.09691694814762     
   19.804000000004891        852.61575340152149     
   19.824000000004890        863.18199888196955     
   19.844000000004890        873.80601203437777     
   19.864000000004889        884.49895659275649     
   19.884000000004889        895.27351718802856     
   19.904000000004888        906.14081100218505     
   19.924000000004892        917.10449567243268     
   19.944000000004891        928.16661605091110     
   19.964000000004891        939.33025187471844     
   19.984000000004890        950.60042368164818     
   20.004000000004890        961.97355950720294     
   20.024000000004889        973.44616064469687     
   20.044000000004889        985.02959097873884     
   20.064000000004889        996.71182405982768     
   20.084000000004888        1008.4718956103516     
   20.104000000004891        1020.2876435321883     
   20.124000000004891        1032.1315483605290     
   20.144000000004890        1043.9752106434935     
   20.164000000004890        1055.8339423301825     
   20.184000000004890        1067.7540827255691     
   20.204000000004889        1079.7316083656883     
   20.224000000004889        1091.7349475561894     
   20.244000000004888        1103.7601335897577     
   20.264000000004891        1115.8144929187174     
   20.284000000004891        1127.9007361412587     
   20.304000000004891        1140.0225183185521     
   20.324000000004890        1152.1945385501624     
   20.344000000004890        1176.9267314268400     
   20.364000000004889        1189.4660292958833     
   20.384000000004889        1202.1192005146477     
   20.404000000004888        1214.9054843868194     
   20.424000000004892        1227.8210613613066     
   20.444000000004891        1240.7799722381612     
   20.464000000004891        1253.6700332176749     
   20.484000000004890        1266.3746061507256     
   20.504000000004890        1278.8086529780712     
   20.524000000004889        1291.3274244028485     
   20.544000000004889        1304.0414503468799     
   20.564000000004889        1316.9044728500066     
   20.584000000004888        1329.8838683048762     
   20.604000000004891        1342.9849091092342     
   20.624000000004891        1356.1970605831814     
   20.644000000004890        1369.5081183953707     
   20.664000000004890        1382.8746757529050     
   20.684000000004890        1396.0970155566688     
   20.704000000004889        1415.0547917219972     
   20.724000000004889        1427.8710697118597     
   20.744000000004888        1440.7550218662589     
   20.764000000004891        1453.9993541244721     
   20.784000000004891        1467.4117351966211     
   20.804000000004891        1480.7526344171752     
   20.824000000004890        1493.9438680627884     
   20.844000000004890        1498.7107820084975     
   20.864000000004889        1512.0279744496945     
   20.884000000004889        1525.4627756074101     
   20.904000000004888        1538.8461707570104     
   20.924000000004892        1552.0988378457778     
   20.944000000004891        1565.1452322668106     
   20.964000000004891        1578.0143815563449     
   20.984000000004890        1591.1648556584080     
   21.004000000004890        1604.5055884158678     
   21.024000000004889        1617.8007928789330     
   21.044000000004889        1630.8279947570820     
   21.064000000004889        1643.4299958687532     
   21.084000000004888        1655.7037214322306     
   21.104000000004891        1668.0657035781342     
   21.124000000004891        1673.2052370917891     
   21.144000000004890        1685.1693018079261     
   21.164000000004890        1697.0365024996649     
   21.184000000004890        1708.8676337344518     
   21.204000000004889        1720.7090116056593     
   21.224000000004889        1732.5037278471279     
   21.244000000004888        1744.1686546941705     
   21.264000000004891        1755.6098710820474     
   21.284000000004891        1780.4196024206503     
   21.304000000004891        1791.4262487238739     
   21.324000000004890        1802.4618722121761     
   21.344000000004890        1813.3467891614589     
   21.364000000004889        1824.4276694561140     
   21.384000000004889        1835.7654839824982     
   21.404000000004888        1862.3555280875041     
   21.424000000004892        1873.6928315038056     
   21.444000000004891        1884.9406426198211     
   21.464000000004891        1896.1301335268925     
   21.484000000004890        1923.3166658653824     
   21.504000000004890        1934.4577191712490     
   21.524000000004889        1945.4533142095545     
   21.544000000004889        1956.1519545355620     
   21.564000000004889        1966.4066905103700     
   21.584000000004888        1976.1950115697869     
   21.604000000004891        1986.0481380653719     
   21.624000000004891        2005.5772390352499     
   21.644000000004890        2015.5209522103626     
   21.664000000004890        2025.3127001524531     
   21.684000000004890        2034.9526427237358     
   21.704000000004889        2044.4670151685634     
   21.724000000004889        2053.8741556471750     
   21.744000000004888        2072.9394439161424     
   21.764000000004891        2082.1975702211621     
   21.784000000004891        2091.2084984894132     
   21.804000000004891        2099.8271741441531     
   21.824000000004890        2107.8970669107152     
   21.844000000004890        2115.4788489966081     
   21.864000000004889        2123.1405244600405     
   21.884000000004889        2130.8974048299392     
   21.904000000004888        2145.1734451225179     
   21.924000000004892        2152.8587355717627     
   21.944000000004891        2160.4348172672112     
   21.964000000004891        2179.4703003822756     
   21.984000000004890        2186.6268682591435     
   22.004000000004890        2193.8199428430103     
   22.024000000004889        2207.6129030693164     
   22.044000000004889        2214.6622303644467     
   22.064000000004889        2231.6968701459450     
   22.084000000004888        2237.6380355156139     
   22.104000000004891        2256.1629140716204     
   22.124000000004891        2262.0213549901528     
   22.144000000004890        2271.7938715865184     
   22.164000000004890        2277.1705446520104     
   22.184000000004890        2288.8321648803640     
   22.204000000004889        2293.6682308166287     
   22.224000000004889        2298.2011154169109     
   22.244000000004888        2302.4484022242727     
   22.264000000004891        2306.4433102707640     
   22.284000000004891        2310.2962122355120     
   22.304000000004891        2314.0338528805291     
   22.324000000004890        2317.6400371980908     
   22.344000000004890        2326.1619464140813     
   22.364000000004889        2329.0037042944778     
   22.384000000004889        2331.6215515613794     
   22.404000000004888        2333.9799304449803     
   22.424000000004892        2336.0578422748363     
   22.444000000004891        2337.8393401185385     
   22.464000000004891        2339.2935820618627     
   22.484000000004890        2340.4736144799135     
   22.504000000004890        2341.3878606241956     
   22.524000000004889        2342.0234372087139     
   22.544000000004889        2342.4218179144741     
   22.564000000004889        2342.6197654266361     
   22.584000000004888        2342.6112505042943     
   22.604000000004891        2342.4121474748481     
   22.624000000004891        2342.1087758266672     
   22.644000000004890        2341.6858199270682     
   22.664000000004890        2341.1066671784788     
   22.684000000004890        2340.3409224856755     
   22.704000000004889        2339.3770836339640     
   22.724000000004889        2338.2101741112601     
   22.744000000004888        2336.8428587148496     
   22.764000000004891        2335.3023961231943     
   22.784000000004891        2333.6145118028353     
   22.804000000004891        2331.8002472498438     
   22.824000000004890        2329.8846528867193     
   22.844000000004890        2332.5638825533315     
   22.864000000004889        2330.4187385018499     
   22.884000000004889        2328.1582589136196     
   22.904000000004888        2325.7877031094627     
   22.924000000004892        2323.3146226015938     
   22.944000000004891        2330.8588414299238     
   22.964000000004891        2327.7913663054624     
   22.984000000004890        2324.6197609004844     
   23.004000000004890        2321.3405110518693     
   23.024000000004889        2337.7843084054502     
   23.044000000004889        2334.6816277928888     
   23.064000000004889        2331.4664496658015     
   23.084000000004888        2328.1403499154812     
   23.104000000004891        2324.7170200519140     
   23.124000000004891        2321.2348597311070     
   23.144000000004890        2317.7297718189366     
   23.164000000004890        2314.2193878438170     
   23.184000000004890        2310.6934091739527     
   23.204000000004889        2307.1630198206531     
   23.224000000004889        2321.3233396046398     
   23.244000000004888        2323.9439199157082     
   23.264000000004891        2339.1962934980702     
   23.284000000004891        2336.5770150633871     
   23.304000000004891        2333.9059892573791     
   23.324000000004890        2331.1746455980733     
   23.344000000004890        2346.0205131824700     
   23.364000000004889        2343.5914299474275     
   23.384000000004889        2347.9424992020995     
   23.404000000004888        2345.1452692695079     
   23.424000000004892        2342.1888734035329     
   23.444000000004891        2346.5093475525000     
   23.464000000004891        2343.2354693340712     
   23.484000000004890        2356.5325927695471     
   23.504000000004890        2353.6852166666436     
   23.524000000004889        2350.7524900056105     
   23.544000000004889        2347.7696049578444     
   23.564000000004889        2344.7964863139218     
   23.584000000004888        2356.2451447868207     
   23.604000000004891        2354.1129924512225     
   23.624000000004891        2352.0293235086492     
   23.644000000004890        2352.5682434366504     
   23.664000000004890        2369.7473570276493     
   23.684000000004890        2367.8172860882742     
   23.704000000004889        2365.9855107967614     
   23.724000000004889        2364.2437781457420     
   23.744000000004888        2362.5672367204224     
   23.764000000004891        2360.9028299005981     
   23.784000000004891        2359.1801244589683     
   23.804000000004891        2370.6062438695303     
   23.824000000004890        2369.5040715124592     
   23.844000000004890        2368.2531046862373     
   23.864000000004889        2379.4694947680978     
   23.884000000004889        2378.7801395144875     
   23.904000000004888        2399.6963297030502     
   23.924000000004892        2399.0371049275950     
   23.944000000004891        2398.4350383405604     
   23.964000000004891        2397.8693891089029     
   23.984000000004890        2419.9087577662558     
   24.004000000004890        2419.3579489663830     
   24.024000000004889        2418.7811621472556     
   24.044000000004889        2418.3356345965644     
   24.064000000004889        2417.7727450543443     
   24.084000000004892        2416.8839933207073     
   24.104000000004891        2428.3049162788598     
   24.124000000004891        2452.9660272326478     
   24.144000000004890        2452.5828455457208     
   24.164000000004890        2452.1135809226739     
   24.184000000004890        2451.6177269446121     
   24.204000000004889        2451.1187119050874     
   24.224000000004889        2450.6078116798767     
   24.244000000004888        2450.0757171384980     
   24.264000000004891        2449.5165103023273     
   24.284000000004891        2448.9203172889875     
   24.304000000004891        2448.2751935239548     
   24.324000000004890        2447.5918052776742     
   24.344000000004890        2446.9075114181755     
   24.364000000004889        2459.6231171138861     
   24.384000000004889        2460.1163482161364     
   24.404000000004888        2460.7262912592587     
   24.424000000004892        2461.4455961420772     
   24.444000000004891        2462.2555338771308     
   24.464000000004891        2463.1303016654333     
   24.484000000004890        2464.0499517281528     
   24.504000000004890        2465.0254648346036     
   24.524000000004889        2466.0943146665495     
   24.544000000004889        2467.2995969337376     
   24.564000000004889        2468.6903609427272     
   24.584000000004892        2470.2730447130434     
   24.604000000004891        2488.2910906809834     
