   2.1000000004278263E-002   4577.4424312190149     
   4.1000000004278267E-002   4578.9671066767651     
   6.1000000004278264E-002   4581.9213315865345     
   8.1000000004278261E-002   4583.1483298758567     
  0.10100000000427826        4584.1809644844161     
  0.12100000000427827        4588.8375927589177     
  0.14100000000427826        4590.0501125766596     
  0.16100000000427828        4592.5974546220614     
  0.18100000000427827        4594.8774863767849     
  0.20100000000427826        4597.5433218912658     
  0.22100000000427827        4596.4076362147771     
  0.24100000000427826        4602.2658180790741     
  0.26100000000427825        4604.0744903523228     
  0.28100000000427827        4606.5381839848278     
  0.30100000000427829        4606.3623201638648     
  0.32100000000427825        4608.5902295197966     
  0.34100000000427827        4613.9337519785977     
  0.36100000000427829        4615.0428312029926     
  0.38100000000427825        4619.5558165536813     
  0.40100000000427827        4616.1178277661547     
  0.42100000000427829        4622.1632511893358     
  0.44100000000427825        4619.6245690814076     
  0.46100000000427827        4618.9740012177872     
  0.48100000000427828        4626.0255407632276     
  0.50100000000427825        4623.9762997246553     
  0.52100000000427826        4627.6470643248913     
  0.54100000000427828        4622.4314347023501     
  0.56100000000427830        4627.8047625331619     
  0.58100000000427832        4636.1303371853028     
  0.60100000000427822        4639.6186457711847     
  0.62100000000427824        4642.2854417031322     
  0.64100000000427826        4645.1035535828632     
  0.66100000000427828        4641.4752826086287     
  0.68100000000427829        4650.8213345063095     
  0.70100000000427831        4638.9829838374335     
  0.72100000000427833        4645.8491524618312     
  0.74100000000427824        4652.7114085760022     
  0.76100000000427825        4661.1589505485344     
  0.78100000000427827        4652.9678397592579     
  0.80100000000427829        4659.5496238392197     
  0.82100000000427831        4657.7675958576319     
  0.84100000000427833        4674.8308891262459     
  0.86100000000427823        4655.3890343715802     
  0.88100000000427825        4677.3114096726749     
  0.90100000000427827        4668.8245868033682     
  0.92100000000427829        4676.4970643636661     
  0.94100000000427830        4677.4219574497138     
  0.96100000000427832        4682.4586550507365     
  0.98100000000427823        4679.0380397907938     
   1.0010000000042782        4677.1122960133725     
   1.0210000000042783        4676.3284667857342     
   1.0410000000042783        4687.7333193809982     
   1.0610000000042783        4694.2785083637345     
   1.0810000000042783        4677.3627468226059     
   1.1010000000042783        4695.7735799328593     
   1.1210000000042784        4679.6284399850565     
   1.1410000000042784        4696.7734395878560     
   1.1610000000042784        4698.0516212228131     
   1.1810000000042782        4698.7831142567948     
   1.2010000000042782        4710.6041873528557     
   1.2210000000042782        4699.5508407830157     
   1.2410000000042782        4691.0391665479783     
   1.2610000000042783        4715.8514230288656     
   1.2810000000042783        4697.2696280548880     
   1.3010000000042783        4717.3648184347794     
   1.3210000000042783        4734.1898417925404     
   1.3410000000042783        4721.6443268370058     
   1.3610000000042783        4715.3124972581945     
   1.3810000000042784        4713.5623735036070     
   1.4010000000042784        4704.2975588459722     
   1.4210000000042784        4723.6174244339927     
   1.4410000000042782        4738.9986214479250     
   1.4610000000042782        4748.9922771516403     
   1.4810000000042782        4721.2507054783937     
   1.5010000000042782        4709.1346475192204     
   1.5210000000042783        4741.0605255057753     
   1.5410000000042783        4752.6358475714123     
   1.5610000000042783        4736.3033825304883     
   1.5810000000042783        4767.8457439571584     
   1.6010000000042783        4783.9128693129214     
   1.6210000000042784        4742.2918285915512     
   1.6410000000042784        4757.3888013471078     
   1.6610000000042784        4727.4832562901547     
   1.6810000000042784        4740.8688528044122     
   1.7010000000042782        4771.4924617446623     
   1.7210000000042782        4770.4668297234202     
   1.7410000000042782        4784.7747388598555     
   1.7610000000042783        4777.9269134078768     
   1.7810000000042783        4762.3783867556267     
   1.8010000000042783        4749.5871268602814     
   1.8210000000042783        4750.8802568402371     
   1.8410000000042783        4774.1047706849349     
   1.8610000000042783        4788.9865101732921     
   1.8810000000042784        4756.0763291593867     
   1.9010000000042784        4766.4642731218510     
   1.9210000000042784        4793.7755568124230     
   1.9410000000042782        4818.6748079367499     
   1.9610000000042782        4829.4192227142503     
   1.9810000000042782        4811.1409884680143     
   2.0010000000042782        4788.0309088678932     
   2.0210000000042783        4762.6842598130170     
   2.0410000000042783        4772.5625634453745     
   2.0610000000042783        4777.1093508180202     
   2.0810000000042783        4785.2191142578922     
   2.1010000000042783        4807.0327667061001     
   2.1210000000042784        4816.7128686964779     
   2.1410000000042784        4834.2226736562361     
   2.1610000000042784        4800.7770995231194     
   2.1810000000042784        4812.7578125049668     
   2.2010000000042784        4832.8428038557340     
   2.2210000000042784        4825.8064764113960     
   2.2410000000042785        4820.7432169851363     
   2.2610000000042785        4823.6769670445374     
   2.2810000000042785        4828.8616955553262     
   2.3010000000042785        4817.9006660780869     
   2.3210000000042785        4830.8271865708302     
   2.3410000000042781        4807.2349137934298     
   2.3610000000042781        4826.2847235806703     
   2.3810000000042781        4842.7621299184093     
   2.4010000000042782        4846.5495945660132     
   2.4210000000042782        4831.5022718105147     
   2.4410000000042782        4827.9533982058292     
   2.4610000000042782        4833.5686820008905     
   2.4810000000042782        4843.0936998437892     
   2.5010000000042782        4866.5586729930565     
   2.5210000000042783        4884.9707357383249     
   2.5410000000042783        4872.7433305840450     
   2.5610000000042783        4841.4399288953873     
   2.5810000000042783        4845.3056726009781     
   2.6010000000042783        4859.7367086543954     
   2.6210000000042784        4871.9336317310826     
   2.6410000000042784        4883.9184594116023     
   2.6610000000042784        4878.0347930279286     
   2.6810000000042784        4868.6290505745619     
   2.7010000000042784        4837.2842517779591     
   2.7210000000042784        4848.9394850780664     
   2.7410000000042785        4858.0823674918429     
   2.7610000000042785        4868.9603570503286     
   2.7810000000042785        4885.3928683480763     
   2.8010000000042785        4854.1195941957840     
   2.8210000000042785        4858.1762673134053     
   2.8410000000042781        4878.5870593340669     
   2.8610000000042781        4889.3789675287826     
   2.8810000000042781        4892.0166042015098     
   2.9010000000042782        4906.9416076767266     
   2.9210000000042782        4904.4972152590235     
   2.9410000000042782        4907.5073723840633     
   2.9610000000042782        4893.8276715415668     
   2.9810000000042782        4878.2386038432751     
   3.0010000000042782        4872.6071376413020     
   3.0210000000042783        4873.8850849655983     
   3.0410000000042783        4892.2428996017643     
   3.0610000000042783        4923.3611316820015     
   3.0810000000042783        4931.2431113120001     
   3.1010000000042783        4950.9878338830958     
   3.1210000000042784        4918.8994750048287     
   3.1410000000042784        4930.0680887580284     
   3.1610000000042784        4958.4925754642745     
   3.1810000000042784        4972.2812426610099     
   3.2010000000042784        4985.3085955222550     
   3.2210000000042784        4946.8625575450915     
   3.2410000000042785        4927.5808114362580     
   3.2610000000042785        4932.6145530766607     
   3.2810000000042785        4931.0131640389181     
   3.3010000000042785        4915.7959832996848     
   3.3210000000042785        4902.4846824316865     
   3.3410000000042785        4906.8064348011021     
   3.3610000000042781        4915.6552679919141     
   3.3810000000042781        4918.3143412335503     
   3.4010000000042782        4947.2642342267691     
   3.4210000000042782        4947.8431966742619     
   3.4410000000042782        4945.2715236853528     
   3.4610000000042782        4955.0767717928538     
   3.4810000000042782        4976.5500886880991     
   3.5010000000042782        4929.1911684021934     
   3.5210000000042783        4938.0370907479391     
   3.5410000000042783        4958.0140940890833     
   3.5610000000042783        4935.7323003804331     
   3.5810000000042783        4936.4089284053898     
   3.6010000000042783        4942.6207875749569     
   3.6210000000042784        4957.4368597033990     
   3.6410000000042784        4946.1607589354444     
   3.6610000000042784        4950.0536583423727     
   3.6810000000042784        4966.0932289542925     
   3.7010000000042784        4955.1670125447054     
   3.7210000000042784        4964.7465700458033     
   3.7410000000042785        4969.5432815734021     
   3.7610000000042785        4965.7939097535937     
   3.7810000000042785        4955.9502450490845     
   3.8010000000042785        4968.3172296382172     
   3.8210000000042785        4982.0298397767319     
   3.8410000000042785        5002.7223979185273     
   3.8610000000042781        5024.3214153798708     
   3.8810000000042781        5041.6860341292595     
   3.9010000000042782        5057.9640871038437     
   3.9210000000042782        5064.0653613876775     
   3.9410000000042782        5069.2916411855786     
   3.9610000000042782        5068.8823258770517     
   3.9810000000042782        5074.9674462282474     
   4.0010000000042787        5023.5504404496342     
   4.0210000000042783        4975.0426359624735     
   4.0410000000042787        4961.1637717613939     
   4.0610000000042783        4957.3806722855879     
   4.0810000000042788        4960.3696059892591     
   4.1010000000042783        4961.4339832174464     
   4.1210000000042779        4959.5593365984560     
   4.1410000000042784        4969.9079974136102     
   4.1610000000042779        4947.5014377636862     
   4.1810000000042784        4958.7891350074342     
   4.2010000000042780        4974.6941307794923     
   4.2210000000042784        4962.3017685570321     
   4.2410000000042780        4976.4818171355255     
   4.2610000000042785        5000.6501278258002     
   4.2810000000042780        5003.5228484545532     
   4.3010000000042785        5002.6863351042130     
   4.3210000000042781        5012.5809256329694     
   4.3410000000042785        5037.5488349850903     
   4.3610000000042781        5051.0901749520262     
   4.3810000000042786        5072.2426120043128     
   4.4010000000042782        5093.2949998055474     
   4.4210000000042786        5075.6320102504842     
   4.4410000000042782        5074.1414196746009     
   4.4610000000042787        5050.2483291972076     
   4.4810000000042782        5062.8079229454734     
   4.5010000000042787        5066.3496572980539     
   4.5210000000042783        5077.4588771874214     
   4.5410000000042787        5089.6148952759431     
   4.5610000000042783        5098.1885004223432     
   4.5810000000042788        5111.0584657959253     
   4.6010000000042783        5123.2445332683728     
   4.6210000000042788        5136.4676410371058     
   4.6410000000042784        5148.7445028564653     
   4.6610000000042779        5151.9802744126100     
   4.6810000000042784        5118.3586495255240     
   4.7010000000042780        5120.6842246933302     
   4.7210000000042784        5140.4473021683571     
   4.7410000000042780        5164.5071278909572     
   4.7610000000042785        5179.5144895331196     
   4.7810000000042780        5189.7492695680594     
   4.8010000000042785        5200.9481068561508     
   4.8210000000042781        5209.8937363853047     
   4.8410000000042785        5181.8637941101351     
   4.8610000000042781        5180.3805137489335     
   4.8810000000042786        5189.2589405312110     
   4.9010000000042782        5202.5588384323655     
   4.9210000000042786        5209.8643782125637     
   4.9410000000042782        5193.8615458779477     
   4.9610000000042787        5216.0482734780171     
   4.9810000000042782        5220.2962443610359     
   5.0010000000042787        5237.5417164153014     
   5.0210000000042783        5223.7425161014844     
   5.0410000000042787        5220.5726057286010     
   5.0610000000042783        5225.8770026904613     
   5.0810000000042788        5223.3675069118754     
   5.1010000000042783        5251.2202316949079     
   5.1210000000042788        5241.9350383487226     
   5.1410000000042784        5226.5155747134868     
   5.1610000000042779        5216.7016747905391     
   5.1810000000042784        5218.5739269036749     
   5.2010000000042780        5204.2254246940838     
   5.2210000000042784        5203.1635983209890     
   5.2410000000042780        5199.1263403981620     
   5.2610000000042785        5205.5326663336791     
   5.2810000000042780        5199.4075693058785     
   5.3010000000042785        5190.3992101913245     
   5.3210000000042781        5205.5701010912271     
   5.3410000000042785        5184.4018788862641     
   5.3610000000042781        5149.9324429126154     
   5.3810000000042786        5131.6340778485765     
   5.4010000000042782        5098.4507507525914     
   5.4210000000042786        5116.1276908072068     
   5.4410000000042782        5117.7195798326075     
   5.4610000000042787        5131.1654078568317     
   5.4810000000042782        5149.8962362430557     
   5.5010000000042787        5174.8999241605643     
   5.5210000000042783        5182.8469385301487     
   5.5410000000042787        5194.6335847626424     
   5.5610000000042783        5219.0832060406310     
   5.5810000000042788        5244.2148526445681     
   5.6010000000042783        5159.1710728286607     
   5.6210000000042788        5163.7249168284125     
   5.6410000000042784        5168.2874689550763     
   5.6610000000042779        5192.7778857920030     
   5.6810000000042784        5215.7911380894529     
   5.7010000000042780        5231.3665352886055     
   5.7210000000042784        5256.3307190317319     
   5.7410000000042780        5259.3527849238717     
   5.7610000000042785        5275.9186691015102     
   5.7810000000042780        5300.8241100647201     
   5.8010000000042785        5326.4371269837384     
   5.8210000000042781        5311.3878899616548     
   5.8410000000042785        5322.2255572966569     
   5.8610000000042781        5329.1695094151037     
   5.8810000000042786        5337.0716533165214     
   5.9010000000042782        5353.3347448725854     
   5.9210000000042786        5301.0022710888197     
   5.9410000000042782        5264.1884951940856     
   5.9610000000042787        5254.9294642662580     
   5.9810000000042782        5245.7138491469459     
   6.0010000000042787        5238.5947389620796     
   6.0210000000042783        5246.4274577789956     
   6.0410000000042787        5257.0687821854408     
   6.0610000000042783        5258.1369292040545     
   6.0810000000042788        5264.7933658683050     
   6.1010000000042783        5263.6882815573063     
   6.1210000000042788        5294.4435249852950     
   6.1410000000042784        5292.6843560447342     
   6.1610000000042788        5283.3346419305635     
   6.1810000000042784        5275.4624825041637     
   6.2010000000042780        5286.4118089662315     
   6.2210000000042784        5297.7800704208948     
   6.2410000000042780        5301.1917541057082     
   6.2610000000042785        5306.7715756442176     
   6.2810000000042780        5321.1862293487757     
   6.3010000000042785        5363.6220947330667     
   6.3210000000042781        5362.3343241308476     
   6.3410000000042785        5374.5310188104177     
   6.3610000000042781        5373.5423678103934     
   6.3810000000042786        5371.1345406628843     
   6.4010000000042782        5387.7381006212263     
   6.4210000000042786        5390.9455261864596     
   6.4410000000042782        5382.3492512946486     
   6.4610000000042787        5390.7691599534655     
   6.4810000000042782        5411.1569893576116     
   6.5010000000042787        5410.2923503457096     
   6.5210000000042783        5412.7910995115753     
   6.5410000000042787        5411.0272383155680     
   6.5610000000042783        5404.7718756563554     
   6.5810000000042788        5405.0994662725197     
   6.6010000000042783        5405.6259001111075     
   6.6210000000042788        5379.0969782997690     
   6.6410000000042784        5378.7112046306602     
   6.6610000000042788        5378.6923853098169     
   6.6810000000042784        5376.2529212917507     
   6.7010000000042780        5391.6929287148523     
   6.7210000000042784        5394.3268337231348     
   6.7410000000042780        5371.8828530517230     
   6.7610000000042785        5370.0248782563031     
   6.7810000000042780        5368.5136243543893     
   6.8010000000042785        5393.5266199110429     
   6.8210000000042781        5389.2384463580265     
   6.8410000000042785        5385.1212234724899     
   6.8610000000042781        5380.9891462471314     
   6.8810000000042786        5377.0035087576480     
   6.9010000000042782        5382.1513232192410     
   6.9210000000042786        5379.7840894185829     
   6.9410000000042782        5402.9244896255650     
   6.9610000000042787        5425.9034043959882     
   6.9810000000042782        5430.9503598554020     
   7.0010000000042787        5315.6564446410803     
   7.0210000000042783        5318.5635333262317     
   7.0410000000042787        5309.9162263595490     
   7.0610000000042783        5330.7231644187250     
   7.0810000000042788        5347.1177346250588     
   7.1010000000042783        5363.4187490490576     
   7.1210000000042788        5371.6985258238619     
   7.1410000000042784        5370.3338348485231     
   7.1610000000042788        5366.6617755469952     
   7.1810000000042784        5363.8176153773775     
   7.2010000000042780        5361.9727660738872     
   7.2210000000042784        5374.7164432849668     
   7.2410000000042780        5385.7226334958432     
   7.2610000000042785        5383.8228298036602     
   7.2810000000042780        5361.0901440126854     
   7.3010000000042785        5367.5179448078097     
   7.3210000000042781        5368.0599173106002     
   7.3410000000042785        5396.9313890378680     
   7.3610000000042781        5400.0253269298319     
   7.3810000000042786        5402.2022384495413     
   7.4010000000042782        5383.5252124669869     
   7.4210000000042786        5386.0142477988038     
   7.4410000000042782        5398.5120294351045     
   7.4610000000042787        5407.5330041960306     
   7.4810000000042782        5411.7215582492454     
   7.5010000000042787        5418.3886062291758     
   7.5210000000042783        5429.9996611725664     
   7.5410000000042787        5421.5333948205453     
   7.5610000000042783        5437.7262373959529     
   7.5810000000042788        5451.6511819710677     
   7.6010000000042783        5454.3209106913810     
   7.6210000000042788        5484.4355605958463     
   7.6410000000042784        5502.7993736421695     
   7.6610000000042788        5521.4554655895645     
   7.6810000000042784        5525.2977643198992     
   7.7010000000042780        5529.4166985053134     
   7.7210000000042784        5540.9238387772693     
   7.7410000000042780        5543.7073234019672     
   7.7610000000042785        5546.7836419485966     
   7.7810000000042780        5577.3695395523464     
   7.8010000000042785        5580.3741232489301     
   7.8210000000042781        5587.2291217650763     
   7.8410000000042785        5582.3200509817007     
   7.8610000000042781        5594.3208507588261     
   7.8810000000042786        5626.9257283564848     
   7.9010000000042782        5627.8789994297867     
   7.9210000000042786        5628.7281208980185     
   7.9410000000042782        5629.8217091505521     
   7.9610000000042787        5630.7754947187377     
   7.9810000000042782        5641.1930777396055     
   8.0010000000042787        5642.2861361909818     
   8.0210000000042783        5579.2494500007897     
   8.0410000000042778        5549.3779096550761     
   8.0610000000042792        5503.9797768996441     
   8.0810000000042788        5514.0521897688595     
   8.1010000000042783        5509.5468467778774     
   8.1210000000042779        5510.5894241704291     
   8.1410000000042793        5508.2793357612436     
   8.1610000000042788        5515.5602232145957     
   8.1810000000042784        5510.1174945018583     
   8.2010000000042780        5518.3512512098350     
   8.2210000000042776        5514.1321109568398     
   8.2410000000042789        5510.5588845131515     
   8.2610000000042785        5507.6469013254782     
   8.2810000000042780        5521.8899121631302     
   8.3010000000042776        5521.1498662340846     
   8.3210000000042790        5520.7503213590571     
   8.3410000000042785        5528.5307145543238     
   8.3610000000042781        5528.2238976711560     
   8.3810000000042777        5552.0660269895779     
   8.4010000000042790        5552.7645555500112     
   8.4210000000042786        5569.4625475656039     
   8.4410000000042782        5570.4950827270713     
   8.4610000000042778        5574.4973885065901     
   8.4810000000042791        5593.9543203643025     
   8.5010000000042787        5624.8767316014391     
   8.5210000000042783        5639.2734294244638     
   8.5410000000042778        5652.9912090389489     
   8.5610000000042792        5646.9578491721068     
   8.5810000000042788        5647.1380486732805     
   8.6010000000042783        5648.4243037491542     
   8.6210000000042779        5658.8440533902904     
   8.6410000000042793        5660.8034930688009     
   8.6610000000042788        5671.2019532779696     
   8.6810000000042784        5688.6438127242182     
   8.7010000000042780        5709.0980929937441     
   8.7210000000042793        5712.4521259924786     
   8.7410000000042789        5747.3742063985001     
   8.7610000000042785        5757.8265366897231     
   8.7810000000042780        5778.8016458185466     
   8.8010000000042776        5819.8831966471480     
   8.8210000000042790        5784.1833840876643     
   8.8410000000042785        5787.7229657115713     
   8.8610000000042781        5808.8093591585766     
   8.8810000000042777        5766.6927880734866     
   8.9010000000042790        5724.6652936723576     
   8.9210000000042786        5724.8312619767330     
   8.9410000000042782        5724.8803869354924     
   8.9610000000042778        5724.7668541890189     
   8.9810000000042791        5724.6609344355229     
   9.0010000000042787        5724.6032802972923     
   9.0210000000042783        5738.3312430513761     
   9.0410000000042778        5737.6875763855569     
   9.0610000000042792        5737.1135133258031     
   9.0810000000042788        5736.5753822603529     
   9.1010000000042783        5751.8565175226331     
   9.1210000000042779        5750.6777904580567     
   9.1410000000042793        5748.8250545390820     
   9.1610000000042788        5746.3548759921077     
   9.1810000000042784        5776.6384997496298     
   9.2010000000042780        5772.5556027037183     
   9.2210000000042793        5768.5749177050266     
   9.2410000000042789        5781.0898494559324     
   9.2610000000042785        5777.6690593427529     
   9.2810000000042780        5774.0731310126139     
   9.3010000000042776        5780.0367595452872     
   9.3210000000042790        5754.5703271553466     
   9.3410000000042785        5632.5410680976802     
   9.3610000000042781        5631.2801588030597     
   9.3810000000042777        5613.4696182910739     
   9.4010000000042790        5608.0204584245339     
   9.4210000000042786        5588.7256217187569     
   9.4410000000042782        5568.9053410348488     
   9.4610000000042778        5567.8932600318312     
   9.4810000000042791        5546.5100643347432     
   9.5010000000042787        5544.0100132543976     
   9.5210000000042783        5521.4778171508769     
   9.5410000000042778        5498.6362219368966     
   9.5610000000042792        5475.2126259738261     
   9.5810000000042788        5451.0574433158099     
   9.6010000000042783        5445.1106194308768     
   9.6210000000042779        5419.6278919527686     
   9.6410000000042793        5393.0798871790730     
   9.6610000000042788        5355.5615380810441     
   9.6810000000042784        5321.5974897070610     
   9.7010000000042780        5232.0907310267557     
   9.7210000000042793        5212.0104428676859     
   9.7410000000042789        5178.1544958709692     
   9.7610000000042785        5139.9452593967817     
   9.7810000000042780        5104.0050430849324     
   9.8010000000042776        5050.7870994412488     
   9.8210000000042790        5006.7264972747880     
   9.8410000000042785        4960.3933694831185     
   9.8610000000042781        4862.2744424056536     
   9.8810000000042777        4812.6311441193620     
   9.9010000000042790        4762.3380560615351     
   9.9210000000042786        4711.3592907924067     
   9.9410000000042782        4659.2709936901756     
   9.9610000000042778        4602.1748793525057     
   9.9810000000042791        4547.3734698521112     
   10.001000000004279        4503.5940013858708     
   10.021000000004278        4433.6546679731873     
   10.041000000004278        4372.7383812683302     
   10.061000000004279        4311.5162789193082     
   10.081000000004279        4249.3835085229957     
   10.101000000004278        4182.2006588145687     
   10.121000000004278        4113.5272520043582     
   10.141000000004279        4048.1357899930968     
   10.161000000004279        3977.7350850979269     
   10.181000000004278        3906.3212579246497     
   10.201000000004278        3865.7990147726009     
   10.221000000004279        3791.9951388622185     
   10.241000000004279        3717.3765873051530     
   10.261000000004278        3642.0999495455535     
   10.281000000004278        3566.1520641275933     
   10.301000000004278        3489.5315343897510     
   10.321000000004279        3412.3305925209588     
   10.341000000004279        3334.6449196769031     
   10.361000000004278        3266.0157461459557     
   10.381000000004278        3187.9365332847142     
   10.401000000004279        3110.2659444203987     
   10.421000000004279        3032.9556108222541     
   10.441000000004278        2962.3534694190889     
   10.461000000004278        2884.7753462292512     
   10.481000000004279        2811.1790604667599     
   10.501000000004279        2733.8301035788772     
   10.521000000004278        2673.9479361840899     
   10.541000000004278        2596.3672156481957     
   10.561000000004279        2519.6006940101843     
   10.581000000004279        2445.7235572832028     
   10.601000000004278        2379.8065885463352     
   10.621000000004278        2308.5548968203757     
   10.641000000004279        2238.5111978246409     
   10.661000000004279        2171.9731326799615     
   10.681000000004278        2095.0416363170098     
   10.701000000004278        2022.2107114716480     
   10.721000000004279        1942.5085215396432     
   10.741000000004279        1871.0879483170374     
   10.761000000004278        1804.9250774643533     
   10.781000000004278        1734.4943864768638     
   10.801000000004278        1665.0239054041299     
   10.821000000004279        1603.1214559084610     
   10.841000000004279        1535.4211452552843     
   10.861000000004278        1470.6180442616428     
   10.881000000004278        1398.6248194852860     
   10.901000000004279        1328.8644796663336     
   10.921000000004279        1272.3653187444704     
   10.941000000004278        1218.2344248977740     
   10.961000000004278        1156.1337032685078     
   10.981000000004279        1100.3959294798435     
   11.001000000004279        1034.6044008870938     
   11.021000000004278        970.64302836464969     
   11.041000000004278        921.69043737155789     
   11.061000000004279        873.73433024336282     
   11.081000000004279        826.84895467068861     
   11.101000000004278        784.52857357958192     
   11.121000000004278        740.05288067664173     
   11.141000000004279        696.97322373747647     
   11.161000000004279        651.79544494977802     
   11.181000000004278        611.98324935530923     
   11.201000000004278        567.73526731356367     
   11.221000000004279        530.87215445750701     
   11.241000000004279        494.66710148282903     
   11.261000000004278        459.27271995082418     
   11.281000000004278        424.95827847479620     
   11.301000000004278        393.28971942811899     
   11.321000000004279        362.76151644243510     
   11.341000000004279        333.75710493588525     
   11.361000000004278        301.10347661269446     
   11.381000000004278        274.70549689177005     
   11.401000000004279        248.51553184047597     
   11.421000000004279        221.60288087987175     
   11.441000000004278        198.27215227932697     
   11.461000000004278        176.21953435822988     
   11.481000000004279        155.43984626721891     
   11.501000000004279        135.93746296436024     
   11.521000000004278        118.13789638078315     
   11.541000000004278        101.10048999410429     
   11.561000000004279        82.682802376508988     
   11.581000000004279        67.661013044957528     
   11.601000000004278        55.216491112081094     
   11.621000000004278        43.858391574539858     
   11.641000000004279        33.937653369801566     
   11.661000000004279        24.900923930731111     
   11.681000000004278        17.651993081688349     
   11.701000000004278        11.736401860089629     
   11.721000000004279        7.1574510584057949     
   11.741000000004279        3.9380425972780602     
   11.761000000004278        2.0482676487814264     
   11.781000000004278        1.5185818071160044     
   11.801000000004278        2.3356209477892702     
   11.821000000004279        4.3987456296084533     
   11.841000000004279        7.7302550353189261     
   11.861000000004278        12.303788933887018     
   11.881000000004278        18.185073403311609     
   11.901000000004279        25.432788045605299     
   11.921000000004279        34.043045707778099     
   11.941000000004278        43.986423729769697     
   11.961000000004278        55.207341110408088     
   11.981000000004279        67.653244788494632     
   12.001000000004279        81.279339472915453     
   12.021000000004278        96.221308960902348     
   12.041000000004278        112.57096196453442     
   12.061000000004279        128.36229476935461     
   12.081000000004279        147.64214819809064     
   12.101000000004278        167.99072015090550     
   12.121000000004278        189.69949180674550     
   12.141000000004279        212.73004616212313     
   12.161000000004279        237.02671345203430     
   12.181000000004278        262.54552525500281     
   12.201000000004278        289.28898011864999     
   12.221000000004279        317.28758502964780     
   12.241000000004279        346.58604142099659     
   12.261000000004278        377.18096965595043     
   12.281000000004278        405.75864658865669     
   12.301000000004279        439.33116546066685     
   12.321000000004279        474.41753759115011     
   12.341000000004279        510.94773368833103     
   12.361000000004278        548.84301578494058     
   12.381000000004278        588.00110207484522     
   12.401000000004279        622.26801506255583     
   12.421000000004279        644.07637929123632     
   12.441000000004278        685.36094023327939     
   12.461000000004278        727.81234529576250     
   12.481000000004279        771.31119535590210     
   12.501000000004279        815.44932281973036     
   12.521000000004278        850.28443791164864     
   12.541000000004278        890.81764465405797     
   12.561000000004279        926.20822716486975     
   12.581000000004279        974.01532139335734     
   12.601000000004278        1026.6997731303240     
   12.621000000004278        1076.8600937520259     
   12.641000000004279        1127.8862869663421     
   12.661000000004279        1179.4108845758840     
   12.681000000004278        1214.5895816511127     
   12.701000000004278        1266.8557182737848     
   12.721000000004279        1301.3671020027530     
   12.741000000004279        1355.0449817585445     
   12.761000000004278        1409.7183797561470     
   12.781000000004278        1464.7718063538784     
   12.801000000004279        1519.5244168466909     
   12.821000000004279        1548.6468215450686     
   12.841000000004279        1578.7609031023487     
   12.861000000004278        1635.8405930977838     
   12.881000000004278        1659.6674924020863     
   12.901000000004279        1717.7567209854706     
   12.921000000004279        1776.8508633711720     
   12.941000000004278        1843.1447682076657     
   12.961000000004278        1902.4218699570695     
   12.981000000004279        1915.7818239559642     
   13.001000000004279        1975.4794582104419     
   13.021000000004278        2023.5582054201905     
   13.041000000004278        2084.4908573736179     
   13.061000000004279        2112.3170422612211     
   13.081000000004279        2172.7345123811824     
   13.101000000004278        2209.0205478497664     
   13.121000000004278        2244.3032861128795     
   13.141000000004279        2305.1737814026283     
   13.161000000004279        2366.4631718627511     
   13.181000000004278        2427.8536269755432     
   13.201000000004278        2489.0301058160144     
   13.221000000004279        2499.2892650781928     
   13.241000000004279        2508.2128798923050     
   13.261000000004278        2569.1384421002058     
   13.281000000004278        2629.8558293054607     
   13.301000000004279        2690.3829207663939     
   13.321000000004279        2750.6163641289140     
   13.341000000004279        2797.9461551740915     
   13.361000000004278        2823.4228594502315     
   13.381000000004278        2882.7000368715735     
   13.401000000004279        2938.7292052048674     
   13.421000000004279        2998.7794015071172     
   13.441000000004278        3058.2653748662683     
   13.461000000004278        3112.7951882453631     
   13.481000000004279        3148.0223028877203     
   13.501000000004279        3206.2127581437489     
   13.521000000004278        3264.0434793170657     
   13.541000000004278        3311.4750625088595     
   13.561000000004279        3369.6205234066656     
   13.581000000004279        3410.1814027316509     
   13.601000000004278        3459.2777176776294     
   13.621000000004278        3514.4148302593280     
   13.641000000004279        3569.6173048983851     
   13.661000000004279        3624.7977840031081     
   13.681000000004278        3679.8394143086794     
   13.701000000004278        3734.6898518029043     
   13.721000000004279        3789.3691937827357     
   13.741000000004279        3843.9148798737974     
   13.761000000004278        3898.3606472208767     
   13.781000000004278        3952.7443862244468     
   13.801000000004279        4007.1400023417655     
   13.821000000004279        4061.6062011948184     
   13.841000000004279        4116.1297073937421     
   13.861000000004278        4170.7286892524808     
   13.881000000004278        4225.4211413507455     
   13.901000000004279        4280.2059326531980     
   13.921000000004279        4334.7221670264289     
   13.941000000004278        4368.3964279724314     
   13.961000000004278        4418.4913163610890     
   13.981000000004279        4356.0145179725305     
   14.001000000004279        4211.6718519992282     
   14.021000000004278        4278.7808834363914     
   14.041000000004278        4322.2023175701115     
   14.061000000004279        4365.5241118281583     
   14.081000000004279        4408.7037518697771     
   14.101000000004278        4451.6965157490440     
   14.121000000004278        4521.4600816111206     
   14.141000000004279        4564.1690044719480     
   14.161000000004279        4626.5972914053891     
   14.181000000004278        4669.0698655668884     
   14.201000000004278        4732.6586133119499     
   14.221000000004279        4775.0557521435057     
   14.241000000004279        4839.4874579805564     
   14.261000000004278        4881.0926197414719     
   14.281000000004278        4922.4757877520278     
   14.301000000004279        4964.0126206608602     
   14.321000000004279        5005.6147632050088     
   14.341000000004279        5047.2381432291568     
   14.361000000004278        5088.9765231960682     
   14.381000000004278        5130.7751371525164     
   14.401000000004279        5172.5951888538848     
   14.421000000004279        5214.4362138939223     
   14.441000000004278        5256.1970853421963     
   14.461000000004278        5287.0313459555382     
   14.481000000004279        5330.9999619551108     
   14.501000000004279        5369.2054922928992     
   14.521000000004278        5406.1226657532043     
   14.541000000004278        5348.2731482721110     
   14.561000000004279        5414.4060945134388     
   14.581000000004279        5449.7271414962497     
   14.601000000004278        5505.6888403681869     
   14.621000000004278        5542.8086384880125     
   14.641000000004279        5579.7491776067991     
   14.661000000004279        5634.6411088717814     
   14.681000000004278        5727.6931954211386     
   14.701000000004278        5766.5671455928714     
   14.721000000004279        5804.1675066168682     
   14.741000000004279        5840.5376997646954     
   14.761000000004278        5875.4121892494813     
   14.781000000004278        5826.0706649743561     
   14.801000000004279        5859.3564963229855     
   14.821000000004279        5892.4196969151162     
   14.841000000004279        5925.3723686118174     
   14.861000000004278        5958.3019439649388     
   14.881000000004278        5991.1150148131137     
   14.901000000004279        6023.6294944104893     
   14.921000000004279        6042.8333106407263     
   14.941000000004278        6073.6075024702441     
   14.961000000004278        6103.5644543040989     
   14.981000000004279        6132.5043543582724     
   15.001000000004279        6174.1579954154977     
   15.021000000004278        6201.3357809539566     
   15.041000000004278        6227.6552003165170     
   15.061000000004279        6197.0024440323832     
   15.081000000004279        6222.1781433685655     
   15.101000000004278        6246.6868243774961     
   15.121000000004278        6270.5711959482560     
   15.141000000004279        6293.8649734035680     
   15.161000000004279        6316.5924197348459     
   15.181000000004278        6338.7811548719510     
   15.201000000004278        6360.4615090126736     
   15.221000000004279        6381.6922486862859     
   15.241000000004279        6402.5638672979594     
   15.261000000004278        6423.1346665652545     
   15.281000000004278        6486.2816263699024     
   15.301000000004279        6549.9722966669269     
   15.321000000004279        6569.2696596521519     
   15.341000000004279        6588.0571588932589     
   15.361000000004278        6606.3865431565300     
   15.381000000004278        6624.3084646446687     
   15.401000000004279        6641.8503205216066     
   15.421000000004279        6658.9755361032949     
   15.441000000004278        6675.6803256332669     
   15.461000000004278        6691.9881952261185     
   15.481000000004279        6707.9014251453982     
   15.501000000004279        6723.4248338418120     
   15.521000000004278        6738.5396809865078     
   15.541000000004278        6783.1116112964282     
   15.561000000004279        6797.6438463493141     
   15.581000000004279        6811.7528506257768     
   15.601000000004278        6825.5160486103596     
   15.621000000004278        6838.9807709523402     
   15.641000000004279        6852.1149650074121     
   15.661000000004279        6864.8900259223283     
   15.681000000004278        6877.2595796093947     
   15.701000000004278        6923.8800492053779     
   15.721000000004279        6935.3572214936694     
   15.741000000004279        6946.3196267573139     
   15.761000000004278        6956.7193116157387     
   15.781000000004278        6966.5722514087329     
   15.801000000004279        6976.0040266317155     
   15.821000000004279        6985.1672076000405     
   15.841000000004279        6994.1707795306202     
   15.861000000004278        7003.1484078308677     
   15.881000000004279        7012.1195451235089     
   15.901000000004279        7020.8557560499075     
   15.921000000004279        7029.1151922627605     
   15.941000000004278        7036.7432787664911     
   15.961000000004278        7078.8893240989910     
   15.981000000004279        7086.1327374335187     
   16.001000000004279        7092.5661076032911     
   16.021000000004278        6999.4146683369436     
   16.041000000004278        6997.0893875887941     
   16.061000000004277        6909.1930677612445     
   16.081000000004277        6912.0275869389434     
   16.101000000004280        6914.6013595955710     
   16.121000000004280        6822.8576954382088     
   16.141000000004279        6869.9289909680956     
   16.161000000004279        6871.7877503095333     
   16.181000000004278        6873.4906822640214     
   16.201000000004278        6875.0456541541735     
   16.221000000004278        6876.4655971940447     
   16.241000000004277        6903.5996916187869     
   16.261000000004280        6906.0835247440118     
   16.281000000004280        6908.4080884399673     
   16.301000000004279        6910.6156683062491     
   16.321000000004279        6938.4696364100473     
   16.341000000004279        6941.8564473607812     
   16.361000000004278        6945.2639989424051     
   16.381000000004278        6948.8311235354513     
   16.401000000004277        6952.5227316452138     
   16.421000000004277        6956.3133471546971     
   16.441000000004280        6960.2115268925891     
   16.461000000004280        6964.2540490576812     
   16.481000000004279        6968.4795273027794     
   16.501000000004279        6972.9159316365685     
   16.521000000004278        6977.5271218243415     
   16.541000000004278        7005.8057689114412     
   16.561000000004277        7012.1038583318932     
   16.581000000004277        7018.3689267578275     
   16.601000000004280        7024.5991418773056     
   16.621000000004280        7030.8429354592154     
   16.641000000004279        7037.1368694790444     
   16.661000000004279        7043.4490357816758     
   16.681000000004278        7049.7275024008968     
   16.701000000004278        7055.9124262842070     
   16.721000000004278        7061.9491658519064     
   16.741000000004277        7120.8910048919151     
   16.761000000004280        7126.6312870806296     
   16.781000000004280        7132.1890115116330     
   16.801000000004279        7137.5574762611323     
   16.821000000004279        7142.7646075823432     
   16.841000000004279        7147.8414625725836     
   16.861000000004278        7152.8025551204919     
   16.881000000004278        7157.6536205558405     
   16.901000000004277        7162.4100727595505     
   16.921000000004277        7167.0817459962936     
   16.941000000004280        7171.6891363789528     
   16.961000000004280        7176.2566130852947     
   16.981000000004279        7180.7867156755556     
   17.001000000004279        7239.6324131432175     
   17.021000000004278        7243.9918995162870     
   17.041000000004278        7248.2078261371253     
   17.061000000004277        7252.3946908701291     
   17.081000000004277        7256.5941560592710     
   17.101000000004280        7260.8060287724957     
   17.121000000004280        7265.0330186593455     
   17.141000000004279        7269.2648487701699     
   17.161000000004279        7273.4165595224040     
   17.181000000004278        7277.4733358776575     
   17.201000000004278        7281.4582142971485     
   17.221000000004278        7285.4078013984308     
   17.241000000004277        7289.3598252241873     
   17.261000000004280        7293.3251541474774     
   17.281000000004280        7297.2730575389141     
   17.301000000004279        7301.1700176100785     
   17.321000000004279        7360.6115360261701     
   17.341000000004279        7415.4556344645707     
   17.361000000004278        7419.8023025547382     
   17.381000000004278        7481.4017931026028     
   17.401000000004277        7485.5171183344546     
   17.421000000004280        7489.5417271220631     
   17.441000000004280        7493.5060035518200     
   17.461000000004280        7555.8210569503481     
   17.481000000004279        7559.5854406791268     
   17.501000000004279        7563.2089334920447     
   17.521000000004278        7566.6798304351478     
   17.541000000004278        7603.8537786499637     
   17.561000000004277        7641.4971812783087     
   17.581000000004277        7642.9111381944276     
   17.601000000004280        7643.9732800917209     
   17.621000000004280        7644.6157117823204     
   17.641000000004279        7644.7574424213235     
   17.661000000004279        7644.3101980836509     
   17.681000000004278        7643.1844176542163     
   17.701000000004278        7702.3888211029389     
   17.721000000004278        7699.6041656456528     
   17.741000000004277        7695.9682509911599     
   17.761000000004280        7602.3923845681520     
   17.781000000004280        7597.7051712691491     
   17.801000000004279        7504.1987984849638     
   17.821000000004279        7499.2900681511292     
   17.841000000004279        7494.3284544808093     
   17.861000000004278        7489.2204230848811     
   17.881000000004278        7483.9474156736469     
   17.901000000004277        7478.5271432384980     
   17.921000000004280        7473.0028824186384     
   17.941000000004280        7467.4466578437041     
   17.961000000004280        7461.9425400798609     
   17.981000000004279        7456.5282142317510     
   18.001000000004279        7451.1856465313622     
   18.021000000004278        7445.9173333636363     
   18.041000000004278        7489.1087446893844     
   18.061000000004277        7483.3995237796362     
   18.081000000004277        7477.7238423847730     
   18.101000000004280        7472.0269775487741     
   18.121000000004280        7466.2505973688922     
   18.141000000004279        7460.3440799528062     
   18.161000000004279        7454.2571591893266     
   18.181000000004278        7447.9555354432014     
   18.201000000004278        7441.4230216918486     
   18.221000000004278        7434.6328102351008     
   18.241000000004277        7427.5424906878270     
   18.261000000004280        7420.1352574900311     
   18.281000000004280        7412.4218943159585     
   18.301000000004279        7404.4190278419874     
   18.321000000004279        7396.1310578819503     
   18.341000000004279        7442.4942047686836     
   18.361000000004278        7488.7254095320768     
   18.381000000004278        7478.6699901646252     
   18.401000000004277        7468.4599760271340     
   18.421000000004280        7458.2675490003076     
   18.441000000004280        7448.2023597325460     
   18.461000000004280        7438.2811220599242     
   18.481000000004279        7428.4679564749777     
   18.501000000004279        7418.7251521469598     
   18.521000000004278        7409.0183390576321     
   18.541000000004278        7399.3244100740585     
   18.561000000004277        7389.6473427561305     
   18.581000000004277        7379.9734280622024     
   18.601000000004280        7429.5179811634107     
   18.621000000004280        7419.3053842652471     
   18.641000000004279        7493.0937388524944     
   18.661000000004279        7480.2173355920286     
   18.681000000004278        7467.2427463413906     
   18.701000000004278        7454.2686287536908     
   18.721000000004278        7441.3081033682038     
   18.741000000004277        7428.2043365636555     
   18.761000000004280        7414.7632618847392     
   18.781000000004280        7400.8910542941057     
   18.801000000004279        7434.3376721485174     
   18.821000000004279        7419.6968855189052     
   18.841000000004279        7404.8976422215519     
   18.861000000004278        7389.9896814623662     
   18.881000000004278        7374.9371152760641     
   18.901000000004277        7423.6409633309368     
   18.921000000004280        7408.1781120240103     
   18.941000000004280        7392.4974126574261     
   18.961000000004280        7376.5817273834682     
   18.981000000004279        7425.0317499852190     
   19.001000000004279        7408.5509417715266     
   19.021000000004278        7391.8174710534486     
   19.041000000004278        7374.8000062698047     
   19.061000000004277        7357.5044761343061     
   19.081000000004277        7339.9508160310061     
   19.101000000004280        7322.1256724531722     
   19.121000000004280        7303.9607757299618     
   19.141000000004279        7285.4013930959745     
   19.161000000004279        7266.4419798825920     
   19.181000000004278        7247.1041987598173     
   19.201000000004278        7290.5494021669583     
   19.221000000004278        7270.6472147282602     
   19.241000000004277        7250.5487810059212     
   19.261000000004280        7230.1668157150907     
   19.281000000004280        7209.4659066625509     
   19.301000000004279        7180.0954019808296     
   19.321000000004279        7156.0781730694271     
   19.341000000004279        7131.9286307405109     
   19.361000000004278        7107.7592353219643     
   19.381000000004278        7083.5489582537048     
   19.401000000004277        7059.1018903616987     
   19.421000000004280        7034.2809792219468     
   19.441000000004280        7068.6319367425704     
   19.461000000004280        7069.9370079894406     
   19.481000000004279        7044.1442972904561     
   19.501000000004279        7018.2609076077570     
   19.521000000004278        6992.1316586545054     
   19.541000000004278        6990.3581392828028     
   19.561000000004277        6963.6569553387772     
   19.581000000004277        6923.6039702161152     
   19.601000000004280        6893.4138242546105     
   19.621000000004280        6862.9543488550635     
   19.641000000004279        6832.2134760800418     
   19.661000000004279        6801.1607328601303     
   19.681000000004278        6769.7725550924542     
   19.701000000004278        6738.0479526814379     
   19.721000000004278        6706.0152077841149     
   19.741000000004277        6673.7112640634086     
   19.761000000004280        6641.1426961573834     
   19.781000000004280        6608.2873990110184     
   19.801000000004279        6575.0990647316557     
   19.821000000004279        6541.5211609674325     
   19.841000000004279        6507.4956904346300     
   19.861000000004278        6472.9655347674270     
   19.881000000004278        6437.8812788979840     
   19.901000000004277        6409.5817640022706     
   19.921000000004280        6373.3944069975787     
   19.941000000004280        6336.9627912377100     
   19.961000000004280        6300.2703453203694     
   19.981000000004279        6263.0829662179976     
   20.001000000004279        6235.8743018373088     
   20.021000000004278        6197.6037887703087     
   20.041000000004278        6162.1644838860657     
   20.061000000004277        6120.8330373937224     
   20.081000000004277        6079.7985679843696     
   20.101000000004280        6038.9562290073800     
   20.121000000004280        5998.1467871053937     
   20.141000000004279        5957.0665041920929     
   20.161000000004279        5915.5714068616262     
   20.181000000004278        5873.5383012329112     
   20.201000000004278        5837.1603494292021     
   20.221000000004278        5799.6653406598953     
   20.241000000004277        5755.7528106107657     
   20.261000000004280        5711.8765398312271     
   20.281000000004280        5667.7297304351287     
   20.301000000004279        5623.1988779035610     
   20.321000000004279        5583.1246534398297     
   20.341000000004279        5537.9070898481486     
   20.361000000004278        5528.6539367397445     
   20.381000000004278        5488.2737462215673     
   20.401000000004277        5463.7956074166223     
   20.421000000004280        5410.5684923296767     
   20.441000000004280        5356.9787482492793     
   20.461000000004280        5303.0941826290318     
   20.481000000004279        5248.9506551044278     
   20.501000000004279        5194.5381796972852     
   20.521000000004278        5139.8413302912359     
   20.541000000004278        5084.8345482200648     
   20.561000000004277        5029.5233791521387     
   20.581000000004277        4973.9308013756390     
   20.601000000004280        4918.0866180640805     
   20.621000000004280        4862.0355590182462     
   20.641000000004279        4805.8205517814213     
   20.661000000004279        4749.4850011139060     
   20.681000000004278        4693.0829724524019     
   20.701000000004278        4666.9483897802320     
   20.721000000004278        4610.1803324188904     
   20.741000000004277        4553.6550601337512     
   20.761000000004280        4497.3992428185629     
   20.781000000004280        4441.4280895862266     
   20.801000000004279        4385.7563022757486     
   20.821000000004279        4330.3379310202881     
   20.841000000004279        4274.7649356259662     
   20.861000000004278        4250.8573131089943     
   20.881000000004278        4194.4735655103050     
   20.901000000004277        4138.1303013688857     
   20.921000000004280        4081.8853279519567     
   20.941000000004280        4025.7884138920258     
   20.961000000004280        3969.8973641677239     
   20.981000000004279        3914.2600638881950     
   21.001000000004279        3858.9086900126013     
   21.021000000004278        3803.8581782739052     
   21.041000000004278        3784.6978288630312     
   21.061000000004277        3728.9377050547259     
   21.081000000004277        3673.5190461791371     
   21.101000000004280        3618.4615572186167     
   21.121000000004280        3563.7623578015732     
   21.141000000004279        3509.4032132589309     
   21.161000000004279        3483.3179601971246     
   21.181000000004278        3466.8673820746958     
   21.201000000004278        3412.7150154183637     
   21.221000000004278        3358.8317384995185     
   21.241000000004277        3327.0974041381214     
   21.261000000004280        3272.9561480641241     
   21.281000000004280        3241.2695176019379     
   21.301000000004279        3219.8157950472641     
   21.321000000004279        3165.6266408761676     
   21.341000000004279        3111.5670936920396     
   21.361000000004278        3070.4141274900066     
   21.381000000004278        3016.3422861805170     
   21.401000000004277        2962.3567586235881     
   21.421000000004280        2897.5300062529227     
   21.441000000004280        2844.3510806586728     
   21.461000000004280        2791.2935858447413     
   21.481000000004279        2738.3575545238177     
   21.501000000004279        2685.5696788968589     
   21.521000000004278        2632.9895887169687     
   21.541000000004278        2580.6773393524827     
   21.561000000004277        2528.6877454552405     
   21.581000000004277        2477.0380448992501     
   21.601000000004280        2425.7586841708398     
   21.621000000004280        2402.7770174088218     
   21.641000000004279        2351.9350570685065     
   21.661000000004279        2301.7446851722916     
   21.681000000004278        2279.1468515170877     
   21.701000000004278        2229.8891939724394     
   21.721000000004278        2181.4801290564506     
   21.741000000004277        2133.5675240699175     
   21.761000000004280        2086.0283854931049     
   21.781000000004280        2038.8612176401011     
   21.801000000004279        1975.7012120357906     
   21.821000000004279        1929.8059845919568     
   21.841000000004279        1901.6014006426763     
   21.861000000004278        1855.9512913491803     
   21.881000000004278        1810.7714628337387     
   21.901000000004277        1759.5242915063257     
   21.921000000004280        1716.7342543367104     
   21.941000000004280        1674.3823665520154     
   21.961000000004280        1632.4567166822781     
   21.981000000004279        1590.9418452898792     
