   1.4999999992141966E-002   780.23890956484888     
   3.4999999992141970E-002   780.57136807344887     
   5.4999999992141967E-002   780.89797702512897     
   7.4999999992141964E-002   781.27694849166619     
   9.4999999992141967E-002   781.67210089745311     
  0.11499999999214197        781.90711926456493     
  0.13499999999214196        782.06105828407681     
  0.15499999999214198        782.42944726119924     
  0.17499999999214197        782.78995297808683     
  0.19499999999214196        783.51605997477259     
  0.21499999999214198        783.85594966038195     
  0.23499999999214197        784.00309229172365     
  0.25499999999214196        784.60520101265092     
  0.27499999999214197        784.61530914545926     
  0.29499999999214199        785.42911305487723     
  0.31499999999214195        785.16110261351298     
  0.33499999999214197        785.29541723197474     
  0.35499999999214199        786.15160574920151     
  0.37499999999214195        786.51918781272104     
  0.39499999999214197        786.97356460942990     
  0.41499999999214199        786.73280711811344     
  0.43499999999214195        787.72369301105641     
  0.45499999999214197        787.93425039066915     
  0.47499999999214199        787.94480370282383     
  0.49499999999214195        788.63199533773650     
  0.51499999999214197        789.18179715632857     
  0.53499999999214198        789.31893813191039     
  0.55499999999214200        790.45964054452327     
  0.57499999999214202        789.40250116318020     
  0.59499999999214193        790.79497507026338     
  0.61499999999214194        790.00255817117613     
  0.63499999999214196        790.79493587102286     
  0.65499999999214198        791.76015698134802     
  0.67499999999214200        791.09020350379194     
  0.69499999999214201        792.19115891996057     
  0.71499999999214203        792.19682682935934     
  0.73499999999214194        793.27364818702836     
  0.75499999999214196        793.08656683522509     
  0.77499999999214197        793.53152010590043     
  0.79499999999214199        794.94992262402502     
  0.81499999999214201        794.20524368886981     
  0.83499999999214203        794.88454119725816     
  0.85499999999214193        795.48678363335171     
  0.87499999999214195        794.52720453785128     
  0.89499999999214197        796.09403483255721     
  0.91499999999214199        796.35452644133318     
  0.93499999999214201        797.60681361152331     
  0.95499999999214202        797.09275969045871     
  0.97499999999214193        797.52404750497919     
  0.99499999999214195        796.89400080399878     
   1.0149999999921420        797.69488453531540     
   1.0349999999921420        798.32631751321219     
   1.0549999999921420        797.74517426305954     
   1.0749999999921420        798.99719694614464     
   1.0949999999921420        799.87926013562037     
   1.1149999999921421        798.67680634243277     
   1.1349999999921421        798.64013441310169     
   1.1549999999921421        799.79224175649176     
   1.1749999999921419        799.62300906084658     
   1.1949999999921419        802.81529239849658     
   1.2149999999921419        801.85751881455508     
   1.2349999999921419        799.63865120476976     
   1.2549999999921420        801.53299344152413     
   1.2749999999921420        804.82197717857491     
   1.2949999999921420        803.38509850009098     
   1.3149999999921420        804.83734589087965     
   1.3349999999921420        803.96069858057069     
   1.3549999999921420        804.95135755282718     
   1.3749999999921421        801.62670182311354     
   1.3949999999921421        803.85181766245171     
   1.4149999999921421        804.46432259632206     
   1.4349999999921419        806.69205835798050     
   1.4549999999921419        805.99938020605214     
   1.4749999999921419        805.01186681409547     
   1.4949999999921419        805.92594941213633     
   1.5149999999921420        806.89858424612589     
   1.5349999999921420        804.77836377841470     
   1.5549999999921420        807.10911676102239     
   1.5749999999921420        809.20823849165606     
   1.5949999999921420        808.72225184634556     
   1.6149999999921421        809.64265923768005     
   1.6349999999921421        807.53291980586573     
   1.6549999999921421        809.37954283740078     
   1.6749999999921421        809.52655761496703     
   1.6949999999921419        811.08826761263572     
   1.7149999999921419        810.54433552826379     
   1.7349999999921419        810.56378567718423     
   1.7549999999921420        810.61196352309821     
   1.7749999999921420        812.32841881434013     
   1.7949999999921420        814.11485824782324     
   1.8149999999921420        811.62217763578826     
   1.8349999999921420        811.67994990732643     
   1.8549999999921420        812.75159891135172     
   1.8749999999921421        815.11048985213642     
   1.8949999999921421        811.04878392424996     
   1.9149999999921421        813.02535020707103     
   1.9349999999921419        813.12716641404074     
   1.9549999999921419        815.38033476276405     
   1.9749999999921419        816.68086508634451     
   1.9949999999921419        815.55291908546542     
   2.0149999999921420        815.31545923975784     
   2.0349999999921420        814.88872686422326     
   2.0549999999921420        817.40023243891358     
   2.0749999999921420        817.83308477438936     
   2.0949999999921420        819.25911076150601     
   2.1149999999921421        817.25324023429050     
   2.1349999999921421        816.98254427313736     
   2.1549999999921421        819.73764490394660     
   2.1749999999921421        820.65659795480929     
   2.1949999999921421        822.18561127089561     
   2.2149999999921421        819.27977368596123     
   2.2349999999921422        819.61026102162384     
   2.2549999999921422        821.11523539789084     
   2.2749999999921422        819.06818754709502     
   2.2949999999921422        820.75671214998181     
   2.3149999999921422        821.48649184801798     
   2.3349999999921418        822.36913091823590     
   2.3549999999921418        821.50336989559185     
   2.3749999999921418        821.17337899761162     
   2.3949999999921419        826.75992932198938     
   2.4149999999921419        826.91494705802972     
   2.4349999999921419        826.83373318821225     
   2.4549999999921419        823.02106202750713     
   2.4749999999921419        823.25879000098371     
   2.4949999999921419        822.01842586770397     
   2.5149999999921420        826.26329428984945     
   2.5349999999921420        826.49356039851000     
   2.5549999999921420        828.19615792296452     
   2.5749999999921420        827.85656022578542     
   2.5949999999921420        828.52271699979599     
   2.6149999999921421        827.11500331974037     
   2.6349999999921421        828.08806476239363     
   2.6549999999921421        826.64329728461394     
   2.6749999999921421        831.05287584066332     
   2.6949999999921421        833.25992367646154     
   2.7149999999921421        833.24625115768288     
   2.7349999999921422        832.66113319376609     
   2.7549999999921422        828.18546060292556     
   2.7749999999921422        828.38163783764958     
   2.7949999999921422        829.94175884916046     
   2.8149999999921422        831.85448279638513     
   2.8349999999921418        829.70030504984311     
   2.8549999999921418        832.08469730692229     
   2.8749999999921418        836.22165387739437     
   2.8949999999921419        837.74485823361545     
   2.9149999999921419        840.07542985938949     
   2.9349999999921419        837.09056576827209     
   2.9549999999921419        836.35886929507853     
   2.9749999999921419        834.91727257447997     
   2.9949999999921419        836.92211522857247     
   3.0149999999921420        835.25785274959208     
   3.0349999999921420        834.23660164308774     
   3.0549999999921420        833.39744047436659     
   3.0749999999921420        831.28268933546144     
   3.0949999999921420        834.73436120104714     
   3.1149999999921421        835.30969843475839     
   3.1349999999921421        840.80067014171595     
   3.1549999999921421        839.52336103397579     
   3.1749999999921421        838.97964686906982     
   3.1949999999921421        841.69592473377509     
   3.2149999999921421        838.72954592192650     
   3.2349999999921422        840.87100890070599     
   3.2549999999921422        841.60289110092162     
   3.2749999999921422        840.13059365407287     
   3.2949999999921422        840.88513781941901     
   3.3149999999921422        838.71920377598974     
   3.3349999999921422        839.24171337034443     
   3.3549999999921418        839.72209328840790     
   3.3749999999921418        840.23493160202770     
   3.3949999999921419        840.78548398136286     
   3.4149999999921419        839.33462618988312     
   3.4349999999921419        840.64519284865730     
   3.4549999999921419        839.33630757767935     
   3.4749999999921419        846.02569965740781     
   3.4949999999921419        844.49192835251245     
   3.5149999999921420        843.99646445118503     
   3.5349999999921420        846.57592537911501     
   3.5549999999921420        846.78858637551104     
   3.5749999999921420        849.39798190646979     
   3.5949999999921420        853.32702851654051     
   3.6149999999921421        852.17289425914930     
   3.6349999999921421        850.64799669141007     
   3.6549999999921421        853.43661734605837     
   3.6749999999921421        851.63051069983203     
   3.6949999999921421        850.32441632512734     
   3.7149999999921421        849.26417092958661     
   3.7349999999921422        850.43962742759675     
   3.7549999999921422        851.83397914397699     
   3.7749999999921422        850.55059501885557     
   3.7949999999921422        845.39358756960269     
   3.8149999999921422        846.75426514555511     
   3.8349999999921422        848.74325622903666     
   3.8549999999921418        843.90428865661545     
   3.8749999999921418        844.74874287242335     
   3.8949999999921419        847.18532633617372     
   3.9149999999921419        849.44777100961278     
   3.9349999999921419        847.62220219151072     
   3.9549999999921419        849.39846930814508     
   3.9749999999921419        848.73681059774106     
   3.9949999999921419        847.78789743106893     
   4.0149999999921420        851.54155294725115     
   4.0349999999921424        856.49418977273115     
   4.0549999999921420        858.26071380882513     
   4.0749999999921425        858.17427635747333     
   4.0949999999921420        858.74380682141623     
   4.1149999999921416        860.22727808439470     
   4.1349999999921421        860.89246710244004     
   4.1549999999921416        859.83072733176766     
   4.1749999999921421        860.55786571322437     
   4.1949999999921417        861.91448775304173     
   4.2149999999921421        857.27494953126495     
   4.2349999999921417        857.97623692278739     
   4.2549999999921422        857.36884190045635     
   4.2749999999921418        854.98009311802389     
   4.2949999999921422        857.57818425516598     
   4.3149999999921418        859.56324294362844     
   4.3349999999921422        860.95486955811418     
   4.3549999999921418        858.01657535605125     
   4.3749999999921423        859.85216166659666     
   4.3949999999921419        858.96562759757239     
   4.4149999999921423        859.42343866012448     
   4.4349999999921419        856.51594658504268     
   4.4549999999921424        859.30899140228132     
   4.4749999999921419        864.34060378628908     
   4.4949999999921424        864.72289318515936     
   4.5149999999921420        866.46714608203104     
   4.5349999999921424        868.55938635184521     
   4.5549999999921420        868.90476844402349     
   4.5749999999921425        866.74113113191390     
   4.5949999999921420        866.23069064407105     
   4.6149999999921425        865.17200772161709     
   4.6349999999921421        865.71837768866385     
   4.6549999999921416        867.32282632217220     
   4.6749999999921421        867.79351472374981     
   4.6949999999921417        865.96319146464293     
   4.7149999999921421        864.31317715309933     
   4.7349999999921417        860.24479820280567     
   4.7549999999921422        861.37167399620000     
   4.7749999999921418        865.47966190762838     
   4.7949999999921422        868.17458850377716     
   4.8149999999921418        863.85758180869902     
   4.8349999999921422        865.34325828631768     
   4.8549999999921418        869.41631538432921     
   4.8749999999921423        871.07026459925157     
   4.8949999999921419        865.14611629140643     
   4.9149999999921423        867.45024684755788     
   4.9349999999921419        870.49908597124283     
   4.9549999999921424        872.33067093496641     
   4.9749999999921419        875.09213042724264     
   4.9949999999921424        874.98642894147793     
   5.0149999999921420        882.36367564215209     
   5.0349999999921424        885.96078126139730     
   5.0549999999921420        889.33252966417035     
   5.0749999999921425        891.87398936095417     
   5.0949999999921420        894.01400899976557     
   5.1149999999921425        896.21300803662996     
   5.1349999999921421        895.13996404077227     
   5.1549999999921416        900.25472785362001     
   5.1749999999921421        900.54435491958304     
   5.1949999999921417        898.31996444652941     
   5.2149999999921421        899.94352918013703     
   5.2349999999921417        900.87324553868166     
   5.2549999999921422        900.14105701627625     
   5.2749999999921418        898.26500680042273     
   5.2949999999921422        896.94994980077172     
   5.3149999999921418        897.35544366237627     
   5.3349999999921422        896.55529830643877     
   5.3549999999921418        895.73944254919195     
   5.3749999999921423        895.65134039148722     
   5.3949999999921419        895.08731626231804     
   5.4149999999921423        894.23344804957901     
   5.4349999999921419        889.72960858330737     
   5.4549999999921424        891.86343594622849     
   5.4749999999921419        891.56848170109470     
   5.4949999999921424        883.91336985774740     
   5.5149999999921420        884.07872158307657     
   5.5349999999921424        881.98236083655956     
   5.5549999999921420        884.52956390961924     
   5.5749999999921425        883.23603851034352     
   5.5949999999921420        881.14850374635387     
   5.6149999999921425        883.28036521053343     
   5.6349999999921421        885.92322152554289     
   5.6549999999921416        889.64002972401283     
   5.6749999999921421        886.17878311958714     
   5.6949999999921417        884.26351004714581     
   5.7149999999921421        886.17785859639685     
   5.7349999999921417        892.09229879722523     
   5.7549999999921422        893.65130100179283     
   5.7749999999921418        895.67070580365169     
   5.7949999999921422        898.82168531002526     
   5.8149999999921418        901.96220940027445     
   5.8349999999921422        903.86601902354039     
   5.8549999999921418        904.12002646303813     
   5.8749999999921423        899.35779403241088     
   5.8949999999921419        899.69660187525255     
   5.9149999999921423        900.00207345072624     
   5.9349999999921419        901.45640654160889     
   5.9549999999921424        901.00370430345504     
   5.9749999999921419        901.78027914756990     
   5.9949999999921424        903.95629622347144     
   6.0149999999921420        901.82796421298815     
   6.0349999999921424        902.92966394657333     
   6.0549999999921420        902.38702856916666     
   6.0749999999921425        900.63615063110365     
   6.0949999999921420        899.23863286276492     
   6.1149999999921425        899.54497064870964     
   6.1349999999921421        896.11367882224067     
   6.1549999999921425        895.86188284115030     
   6.1749999999921421        897.00814337745908     
   6.1949999999921417        900.58692954410867     
   6.2149999999921421        900.75324063155801     
   6.2349999999921417        902.86225051737358     
   6.2549999999921422        909.82061891648823     
   6.2749999999921418        910.83134037178161     
   6.2949999999921422        906.58745305933962     
   6.3149999999921418        906.12880250808189     
   6.3349999999921422        906.33673931505791     
   6.3549999999921418        910.52515952052136     
   6.3749999999921423        911.99396788205422     
   6.3949999999921419        912.72942478201333     
   6.4149999999921423        904.55911376645383     
   6.4349999999921419        907.63756654950816     
   6.4549999999921424        912.30784880029978     
   6.4749999999921419        912.93536712439254     
   6.4949999999921424        914.11381506275609     
   6.5149999999921420        913.94176785641048     
   6.5349999999921424        909.44616871115750     
   6.5549999999921420        913.98611528314564     
   6.5749999999921425        912.81651151999074     
   6.5949999999921420        912.51310573650551     
   6.6149999999921425        907.55093048357605     
   6.6349999999921421        902.56302552489512     
   6.6549999999921425        903.18593416532838     
   6.6749999999921421        904.31346293217950     
   6.6949999999921417        905.24503220611030     
   6.7149999999921421        905.84466585375651     
   6.7349999999921417        904.77928764852459     
   6.7549999999921422        903.60134458411653     
   6.7749999999921418        903.99931734474490     
   6.7949999999921422        902.63137373088477     
   6.8149999999921418        898.55122368192644     
   6.8349999999921422        899.50694220693208     
   6.8549999999921418        895.13812779152954     
   6.8749999999921423        893.82971736444586     
   6.8949999999921419        894.59816466223208     
   6.9149999999921423        889.13378756655175     
   6.9349999999921419        891.66203989192002     
   6.9549999999921424        889.51858511167825     
   6.9749999999921419        890.77324627075461     
   6.9949999999921424        891.77992098615834     
   7.0149999999921420        891.02474507092188     
   7.0349999999921424        889.50023858605368     
   7.0549999999921420        889.74190897887036     
   7.0749999999921425        886.63231394945808     
   7.0949999999921420        884.79290260898131     
   7.1149999999921425        885.06881291314858     
   7.1349999999921421        885.42909469178812     
   7.1549999999921425        889.37624677400117     
   7.1749999999921421        890.95150929967224     
   7.1949999999921417        891.02631632565601     
   7.2149999999921421        891.38676633622333     
   7.2349999999921417        891.19488074761978     
   7.2549999999921422        888.53676645132930     
   7.2749999999921418        888.71161426251558     
   7.2949999999921422        887.19155514781528     
   7.3149999999921418        887.00441668631800     
   7.3349999999921422        883.56505087474534     
   7.3549999999921418        882.95776081354347     
   7.3749999999921423        879.32628842742463     
   7.3949999999921419        878.59951480422501     
   7.4149999999921423        879.11875040988070     
   7.4349999999921419        878.68447219672157     
   7.4549999999921424        878.43132153899319     
   7.4749999999921419        880.07674488581745     
   7.4949999999921424        881.83181168973783     
   7.5149999999921420        882.24616509607608     
   7.5349999999921424        887.01892346690454     
   7.5549999999921420        880.80127020400073     
   7.5749999999921425        881.15560642214109     
   7.5949999999921420        878.46340888829388     
   7.6149999999921425        879.98121528146680     
   7.6349999999921421        882.62824256792612     
   7.6549999999921425        883.30053007288393     
   7.6749999999921421        882.19089474419059     
   7.6949999999921417        876.33278998208596     
   7.7149999999921421        879.55503236162781     
   7.7349999999921417        883.33802093974691     
   7.7549999999921422        884.73269829115372     
   7.7749999999921418        887.53778369328847     
   7.7949999999921422        890.97543918983422     
   7.8149999999921418        893.25336872262335     
   7.8349999999921422        891.27385172529080     
   7.8549999999921418        892.98155275365502     
   7.8749999999921423        894.80436840176958     
   7.8949999999921419        898.43475058143633     
   7.9149999999921423        900.50807337586741     
   7.9349999999921419        898.69828634339899     
   7.9549999999921424        900.54186686918035     
   7.9749999999921419        899.18277003056198     
   7.9949999999921424        901.28472990844182     
   8.0149999999921420        905.59624090914770     
   8.0349999999921415        909.89470368741911     
   8.0549999999921429        913.95278166464834     
   8.0749999999921425        920.29387722038632     
   8.0949999999921420        922.21517346938754     
   8.1149999999921416        926.12697351180532     
   8.1349999999921430        927.42603732654504     
   8.1549999999921425        928.33195079252437     
   8.1749999999921421        923.95490466769513     
   8.1949999999921417        929.93388758318792     
   8.2149999999921413        933.79230905900181     
   8.2349999999921426        933.40045443344331     
   8.2549999999921422        935.90927241904694     
   8.2749999999921418        936.67734200913401     
   8.2949999999921413        937.09283801760819     
   8.3149999999921427        937.24043893315218     
   8.3349999999921422        940.96765758784488     
   8.3549999999921418        940.74991250543451     
   8.3749999999921414        942.78228376426046     
   8.3949999999921427        944.64888724948855     
   8.4149999999921423        946.36854938651061     
   8.4349999999921419        946.47048254966364     
   8.4549999999921415        947.65620963855008     
   8.4749999999921428        946.78875001021720     
   8.4949999999921424        946.17384861577227     
   8.5149999999921420        947.81502732499882     
   8.5349999999921415        951.23383112403587     
   8.5549999999921429        950.98351006231701     
   8.5749999999921425        952.92342987026598     
   8.5949999999921420        955.07347722120790     
   8.6149999999921416        957.27417913347779     
   8.6349999999921430        957.99961486480004     
   8.6549999999921425        960.71965928592488     
   8.6749999999921421        963.16950267592108     
   8.6949999999921417        964.33213194872985     
   8.7149999999921430        965.96751561102815     
   8.7349999999921426        970.19318916232817     
   8.7549999999921422        970.41246874492367     
   8.7749999999921418        969.30786596552286     
   8.7949999999921413        970.46899904960082     
   8.8149999999921427        970.19645306612938     
   8.8349999999921422        970.15957159834466     
   8.8549999999921418        970.23588568654361     
   8.8749999999921414        970.46982478628888     
   8.8949999999921427        973.27420582976913     
   8.9149999999921423        973.11798456269855     
   8.9349999999921419        973.03691019945904     
   8.9549999999921415        972.28154415516144     
   8.9749999999921428        971.87733701299442     
   8.9949999999921424        970.89199252460890     
   9.0149999999921420        976.22169467099445     
   9.0349999999921415        981.73947840742221     
   9.0549999999921429        981.93859892036323     
   9.0749999999921425        980.64471432380935     
   9.0949999999921420        979.62268785883919     
   9.1149999999921416        978.10078183913720     
   9.1349999999921430        978.12178467231638     
   9.1549999999921425        977.06275951660893     
   9.1749999999921421        976.45321081750228     
   9.1949999999921417        975.47970947388831     
   9.2149999999921430        974.44100825972544     
   9.2349999999921426        973.22128365127116     
   9.2549999999921422        971.94788693194062     
   9.2749999999921418        970.69686749332595     
   9.2949999999921413        969.51510568669914     
   9.3149999999921427        968.74810635997164     
   9.3349999999921422        967.63008978175719     
   9.3549999999921418        968.46411942308328     
   9.3749999999921414        967.42065441873274     
   9.3949999999921427        968.48661128538106     
   9.4149999999921423        968.56557103177670     
   9.4349999999921419        967.29692576745163     
   9.4549999999921415        959.88945039611872     
   9.4749999999921428        958.93626540145169     
   9.4949999999921424        957.40391763326227     
   9.5149999999921420        960.29419042406369     
   9.5349999999921415        959.80186715421769     
   9.5549999999921429        959.35733808772829     
   9.5749999999921425        961.97820776444394     
   9.5949999999921420        955.31815082644596     
   9.6149999999921416        948.72184994930785     
   9.6349999999921430        948.36148843614899     
   9.6549999999921425        948.00234083454643     
   9.6749999999921421        947.67391506904687     
   9.6949999999921417        951.81831152081236     
   9.7149999999921430        953.73802207127585     
   9.7349999999921426        953.81712304698556     
   9.7549999999921422        954.02417844684521     
   9.7749999999921418        954.36853485232041     
   9.7949999999921413        947.84596736730612     
   9.8149999999921427        948.31577954944589     
   9.8349999999921422        948.57797159214385     
   9.8549999999921418        951.12841424589749     
   9.8749999999921414        954.11225645889590     
   9.8949999999921427        954.66235004886357     
   9.9149999999921423        948.34180262248617     
   9.9349999999921419        949.18290947141588     
   9.9549999999921415        946.16530737964035     
   9.9749999999921428        950.15657559036993     
   9.9949999999921424        951.32898420677861     
   10.014999999992142        955.03262593265481     
   10.034999999992142        958.55882633796671     
   10.054999999992143        959.98010643368218     
   10.074999999992142        960.50290750219904     
   10.094999999992142        965.09538740571134     
   10.114999999992142        965.73336895330283     
   10.134999999992143        969.43806286714187     
   10.154999999992143        970.23138960829363     
   10.174999999992142        971.00448195016440     
   10.194999999992142        971.71884955422968     
   10.214999999992143        971.17097663596962     
   10.234999999992143        974.96719218908140     
   10.254999999992142        978.65570987149954     
   10.274999999992142        974.58500660214474     
   10.294999999992141        978.20247719013901     
   10.314999999992143        984.83843134442202     
   10.334999999992142        985.13190555278902     
   10.354999999992142        979.99044390999165     
   10.374999999992141        979.74926077585542     
   10.394999999992143        979.30930996327777     
   10.414999999992142        985.02973244418160     
   10.434999999992142        987.30986782489231     
   10.454999999992141        989.60405356641729     
   10.474999999992143        991.99340492356964     
   10.494999999992142        990.75160706799556     
   10.514999999992142        991.18262861083770     
   10.534999999992142        994.07977137049431     
   10.554999999992143        992.09429410424923     
   10.574999999992142        998.32596055106183     
   10.594999999992142        999.19502241540147     
   10.614999999992142        998.03404257566820     
   10.634999999992143        1000.1917673159658     
   10.654999999992143        1000.4902751210311     
   10.674999999992142        1003.7350644224448     
   10.694999999992142        1004.4190526307077     
   10.714999999992143        1005.1259155963705     
   10.734999999992143        1012.3115695911309     
   10.754999999992142        1013.1328127369753     
   10.774999999992142        1013.9104655605058     
   10.794999999992141        1018.1620805210495     
   10.814999999992143        1018.7390519059728     
   10.834999999992142        1019.2596249270700     
   10.854999999992142        1019.7363831157024     
   10.874999999992141        1016.0932279395890     
   10.894999999992143        1021.1309055634434     
   10.914999999992142        1026.4498216109425     
   10.934999999992142        1026.8870528348482     
   10.954999999992141        1027.3182474676626     
   10.974999999992143        1027.7372281286075     
   10.994999999992142        1024.2260088023527     
   11.014999999992142        1024.5730761547925     
   11.034999999992142        1024.7457342025405     
   11.054999999992143        1024.7476404131903     
   11.074999999992142        1020.3979572311927     
   11.094999999992142        1022.1857390352175     
   11.114999999992142        1025.7846123343861     
   11.134999999992143        1025.8058500919612     
   11.154999999992143        1025.9503267223813     
   11.174999999992142        1026.0424662756818     
   11.194999999992142        1029.7889503879053     
   11.214999999992143        1029.7754216881146     
   11.234999999992143        1032.2721896975297     
   11.254999999992142        1039.5846146875303     
   11.274999999992142        1033.6920687570719     
   11.294999999992141        1041.2214683154907     
   11.314999999992143        1041.1561080232129     
   11.334999999992142        1037.3198680165522     
   11.354999999992142        1037.1412851152386     
   11.374999999992141        1039.3114584082593     
   11.394999999992143        1038.7662967373203     
   11.414999999992142        1038.0757773204748     
   11.434999999992142        1037.3840992668227     
   11.454999999992141        1036.6806473013135     
   11.474999999992143        1039.6558498264385     
   11.494999999992142        1038.7248112932782     
   11.514999999992142        1037.6511784529191     
   11.534999999992142        1039.9919659067693     
   11.554999999992143        1042.3728157454639     
   11.574999999992142        1041.3741086445227     
   11.594999999992142        1040.6165450383912     
   11.614999999992142        1037.7932253436491     
   11.634999999992143        1040.6501818770689     
   11.654999999992143        1039.5199477388960     
   11.674999999992142        1038.0847423174118     
   11.694999999992142        1039.1423189729094     
   11.714999999992143        1039.1046451309962     
   11.734999999992143        1028.8767660427593     
   11.754999999992142        1027.0515607635132     
   11.774999999992142        1025.4494687350877     
   11.794999999992141        1023.8618806446954     
   11.814999999992143        1022.2436518171572     
   11.834999999992142        1020.5927738674333     
   11.854999999992142        1018.6689985054339     
   11.874999999992141        1016.3397643706584     
   11.894999999992143        1013.6897271816994     
   11.914999999992142        1010.7852733805049     
   11.934999999992142        1007.9231187795040     
   11.954999999992141        1005.0657447125808     
   11.974999999992143        1002.0198726036182     
   11.994999999992142        998.98050549398840     
   12.014999999992142        998.04545995298849     
   12.034999999992142        996.99530098975538     
   12.054999999992143        994.53178643096123     
   12.074999999992142        993.30420458004357     
   12.094999999992142        990.41786361142704     
   12.114999999992142        987.88283493672782     
   12.134999999992143        982.79704103457243     
   12.154999999992143        978.59389539680478     
   12.174999999992142        974.00400306210918     
   12.194999999992142        970.23581276996674     
   12.214999999992143        964.69827753248410     
   12.234999999992143        949.89007616941615     
   12.254999999992142        944.82961356426154     
   12.274999999992142        940.11029805755959     
   12.294999999992143        935.28606427140596     
   12.314999999992143        930.20673405996365     
   12.334999999992142        924.93411448645224     
   12.354999999992142        919.49820948788147     
   12.374999999992141        916.02303491149075     
   12.394999999992143        910.31417756099052     
   12.414999999992142        904.55119634571349     
   12.434999999992142        898.73831715809024     
   12.454999999992141        895.47958570341120     
   12.474999999992143        889.49164610482376     
   12.494999999992142        885.97688937601197     
   12.514999999992142        882.27114886131369     
   12.534999999992142        875.83729670049615     
   12.554999999992143        870.76298793898002     
   12.574999999992142        864.21475232894750     
   12.594999999992142        850.42696367980659     
   12.614999999992142        843.90824663720809     
   12.634999999992143        837.79618379866668     
   12.654999999992143        824.31986909707473     
   12.674999999992142        821.42401790718441     
   12.694999999992142        815.46125957580819     
   12.714999999992143        809.36641604280271     
   12.734999999992143        803.17806195114804     
   12.754999999992142        796.95356296704233     
   12.774999999992142        792.14856955874404     
   12.794999999992143        776.06691106674009     
   12.814999999992143        759.74773599032028     
   12.834999999992142        752.98426836697683     
   12.854999999992142        746.36886915189882     
   12.874999999992141        740.03898575393441     
   12.894999999992143        733.54850887168811     
   12.914999999992142        726.75317168911374     
   12.934999999992142        719.66261061554542     
   12.954999999992141        714.34301305483370     
   12.974999999992143        709.78908086831404     
   12.994999999992142        702.85198849032554     
   13.014999999992142        695.83419246667711     
   13.034999999992142        688.78875630572395     
   13.054999999992143        670.62058149560926     
   13.074999999992142        663.61075883083868     
   13.094999999992142        656.49765736728591     
   13.114999999992142        652.15730709449554     
   13.134999999992143        646.89203604788338     
   13.154999999992143        633.59003591585179     
   13.174999999992142        626.45893590945320     
   13.194999999992142        619.32803370140016     
   13.214999999992143        600.48537980917445     
   13.234999999992143        593.15147993709411     
   13.254999999992142        585.79255054749035     
   13.274999999992142        567.21780711368012     
   13.294999999992143        560.11956307544369     
   13.314999999992143        554.32701879909962     
   13.334999999992142        547.35871607108140     
   13.354999999992142        542.22799253561209     
   13.374999999992141        536.82818946246061     
   13.394999999992143        529.10337679122961     
   13.414999999992142        521.17682638794429     
   13.434999999992142        513.06201100336443     
   13.454999999992141        505.96175092945185     
   13.474999999992143        497.95198924833795     
   13.494999999992142        490.36713248115450     
   13.514999999992142        484.89628082409604     
   13.534999999992142        477.20334087921481     
   13.554999999992143        469.32552598818768     
   13.574999999992142        461.29995157360008     
   13.594999999992142        453.53031206291502     
   13.614999999992142        444.03420721582444     
   13.634999999992143        428.41836076084263     
   13.654999999992143        420.64084580823214     
   13.674999999992142        410.99545937119427     
   13.694999999992142        393.88141308180593     
   13.714999999992143        386.25610457477762     
   13.734999999992143        378.66679705232247     
   13.754999999992142        371.03585349034535     
   13.774999999992142        363.30386499858605     
   13.794999999992143        355.48113750511459     
   13.814999999992143        347.60125549583137     
   13.834999999992142        339.64318021699637     
   13.854999999992142        332.85271205009371     
   13.874999999992141        324.70570722069783     
   13.894999999992143        316.52144916340978     
   13.914999999992142        308.33816562175588     
   13.934999999992142        301.96222007355402     
   13.954999999992141        294.98378956279743     
   13.974999999992143        285.56721436930826     
   13.994999999992142        277.54642924563200     
   14.014999999992142        263.93144653833821     
   14.034999999992142        256.24040843186066     
   14.054999999992143        248.75753406089260     
   14.074999999992142        235.47780015003821     
   14.094999999992142        229.43226862102250     
   14.114999999992142        216.64062519860829     
   14.134999999992143        209.94629483466164     
   14.154999999992143        197.71366884439226     
   14.174999999992142        191.50537021571469     
   14.194999999992142        179.78592083267961     
   14.214999999992143        173.82009095642562     
   14.234999999992143        163.72454696660827     
   14.254999999992142        158.08283012892073     
   14.274999999992142        152.22133435917280     
   14.294999999992143        147.01279602092060     
   14.314999999992143        137.43754821199181     
   14.334999999992142        132.70266421869962     
   14.354999999992142        125.70332489714944     
   14.374999999992141        120.44138663291437     
   14.394999999992143        115.41191221863234     
   14.414999999992142        110.47046266671735     
   14.434999999992142        105.57252115724950     
   14.454999999992141        100.73502411639481     
   14.474999999992143        95.968336391697292     
   14.494999999992142        88.264465068140140     
   14.514999999992142        81.109364147142472     
   14.534999999992142        75.389165829853823     
   14.554999999992143        68.851591971067862     
   14.574999999992142        65.118240185460579     
   14.594999999992142        61.466438925245576     
   14.614999999992142        57.882392668584963     
   14.634999999992143        54.377270184268433     
   14.654999999992143        50.966400460556386     
   14.674999999992142        47.619550891018960     
   14.694999999992142        44.310861324063858     
   14.714999999992143        41.038240524791966     
   14.734999999992143        37.803020973586946     
   14.754999999992142        34.611915138749687     
   14.774999999992142        31.589017673299615     
   14.794999999992143        28.734765313865111     
   14.814999999992143        25.703644745342896     
   14.834999999992142        23.245537097351637     
   14.854999999992142        20.902711477876856     
   14.874999999992141        18.788074195901775     
   14.894999999992143        16.830418687762808     
   14.914999999992142        14.990481108958216     
   14.934999999992142        13.081077480027490     
   14.954999999992141        11.346354065163030     
   14.974999999992143        9.8747309492544133     
   14.994999999992142        8.5087737026202515     
   15.014999999992142        6.9660270899197947     
   15.034999999992142        5.8132939229451859     
   15.054999999992143        4.7636029235816926     
   15.074999999992142        3.6692005318278635     
   15.094999999992142        2.8571788391604556     
   15.114999999992142        2.1536750338085384     
   15.134999999992143        1.5649902512748759     
   15.154999999992143        1.0969272015944924     
   15.174999999992142       0.75037848521899342     
   15.194999999992142       0.52424494865350180     
   15.214999999992143       0.41362291384491329     
   15.234999999992143       0.41611588693731549     
   15.254999999992142       0.53152069706880856     
   15.274999999992142       0.76372611743632224     
   15.294999999992143        1.1044137852585487     
   15.314999999992143        1.5562170064851075     
   15.334999999992142        2.1226732185306494     
   15.354999999992142        2.7942394430331920     
   15.374999999992141        3.5795621079417335     
   15.394999999992143        4.4811411112443702     
   15.414999999992142        5.4835683045489896     
   15.434999999992142        6.5822221572182524     
   15.454999999992141        7.6860023491066372     
   15.474999999992143        9.0072045286532507     
   15.494999999992142        10.455895319215674     
   15.514999999992142        12.041950250466096     
   15.534999999992142        13.744476478197964     
   15.554999999992143        15.433162429955733     
   15.574999999992142        17.170283072891646     
   15.594999999992142        19.013282085471761     
   15.614999999992142        20.994397060831801     
   15.634999999992143        22.830997982329833     
   15.654999999992143        24.835947712712567     
   15.674999999992142        26.937235359602784     
   15.694999999992142        29.147540345965570     
   15.714999999992143        31.477956659173877     
   15.734999999992143        33.944698129468293     
   15.754999999992142        36.554454018457228     
   15.774999999992142        39.303819012244894     
   15.794999999992143        42.174232362393191     
   15.814999999992143        45.147091039581184     
   15.834999999992142        48.204867421732303     
   15.854999999992142        51.335220389641378     
   15.874999999992143        54.229401513522461     
   15.894999999992143        57.470959883382783     
   15.914999999992142        60.768240742970775     
   15.934999999992142        63.762847918181585     
   15.954999999992141        67.159163341956969     
   15.974999999992143        70.658232996443061     
   15.994999999992142        74.291363366968483     
   16.014999999992142        78.083741066039565     
   16.034999999992142        82.030830536714603     
   16.054999999992141        86.071344100106629     
   16.074999999992141        90.159674525201694     
   16.094999999992144        94.316767443472401     
   16.114999999992143        98.540944256669391     
   16.134999999992143        102.75107284222763     
   16.154999999992143        107.41798545934995     
   16.174999999992142        111.90281892871384     
   16.194999999992142        116.43654268373642     
   16.214999999992141        121.01133335828077     
   16.234999999992141        125.63912640475441     
   16.254999999992144        130.33089677499945     
   16.274999999992144        135.08193936632227     
   16.294999999992143        139.87879437945841     
   16.314999999992143        144.70742057903837     
   16.334999999992142        149.57935159032041     
   16.354999999992142        154.83047931955727     
   16.374999999992141        160.18583304549705     
   16.394999999992141        165.24248869074719     
   16.414999999992141        170.35611709730466     
   16.434999999992144        175.53519212289291     
   16.454999999992143        180.77836725574147     
   16.474999999992143        185.79675356060721     
   16.494999999992142        191.10508662666922     
   16.514999999992142        196.41597675232737     
   16.534999999992142        201.70434943652512     
   16.554999999992141        206.95006052273794     
   16.574999999992141        212.15472134992783     
   16.594999999992144        217.33966982214869     
   16.614999999992143        222.53629693812911     
   16.634999999992143        227.77407281557484     
   16.654999999992143        233.76411036184547     
   16.674999999992142        239.15873956537294     
   16.694999999992142        244.66761779297133     
   16.714999999992141        250.31053686391272     
   16.734999999992141        256.04190910429924     
   16.754999999992144        261.74375254219160     
   16.774999999992144        269.03098164293664     
   16.794999999992143        274.81408787947163     
   16.814999999992143        280.64509705143240     
   16.834999999992142        286.26890676692335     
   16.854999999992142        292.01199337341507     
   16.874999999992141        297.78067714200267     
   16.894999999992141        303.59041875719657     
   16.914999999992141        309.44968504751074     
   16.934999999992144        315.39307015718020     
   16.954999999992143        321.44687740553684     
   16.974999999992143        327.51178481418043     
   16.994999999992142        333.49299185781160     
   17.014999999992142        339.45090179261746     
   17.034999999992142        346.89084511878349     
   17.054999999992141        352.72672529542211     
   17.074999999992141        358.74956149775642     
   17.094999999992144        364.69620589337569     
   17.114999999992143        370.64372316510583     
   17.134999999992143        376.66512521641704     
   17.154999999992143        384.48616096156940     
   17.174999999992142        390.69205357881953     
   17.194999999992142        399.21948159498533     
   17.214999999992141        405.51704663575839     
   17.234999999992141        410.99283280846515     
   17.254999999992144        417.20501663009503     
   17.274999999992144        423.43011735706000     
   17.294999999992143        431.93472201180009     
   17.314999999992143        438.41120960920352     
   17.334999999992142        447.12827080871108     
   17.354999999992142        453.76025586416119     
   17.374999999992141        460.48892349629637     
   17.394999999992141        467.38561379156164     
   17.414999999992144        474.44735822466373     
   17.434999999992144        481.54652594261853     
   17.454999999992143        488.47282178313259     
   17.474999999992143        495.19870329141003     
   17.494999999992142        501.77069412033626     
   17.514999999992142        508.22082916379861     
   17.534999999992142        514.53140934495798     
   17.554999999992141        522.07913727677931     
   17.574999999992141        528.05958726149129     
   17.594999999992144        534.21749511174073     
   17.614999999992143        540.47547523791968     
   17.634999999992143        546.94365105084614     
   17.654999999992143        553.65345225169051     
   17.674999999992142        560.47921616656163     
   17.694999999992142        567.30512783590029     
   17.714999999992141        574.15445478658205     
   17.734999999992141        581.06845536146511     
   17.754999999992144        587.99571328377340     
   17.774999999992144        594.78583238396914     
   17.794999999992143        601.35345633518637     
   17.814999999992143        607.70537092007214     
   17.834999999992142        613.94163268660895     
   17.854999999992142        620.11620461141081     
   17.874999999992141        624.71662279483894     
   17.894999999992141        630.78744382653156     
   17.914999999992144        636.83193004407224     
   17.934999999992144        642.83794296342967     
   17.954999999992143        646.95412427170265     
   17.974999999992143        652.69184107777892     
   17.994999999992142        658.44038636348591     
   18.014999999992142        664.36524666598564     
   18.034999999992142        670.37981587641877     
   18.054999999992141        676.69282210411359     
   18.074999999992141        682.94263512377552     
   18.094999999992144        689.26604322128355     
   18.114999999992143        695.88654733709097     
   18.134999999992143        702.15735302491919     
   18.154999999992143        708.30166187388556     
   18.174999999992142        714.27773678533549     
   18.194999999992142        716.01569639200022     
   18.214999999992141        721.82337149241550     
   18.234999999992141        727.51923727962719     
   18.254999999992144        733.10079619528005     
   18.274999999992144        739.17789634176438     
   18.294999999992143        744.47495313095817     
   18.314999999992143        749.63541389848490     
   18.334999999992142        754.78812735343718     
   18.354999999992142        760.03341003420690     
   18.374999999992141        765.38054268781946     
   18.394999999992141        770.76945470667420     
   18.414999999992144        776.04563493814783     
   18.434999999992144        781.17889566996666     
   18.454999999992143        786.20802998337081     
   18.474999999992143        791.18526061498733     
   18.494999999992142        796.13022646015031     
   18.514999999992142        801.05214520089919     
   18.534999999992142        805.95257750688268     
   18.554999999992141        810.83637730783630     
   18.574999999992141        815.71393618543834     
   18.594999999992144        820.58680940103318     
   18.614999999992143        825.44993857886163     
   18.634999999992143        830.30843265998533     
   18.654999999992143        835.16785480662907     
   18.674999999992142        840.02651779498490     
   18.694999999992142        844.87618430021098     
   18.714999999992141        849.71018600794935     
   18.734999999992141        854.53278902121997     
   18.754999999992144        859.30490157454540     
   18.774999999992144        863.92257549978513     
   18.794999999992143        868.37231924332923     
   18.814999999992143        872.64322064789974     
   18.834999999992142        879.29239164226965     
   18.854999999992142        883.45565975923512     
   18.874999999992141        887.69077272053994     
   18.894999999992141        874.93800767453592     
   18.914999999992144        879.37392120817333     
   18.934999999992144        883.85496835804236     
   18.954999999992143        875.09084182143738     
   18.974999999992143        879.92380162966003     
   18.994999999992142        894.28331644816137     
   19.014999999992142        902.28749584705531     
   19.034999999992142        907.13479890713461     
   19.054999999992141        911.93933662181360     
   19.074999999992141        916.71485543697429     
   19.094999999992144        921.44026575979080     
   19.114999999992143        926.16117702420615     
   19.134999999992143        930.85427017477991     
   19.154999999992143        939.37252470587543     
   19.174999999992142        943.98311252872679     
   19.194999999992142        932.78293527762696     
   19.214999999992141        937.48737034316503     
   19.234999999992141        926.30437913868036     
   19.254999999992144        931.21684063900705     
   19.274999999992144        936.16866578831173     
   19.294999999992143        941.15896758952897     
   19.314999999992143        946.15555129441213     
   19.334999999992142        951.07289198821309     
   19.354999999992142        955.90213448193845     
   19.374999999992141        960.67355514400583     
   19.394999999992141        965.42982991311544     
   19.414999999992144        970.19595972393688     
   19.434999999992144        980.12309475422717     
   19.454999999992143        984.95221326331432     
   19.474999999992143        989.82013694405498     
   19.494999999992142        994.71871162573837     
   19.514999999992142        999.64131102194233     
   19.534999999992142        1004.5910109074247     
   19.554999999992141        1009.5774902642187     
   19.574999999992141        1014.5796452786252     
   19.594999999992144        1002.3120934938160     
   19.614999999992143        1007.4832057495008     
   19.634999999992143        1012.4824561821671     
   19.654999999992143        1017.3689507158213     
   19.674999999992142        1022.1874874481831     
   19.694999999992142        1026.9481873258890     
   19.714999999992141        1038.2310653834857     
   19.734999999992141        1042.9815205026923     
   19.754999999992144        1047.7727443634321     
   19.774999999992144        1052.5977462393046     
   19.794999999992143        1057.3996639417385     
   19.814999999992143        1044.8598135606233     
   19.834999999992142        1049.7414235308840     
   19.854999999992142        1054.5767837424457     
   19.874999999992141        1059.3910986702299     
   19.894999999992141        1064.2022196754956     
   19.914999999992144        1052.5802915301540     
   19.934999999992144        1057.6092032754059     
   19.954999999992143        1062.6022002393254     
   19.974999999992143        1067.5371148612060     
   19.994999999992142        1072.3760101026432     
   20.014999999992142        1085.0303175841448     
   20.034999999992142        1089.5730998448494     
   20.054999999992141        1093.9356798614835     
   20.074999999992141        1106.3597386506322     
   20.094999999992144        1110.3873256699542     
   20.114999999992143        1114.2823152978763     
   20.134999999992143        1118.0626066724785     
   20.154999999992143        1121.7590101170988     
   20.174999999992142        1130.6724598342319     
   20.194999999992142        1134.3854258958329     
   20.214999999992141        1138.1143650707122     
   20.234999999992141        1141.8620308056029     
   20.254999999992144        1145.6218097224939     
   20.274999999992144        1158.6122849149383     
   20.294999999992143        1162.3446705805102     
   20.314999999992143        1166.0269272388350     
   20.334999999992142        1169.6303244499622     
   20.354999999992142        1173.1444701860964     
   20.374999999992141        1176.5717341705429     
   20.394999999992141        1179.9038640015824     
   20.414999999992144        1183.1362074467766     
   20.434999999992144        1188.6538477852657     
   20.454999999992143        1202.1348793056995     
   20.474999999992143        1205.4124367778641     
   20.494999999992142        1218.9111022024199     
   20.514999999992142        1221.9326943448368     
   20.534999999992142        1224.8454807454191     
   20.554999999992141        1217.6017860407712     
   20.574999999992141        1220.5230575578273     
   20.594999999992144        1223.3374964474258     
   20.614999999992143        1226.0497786885253     
   20.634999999992143        1228.6672165536627     
   20.654999999992143        1231.1683802598577     
   20.674999999992142        1233.5148920299268     
   20.694999999992142        1235.7097094956137     
   20.714999999992141        1225.6701225538409     
   20.734999999992141        1227.4278851518181     
   20.754999999992144        1229.0474102657165     
   20.774999999992144        1230.5292109627321     
   20.794999999992143        1231.8822937821042     
   20.814999999992143        1233.1217670559811     
   20.834999999992142        1234.2579298096307     
   20.854999999992142        1235.3048641037060     
   20.874999999992141        1236.2872383741660     
   20.894999999992141        1237.2212165747605     
   20.914999999992144        1238.1197540901701     
   20.934999999992144        1249.8224008880466     
   20.954999999992143        1250.7181078043920     
   20.974999999992143        1252.4988184375040     
   20.994999999992142        1253.4762582847391     
   21.014999999992142        1261.8319170012062     
   21.034999999992142        1263.0252908941779     
   21.054999999992141        1264.2172591246817     
   21.074999999992141        1265.3995174665033     
   21.094999999992144        1266.5623169371108     
   21.114999999992143        1265.4737461159882     
   21.134999999992143        1278.1510618295647     
   21.154999999992143        1279.4047778068973     
   21.174999999992142        1279.1920984685696     
   21.194999999992142        1280.4413582422258     
   21.214999999992141        1280.9808177871621     
   21.234999999992141        1282.4644354220595     
   21.254999999992144        1283.9232817135335     
   21.274999999992144        1285.3467499793446     
   21.294999999992143        1286.9638367153943     
   21.314999999992143        1288.5979530705392     
   21.334999999992142        1291.6207408571884     
   21.354999999992142        1305.6371972084848     
   21.374999999992141        1307.5615206090899     
   21.394999999992141        1309.5029159324645     
   21.414999999992144        1311.4612015754415     
   21.434999999992144        1313.4326683709469     
   21.454999999992143        1327.8100106299516     
   21.474999999992143        1332.9963795329570     
   21.494999999992142        1335.1535357970988     
   21.514999999992142        1337.2864865443441     
   21.534999999992142        1339.3735464486908     
   21.554999999992141        1341.3867002396312     
   21.574999999992141        1343.3266338133733     
   21.594999999992144        1345.2023080925057     
   21.614999999992143        1347.0221520662487     
   21.634999999992143        1348.7932399067668     
   21.654999999992143        1350.5228070349028     
   21.674999999992142        1352.2171896901532     
   21.694999999992142        1353.8798895143309     
   21.714999999992141        1355.5053631485030     
   21.734999999992141        1352.4441714656905     
   21.754999999992144        1353.9175703122523     
   21.774999999992144        1363.0086679424105     
   21.794999999992143        1364.5850238749249     
   21.814999999992143        1374.4151309070812     
   21.834999999992142        1376.1241591576099     
   21.854999999992142        1377.8462903579382     
   21.874999999992141        1379.5640309964590     
   21.894999999992141        1381.2518071397581     
   21.914999999992144        1382.9085681846398     
   21.934999999992144        1384.5400188503081     
   21.954999999992143        1386.1610083816643     
   21.974999999992143        1380.1475666075753     
   21.994999999992142        1381.8585377518893     
   22.014999999992142        1383.5152524128684     
   22.034999999992142        1385.1062390885270     
   22.054999999992141        1386.6382214871069     
   22.074999999992141        1388.1173315213159     
   22.094999999992144        1389.5479408369895     
   22.114999999992143        1382.2457685827164     
   22.134999999992143        1383.7287495873775     
   22.154999999992143        1385.1817238551885     
   22.174999999992142        1386.6084257837285     
   22.194999999992142        1388.0119464738420     
   22.214999999992141        1389.3931201376449     
   22.234999999992141        1405.5092784423773     
   22.254999999992144        1406.8760067550277     
   22.274999999992144        1408.2362493974802     
   22.294999999992143        1409.6004063077132     
   22.314999999992143        1410.9671222680629     
   22.334999999992142        1412.3281140645636     
   22.354999999992142        1413.6732037831962     
   22.374999999992141        1414.9962980295957     
   22.394999999992141        1416.2968303670343     
   22.414999999992144        1417.5671490679958     
   22.434999999992144        1418.7767065457490     
   22.454999999992143        1419.9947864200449     
   22.474999999992143        1421.3208417133044     
   22.494999999992142        1437.4873069754299     
   22.514999999992142        1454.7019696596078     
   22.534999999992142        1443.4833099115604     
   22.554999999992141        1444.9833006033170     
   22.574999999992141        1446.4106953512173     
