   3.5999999985506292E-002   1793.8048587397275     
   5.5999999985506296E-002   1794.4091040697076     
   7.5999999985506300E-002   1794.9428554483588     
   9.5999999985506290E-002   1795.4687581210519     
  0.11599999998550629        1796.0662608934490     
  0.13599999998550630        1796.6430522458572     
  0.15599999998550629        1797.3989071037508     
  0.17599999998550631        1797.8619842175669     
  0.19599999998550630        1798.3741331425713     
  0.21599999998550629        1798.7292860214359     
  0.23599999998550630        1800.1881687740520     
  0.25599999998550627        1800.3924974206643     
  0.27599999998550628        1800.1640136831454     
  0.29599999998550630        1801.8526207074162     
  0.31599999998550632        1801.5825662698439     
  0.33599999998550628        1802.5290455888633     
  0.35599999998550630        1802.6990215593794     
  0.37599999998550632        1803.7429693163735     
  0.39599999998550628        1803.7618164342834     
  0.41599999998550630        1803.8791117475735     
  0.43599999998550631        1804.7281554265737     
  0.45599999998550628        1806.3568778842066     
  0.47599999998550629        1805.5511362005409     
  0.49599999998550631        1806.2788503130978     
  0.51599999998550627        1807.9978002766663     
  0.53599999998550629        1809.2530324280201     
  0.55599999998550631        1809.0329661915509     
  0.57599999998550633        1809.9960829212380     
  0.59599999998550635        1810.5698448631772     
  0.61599999998550625        1809.9852704963391     
  0.63599999998550627        1810.9190827075977     
  0.65599999998550629        1812.4330408848607     
  0.67599999998550631        1811.4100985221055     
  0.69599999998550632        1813.9970762674429     
  0.71599999998550634        1812.7304746689233     
  0.73599999998550636        1813.1174326399168     
  0.75599999998550627        1814.0633853120103     
  0.77599999998550628        1814.5229070125140     
  0.79599999998550630        1816.9068514585717     
  0.81599999998550632        1816.5848623570428     
  0.83599999998550634        1818.9754351702004     
  0.85599999998550635        1817.0722203730247     
  0.87599999998550626        1819.1924116336991     
  0.89599999998550628        1819.9187683562882     
  0.91599999998550630        1816.2912431517484     
  0.93599999998550631        1819.8236279204273     
  0.95599999998550633        1822.2675679088834     
  0.97599999998550635        1819.9581490434325     
  0.99599999998550626        1822.6695538333611     
   1.0159999999855063        1824.1348796570487     
   1.0359999999855063        1818.6075535126138     
   1.0559999999855063        1825.1895331100293     
   1.0759999999855063        1824.8651496628140     
   1.0959999999855063        1822.4528163983575     
   1.1159999999855064        1824.9314417270164     
   1.1359999999855064        1823.8385856573184     
   1.1559999999855064        1827.1750385913213     
   1.1759999999855064        1825.0995401729776     
   1.1959999999855062        1826.6270562577668     
   1.2159999999855062        1828.9620631153668     
   1.2359999999855062        1828.0315036152263     
   1.2559999999855063        1830.9565233396740     
   1.2759999999855063        1828.9734900047222     
   1.2959999999855063        1829.5199850785204     
   1.3159999999855063        1828.8047041495038     
   1.3359999999855063        1832.1559984187936     
   1.3559999999855064        1833.8932883928862     
   1.3759999999855064        1832.7050368055834     
   1.3959999999855064        1835.0049003349820     
   1.4159999999855064        1834.3310483456198     
   1.4359999999855064        1834.2102179158562     
   1.4559999999855062        1834.9288510499803     
   1.4759999999855062        1832.6005888110149     
   1.4959999999855063        1834.5825162849949     
   1.5159999999855063        1838.8057744280534     
   1.5359999999855063        1835.9787825670996     
   1.5559999999855063        1833.8123603056777     
   1.5759999999855063        1842.0606744987283     
   1.5959999999855063        1841.3778280148404     
   1.6159999999855064        1835.2364591442431     
   1.6359999999855064        1839.9770216058826     
   1.6559999999855064        1841.0414244887465     
   1.6759999999855064        1844.7299674457045     
   1.6959999999855064        1838.9367116208555     
   1.7159999999855062        1841.1739921407598     
   1.7359999999855062        1843.2482249168484     
   1.7559999999855063        1842.8937086965086     
   1.7759999999855063        1842.8230116068364     
   1.7959999999855063        1844.7619335739582     
   1.8159999999855063        1841.1875928964873     
   1.8359999999855063        1843.4079802902847     
   1.8559999999855064        1847.3641948589088     
   1.8759999999855064        1846.2743132895782     
   1.8959999999855064        1851.0601388692346     
   1.9159999999855064        1851.5366309633189     
   1.9359999999855064        1849.2755316397695     
   1.9559999999855062        1849.8803414555662     
   1.9759999999855062        1851.2846681271249     
   1.9959999999855063        1850.8255215619420     
   2.0159999999855063        1854.3470686069038     
   2.0359999999855063        1858.2789082872944     
   2.0559999999855063        1854.1601481060479     
   2.0759999999855063        1850.7652619496394     
   2.0959999999855063        1857.0305768634544     
   2.1159999999855064        1850.3490875878156     
   2.1359999999855064        1851.0391331422259     
   2.1559999999855064        1858.1786489043188     
   2.1759999999855064        1855.9832243103490     
   2.1959999999855064        1855.3034417578363     
   2.2159999999855065        1860.7951104415854     
   2.2359999999855065        1862.3195585458247     
   2.2559999999855065        1857.2636191385113     
   2.2759999999855065        1857.4641819722967     
   2.2959999999855065        1858.9455010918778     
   2.3159999999855065        1863.4445883097767     
   2.3359999999855066        1864.4398006473966     
   2.3559999999855061        1865.5363050996298     
   2.3759999999855062        1864.0045574920539     
   2.3959999999855062        1860.7997570540242     
   2.4159999999855062        1859.6521439207938     
   2.4359999999855062        1863.5446628548518     
   2.4559999999855062        1861.0193614507914     
   2.4759999999855062        1863.7958953270870     
   2.4959999999855063        1867.0669557148760     
   2.5159999999855063        1868.4753165713166     
   2.5359999999855063        1865.7876134479970     
   2.5559999999855063        1869.0927781871412     
   2.5759999999855063        1867.5887264496755     
   2.5959999999855063        1868.8188037378229     
   2.6159999999855064        1869.2331784436094     
   2.6359999999855064        1865.9165993582928     
   2.6559999999855064        1864.0948979423799     
   2.6759999999855064        1867.6220924969948     
   2.6959999999855064        1866.5261945712484     
   2.7159999999855065        1869.5111350508346     
   2.7359999999855065        1873.7269287239442     
   2.7559999999855065        1871.9615954750559     
   2.7759999999855065        1874.7976264532185     
   2.7959999999855065        1876.4413484667498     
   2.8159999999855065        1874.6235475024423     
   2.8359999999855066        1875.4483001535773     
   2.8559999999855061        1883.3125241590180     
   2.8759999999855062        1878.5985369790783     
   2.8959999999855062        1878.1347388570109     
   2.9159999999855062        1875.7784692484724     
   2.9359999999855062        1874.2772556984723     
   2.9559999999855062        1873.8879798782586     
   2.9759999999855062        1874.2591876429469     
   2.9959999999855063        1881.4835768092532     
   3.0159999999855063        1883.2823050020563     
   3.0359999999855063        1884.5909745711276     
   3.0559999999855063        1884.8219698912283     
   3.0759999999855063        1879.1856497413376     
   3.0959999999855063        1879.7793807480209     
   3.1159999999855064        1876.6136263326880     
   3.1359999999855064        1881.5084958144880     
   3.1559999999855064        1894.1543691773238     
   3.1759999999855064        1890.6652228492796     
   3.1959999999855064        1891.4527229227435     
   3.2159999999855065        1888.1703268843783     
   3.2359999999855065        1888.0511819185574     
   3.2559999999855065        1888.4293936017248     
   3.2759999999855065        1888.2386346760807     
   3.2959999999855065        1884.9436810601283     
   3.3159999999855065        1885.5276340321361     
   3.3359999999855066        1888.9440359375596     
   3.3559999999855066        1891.6640725323007     
   3.3759999999855062        1884.5006583028555     
   3.3959999999855062        1884.7216666403142     
   3.4159999999855062        1888.7369082108028     
   3.4359999999855062        1892.0310593417221     
   3.4559999999855062        1892.8218060465176     
   3.4759999999855062        1898.8848176323645     
   3.4959999999855063        1897.8940355003388     
   3.5159999999855063        1898.8767709545655     
   3.5359999999855063        1898.1655030894442     
   3.5559999999855063        1901.3741477536353     
   3.5759999999855063        1899.2347555173458     
   3.5959999999855063        1893.8960950598560     
   3.6159999999855064        1894.2977862188907     
   3.6359999999855064        1892.3934749822104     
   3.6559999999855064        1889.9918579126063     
   3.6759999999855064        1893.6477792161754     
   3.6959999999855064        1895.2152968502126     
   3.7159999999855065        1897.8228392713768     
   3.7359999999855065        1898.5612598991816     
   3.7559999999855065        1902.4634947037775     
   3.7759999999855065        1900.8191958135419     
   3.7959999999855065        1901.0851093127274     
   3.8159999999855065        1904.4575494734233     
   3.8359999999855066        1905.7427003518521     
   3.8559999999855066        1908.4910593911072     
   3.8759999999855062        1909.2119547835919     
   3.8959999999855062        1911.5793004616585     
   3.9159999999855062        1908.8993669045769     
   3.9359999999855062        1909.6104247669145     
   3.9559999999855062        1910.2363492005347     
   3.9759999999855062        1909.9759317292671     
   3.9959999999855063        1915.0892348510415     
   4.0159999999855067        1918.4500394852339     
   4.0359999999855063        1920.7374506391218     
   4.0559999999855068        1922.4925628241408     
   4.0759999999855063        1922.8426198286604     
   4.0959999999855068        1920.0291104042319     
   4.1159999999855064        1916.6843864882399     
   4.1359999999855059        1914.4631097563365     
   4.1559999999855064        1914.9168388962796     
   4.1759999999855060        1922.5331037071410     
   4.1959999999855064        1926.2827952568134     
   4.2159999999855060        1920.0816527550687     
   4.2359999999855065        1918.2622653348626     
   4.2559999999855060        1921.1955946966455     
   4.2759999999855065        1921.3486983101609     
   4.2959999999855061        1923.2851897500409     
   4.3159999999855065        1922.9521618934423     
   4.3359999999855061        1924.5360736353427     
   4.3559999999855066        1923.7261071748364     
   4.3759999999855062        1926.5540302864511     
   4.3959999999855066        1925.2405564670535     
   4.4159999999855062        1925.9460369126700     
   4.4359999999855066        1925.4462193860363     
   4.4559999999855062        1925.8307720816322     
   4.4759999999855067        1931.4200098053645     
   4.4959999999855063        1926.3665109772735     
   4.5159999999855067        1928.0726671595282     
   4.5359999999855063        1924.6479677476327     
   4.5559999999855068        1931.5445185428562     
   4.5759999999855063        1931.0505355765340     
   4.5959999999855068        1932.7493938779508     
   4.6159999999855064        1934.5700657444920     
   4.6359999999855068        1937.0194341595075     
   4.6559999999855064        1936.1450969749601     
   4.6759999999855060        1936.8429046968351     
   4.6959999999855064        1932.3880551271668     
   4.7159999999855060        1938.2120120981367     
   4.7359999999855065        1942.5519610004924     
   4.7559999999855060        1942.5175555286617     
   4.7759999999855065        1937.3568836860397     
   4.7959999999855061        1933.2985875480260     
   4.8159999999855065        1931.4823241104264     
   4.8359999999855061        1921.6159541823527     
   4.8559999999855066        1926.2411578041138     
   4.8759999999855062        1924.7010584915349     
   4.8959999999855066        1926.9025333686134     
   4.9159999999855062        1927.8627360182163     
   4.9359999999855066        1927.2266167957391     
   4.9559999999855062        1932.1260263002735     
   4.9759999999855067        1937.1833434550381     
   4.9959999999855063        1936.4071435084838     
   5.0159999999855067        1936.0164190097260     
   5.0359999999855063        1936.1638735749789     
   5.0559999999855068        1934.2591282694307     
   5.0759999999855063        1931.3100427960471     
   5.0959999999855068        1931.8591288183609     
   5.1159999999855064        1936.8110823646646     
   5.1359999999855068        1940.6634876753933     
   5.1559999999855064        1935.9549307517032     
   5.1759999999855060        1938.2300721685965     
   5.1959999999855064        1940.4779613561582     
   5.2159999999855060        1943.9395885546303     
   5.2359999999855065        1950.1092378104479     
   5.2559999999855060        1953.5895339418437     
   5.2759999999855065        1955.2377018036077     
   5.2959999999855061        1949.3948705885571     
   5.3159999999855065        1950.9540169086442     
   5.3359999999855061        1951.2967138822880     
   5.3559999999855066        1957.2737066315781     
   5.3759999999855062        1960.3898660171337     
   5.3959999999855066        1962.3552838599367     
   5.4159999999855062        1960.4457722970003     
   5.4359999999855066        1962.9224907986224     
   5.4559999999855062        1963.1552554667521     
   5.4759999999855067        1960.5563415881174     
   5.4959999999855063        1964.7013646831367     
   5.5159999999855067        1963.4503130834923     
   5.5359999999855063        1963.8127838523819     
   5.5559999999855068        1968.5227387893394     
   5.5759999999855063        1973.0566224628462     
   5.5959999999855068        1971.2938977860852     
   5.6159999999855064        1964.2569109972605     
   5.6359999999855068        1956.4245888130386     
   5.6559999999855064        1959.4255426849218     
   5.6759999999855060        1966.2729882059464     
   5.6959999999855064        1973.0899122473425     
   5.7159999999855060        1974.1780209116712     
   5.7359999999855065        1974.1553540268289     
   5.7559999999855060        1974.1319358331662     
   5.7759999999855065        1975.6471191891471     
   5.7959999999855061        1973.8529261156882     
   5.8159999999855065        1975.7110534515955     
   5.8359999999855061        1979.6678406557260     
   5.8559999999855066        1983.6249113561028     
   5.8759999999855062        1980.0612002045432     
   5.8959999999855066        1981.8662880094107     
   5.9159999999855062        1982.9448675688191     
   5.9359999999855066        1977.1935839540215     
   5.9559999999855062        1981.5138286416566     
   5.9759999999855067        1992.9254725074557     
   5.9959999999855063        1999.0144958799244     
   6.0159999999855067        2005.2245689531521     
   6.0359999999855063        2008.9584937761554     
   6.0559999999855068        2014.9522358677782     
   6.0759999999855063        2014.3540178972396     
   6.0959999999855068        2013.5930963068631     
   6.1159999999855064        2016.7370802642502     
   6.1359999999855068        2015.2818220436386     
   6.1559999999855064        2013.3458720344906     
   6.1759999999855069        2012.3424489614808     
   6.1959999999855064        2011.0896627480445     
   6.2159999999855060        2009.9514900055722     
   6.2359999999855065        2008.2651924931529     
   6.2559999999855060        2014.7286767466098     
   6.2759999999855065        2021.8869478699442     
   6.2959999999855061        2020.8348342343845     
   6.3159999999855065        2021.4219708558674     
   6.3359999999855061        2019.3393589138784     
   6.3559999999855066        2010.6434397182989     
   6.3759999999855062        2012.0049542757361     
   6.3959999999855066        2005.5670487254552     
   6.4159999999855062        2007.3059970215766     
   6.4359999999855066        2005.3941491538792     
   6.4559999999855062        2005.7077125050009     
   6.4759999999855067        2008.4309920020833     
   6.4959999999855063        2009.7347122241410     
   6.5159999999855067        2006.9928455327611     
   6.5359999999855063        2006.8148414511375     
   6.5559999999855068        2005.6367029591058     
   6.5759999999855063        1994.9637065030940     
   6.5959999999855068        1991.9264042343195     
   6.6159999999855064        1990.9322532017613     
   6.6359999999855068        1997.1029197291023     
   6.6559999999855064        1997.6291478030564     
   6.6759999999855069        2000.5941607524280     
   6.6959999999855064        2002.4482807225311     
   6.7159999999855060        2000.8225679910317     
   6.7359999999855065        1985.8958178636180     
   6.7559999999855060        1984.2640903680108     
   6.7759999999855065        1981.7788010460697     
   6.7959999999855061        1979.1721423382248     
   6.8159999999855065        1980.8857374138515     
   6.8359999999855061        1984.8964634791819     
   6.8559999999855066        1983.1419920427552     
   6.8759999999855062        1982.1307913642370     
   6.8959999999855066        1980.6307418389592     
   6.9159999999855062        1987.7222204071097     
   6.9359999999855066        1987.8743063867748     
   6.9559999999855062        1999.1817950334780     
   6.9759999999855067        1995.1984209068285     
   6.9959999999855063        1993.6375558410389     
   7.0159999999855067        1995.0538899502017     
   7.0359999999855063        1994.5633947008009     
   7.0559999999855068        1995.0701639050035     
   7.0759999999855063        1996.7384099045485     
   7.0959999999855068        2001.8881568591587     
   7.1159999999855064        2003.4845881375225     
   7.1359999999855068        2003.7017096638476     
   7.1559999999855064        2001.4952707209693     
   7.1759999999855069        2000.8426992457314     
   7.1959999999855064        1991.9104983495638     
   7.2159999999855060        1996.6515779248475     
   7.2359999999855065        1992.4393248703018     
   7.2559999999855060        1986.9547162005176     
   7.2759999999855065        1994.6057031294720     
   7.2959999999855061        1997.4997615018672     
   7.3159999999855065        1999.0617619866434     
   7.3359999999855061        2006.0160576022024     
   7.3559999999855066        2009.1991202906386     
   7.3759999999855062        2009.3938289623911     
   7.3959999999855066        2010.5849624637474     
   7.4159999999855062        2016.7408520694446     
   7.4359999999855066        2016.6561547620404     
   7.4559999999855062        2019.4607862834996     
   7.4759999999855067        2023.9622509223748     
   7.4959999999855063        2029.1750353137238     
   7.5159999999855067        2031.8068991985497     
   7.5359999999855063        2037.6174218397873     
   7.5559999999855068        2036.0409696604474     
   7.5759999999855063        2040.2643984822780     
   7.5959999999855068        2033.3551027375449     
   7.6159999999855064        2034.8267846338842     
   7.6359999999855068        2033.8977202414446     
   7.6559999999855064        2038.1190302020857     
   7.6759999999855069        2040.7077985008893     
   7.6959999999855064        2042.9777872301054     
   7.7159999999855060        2041.6609026287522     
   7.7359999999855065        2041.7453451203462     
   7.7559999999855060        2046.6380163988595     
   7.7759999999855065        2041.5048016076043     
   7.7959999999855061        2046.6657075026217     
   7.8159999999855065        2048.9323928470671     
   7.8359999999855061        2048.6109424751912     
   7.8559999999855066        2049.9989844668230     
   7.8759999999855062        2052.9094756446038     
   7.8959999999855066        2054.4311996127058     
   7.9159999999855062        2053.4492203782615     
   7.9359999999855066        2045.9833488157985     
   7.9559999999855062        2050.9409393984520     
   7.9759999999855067        2051.7446099718381     
   7.9959999999855063        2052.8872517590221     
   8.0159999999855067        2054.2590999886693     
   8.0359999999855063        2056.6897105868047     
   8.0559999999855059        2059.0011267138352     
   8.0759999999855072        2059.7608261231699     
   8.0959999999855068        2058.5137310432128     
   8.1159999999855064        2064.3002186673198     
   8.1359999999855059        2064.0076637931256     
   8.1559999999855073        2063.0599456666018     
   8.1759999999855069        2067.2795505562558     
   8.1959999999855064        2075.3579690556803     
   8.2159999999855060        2066.3292601112753     
   8.2359999999855056        2068.2166269188715     
   8.2559999999855069        2071.4657539051459     
   8.2759999999855065        2070.8191992844982     
   8.2959999999855061        2073.7653103479161     
   8.3159999999855057        2075.8008867902913     
   8.3359999999855070        2081.6672145921011     
   8.3559999999855066        2088.3154943104819     
   8.3759999999855062        2086.5513380575726     
   8.3959999999855057        2084.5722365412303     
   8.4159999999855071        2078.4191276288125     
   8.4359999999855066        2076.1265251163682     
   8.4559999999855062        2074.4763210460492     
   8.4759999999855058        2073.9345718391291     
   8.4959999999855071        2073.2503590929709     
   8.5159999999855067        2072.6076400104121     
   8.5359999999855063        2077.5887540512126     
   8.5559999999855059        2080.0551106408152     
   8.5759999999855072        2082.0752666962908     
   8.5959999999855068        2082.4919953313743     
   8.6159999999855064        2080.4497284576473     
   8.6359999999855059        2079.3101743024758     
   8.6559999999855073        2079.9713926371492     
   8.6759999999855069        2080.7733204066431     
   8.6959999999855064        2078.2369188600601     
   8.7159999999855060        2073.8033274080340     
   8.7359999999855074        2070.7740316494860     
   8.7559999999855069        2071.2620793427568     
   8.7759999999855065        2068.1199364957110     
   8.7959999999855061        2063.3117801189119     
   8.8159999999855057        2060.3378867891420     
   8.8359999999855070        2054.9070181752832     
   8.8559999999855066        2052.1018669064451     
   8.8759999999855062        2052.5997930105564     
   8.8959999999855057        2052.9120139737897     
   8.9159999999855071        2050.2256947879355     
   8.9359999999855066        2054.4255769290216     
   8.9559999999855062        2053.6833430023071     
   8.9759999999855058        2054.3693125679074     
   8.9959999999855071        2051.6044681674771     
   9.0159999999855067        2047.6904918122084     
   9.0359999999855063        2045.9337456626433     
   9.0559999999855059        2042.3849402148110     
   9.0759999999855072        2042.6519490546641     
   9.0959999999855068        2050.4617199681074     
   9.1159999999855064        2046.0451010633676     
   9.1359999999855059        2043.5061622744583     
   9.1559999999855073        2044.9144370807383     
   9.1759999999855069        2045.2008242110439     
   9.1959999999855064        2042.3308646732496     
   9.2159999999855060        2043.3310058843513     
   9.2359999999855074        2040.2895728319793     
   9.2559999999855069        2037.2691668880884     
   9.2759999999855065        2042.7590777652460     
   9.2959999999855061        2042.8296157665943     
   9.3159999999855057        2040.3150429154748     
   9.3359999999855070        2040.2538346605133     
   9.3559999999855066        2041.9835986646854     
   9.3759999999855062        2039.5917758546884     
   9.3959999999855057        2037.2663532738345     
   9.4159999999855071        2047.6787217071460     
   9.4359999999855066        2048.0554637015703     
   9.4559999999855062        2054.6215830555452     
   9.4759999999855058        2060.9075813435115     
   9.4959999999855071        2058.6300520222171     
   9.5159999999855067        2056.6555524458340     
   9.5359999999855063        2054.8890619841668     
   9.5559999999855059        2053.2346993712817     
   9.5759999999855072        2053.6519221346093     
   9.5959999999855068        2056.2866302299071     
   9.6159999999855064        2062.1752047644386     
   9.6359999999855059        2056.0023340292955     
   9.6559999999855073        2054.9698319297563     
   9.6759999999855069        2053.6847870205747     
   9.6959999999855064        2059.7113050720222     
   9.7159999999855060        2062.6933611567406     
   9.7359999999855074        2065.6422607642849     
   9.7559999999855069        2061.5632979589041     
   9.7759999999855065        2060.8064595499181     
   9.7959999999855061        2060.2047039134545     
   9.8159999999855057        2063.9431025190506     
   9.8359999999855070        2065.5840756310413     
   9.8559999999855066        2067.2663851520756     
   9.8759999999855062        2067.0190648730336     
   9.8959999999855057        2066.8881928305382     
   9.9159999999855071        2071.1144930935029     
   9.9359999999855066        2077.3383974258950     
   9.9559999999855062        2088.9127205899122     
   9.9759999999855058        2092.2071504747087     
   9.9959999999855071        2093.1521878871285     
   10.015999999985507        2098.1638046337034     
   10.035999999985506        2097.9762502911335     
   10.055999999985506        2102.5345096138790     
   10.075999999985507        2102.5878890947479     
   10.095999999985507        2103.0062196899426     
   10.115999999985506        2103.2567624884964     
   10.135999999985506        2108.4474666711958     
   10.155999999985507        2108.9562895474551     
   10.175999999985507        2110.1495520697435     
   10.195999999985506        2111.1178215380114     
   10.215999999985506        2117.1695158723851     
   10.235999999985507        2125.3861814534753     
   10.255999999985507        2132.2712960355966     
   10.275999999985507        2134.7105804321272     
   10.295999999985506        2136.0996978391772     
   10.315999999985506        2130.3323873699692     
   10.335999999985507        2132.1670474886355     
   10.355999999985507        2141.0141263057703     
   10.375999999985506        2142.1890657580984     
   10.395999999985506        2143.3129951332298     
   10.415999999985507        2154.5799307850643     
   10.435999999985507        2155.5144836916693     
   10.455999999985506        2166.0681476396053     
   10.475999999985506        2166.6353720515035     
   10.495999999985507        2167.2451584601531     
   10.515999999985507        2167.8918826446229     
   10.535999999985506        2167.0748389866185     
   10.555999999985506        2171.6652325196783     
   10.575999999985507        2158.3817823749796     
   10.595999999985507        2158.8096787998165     
   10.615999999985506        2164.3089021453093     
   10.635999999985506        2165.0095963034864     
   10.655999999985507        2169.1855867834888     
   10.675999999985507        2169.7386812116624     
   10.695999999985506        2173.8014279335266     
   10.715999999985506        2178.3482166581680     
   10.735999999985507        2176.6523762591905     
   10.755999999985507        2176.7000583789286     
   10.775999999985507        2181.2013236785319     
   10.795999999985506        2181.2025894769890     
   10.815999999985506        2181.1739609366546     
   10.835999999985507        2184.9914435342657     
   10.855999999985507        2185.0638422524794     
   10.875999999985506        2185.1471863573943     
   10.895999999985506        2183.3522690599111     
   10.915999999985507        2188.7090919595557     
   10.935999999985507        2193.2954925296026     
   10.955999999985506        2179.9170350186014     
   10.975999999985506        2183.0418473218388     
   10.995999999985507        2189.2208185352633     
   11.015999999985507        2189.9423267030779     
   11.035999999985506        2190.6944409674502     
   11.055999999985506        2196.5626505896516     
   11.075999999985507        2197.2263148463412     
   11.095999999985507        2197.8313460212885     
   11.115999999985506        2204.0614024191441     
   11.135999999985506        2204.7100431355016     
   11.155999999985507        2205.1828262179447     
   11.175999999985507        2205.4298907021007     
   11.195999999985506        2205.5822807206969     
   11.215999999985506        2194.9181527376695     
   11.235999999985507        2195.3787682322604     
   11.255999999985507        2195.7548654607003     
   11.275999999985507        2191.6591517414990     
   11.295999999985506        2191.8870211532353     
   11.315999999985506        2192.6628321109229     
   11.335999999985507        2192.3611445377360     
   11.355999999985507        2208.0022077186309     
   11.375999999985506        2208.0881045944288     
   11.395999999985506        2208.8237734775034     
   11.415999999985507        2209.1092235420642     
   11.435999999985507        2209.3296894944410     
   11.455999999985506        2209.4565689212272     
   11.475999999985506        2213.8049496948270     
   11.495999999985507        2213.7104812302323     
   11.515999999985507        2213.6085453903588     
   11.535999999985506        2219.0655687219046     
   11.555999999985506        2223.0394784134464     
   11.575999999985507        2227.1146470581912     
   11.595999999985507        2226.5616229761727     
   11.615999999985506        2235.7634326962016     
   11.635999999985506        2235.2630090549487     
   11.655999999985507        2240.0193782727993     
   11.675999999985507        2243.2243427214930     
   11.695999999985506        2242.7171122994719     
   11.715999999985506        2241.2765688386207     
   11.735999999985507        2239.1359421713646     
   11.755999999985507        2244.6901856229033     
   11.775999999985507        2243.5275344341908     
   11.795999999985506        2247.0383161063723     
   11.815999999985506        2246.7499332095399     
   11.835999999985507        2246.2235660449028     
   11.855999999985507        2245.4557956859580     
   11.875999999985506        2232.6405908473694     
   11.895999999985506        2232.2233644796588     
   11.915999999985507        2231.8933736857325     
   11.935999999985507        2236.8679337121675     
   11.955999999985506        2250.4189303342832     
   11.975999999985506        2255.7069311047771     
   11.995999999985507        2259.3641128456238     
   12.015999999985507        2269.5794996981463     
   12.035999999985506        2269.0441197118330     
   12.055999999985506        2268.4712169640370     
   12.075999999985507        2272.7691418523673     
   12.095999999985507        2278.0662982283434     
   12.115999999985506        2281.8982521896869     
   12.135999999985506        2280.8727048309624     
   12.155999999985507        2279.6100227455154     
   12.175999999985507        2277.9939726817365     
   12.195999999985506        2278.8942267011789     
   12.215999999985506        2284.1405718088877     
   12.235999999985507        2283.2615733188131     
   12.255999999985507        2282.3389043896350     
   12.275999999985507        2271.3563952138338     
   12.295999999985506        2272.3299702162435     
   12.315999999985507        2273.2384414447088     
   12.335999999985507        2272.4413930993428     
   12.355999999985507        2269.8581180697611     
   12.375999999985506        2267.0404714686365     
   12.395999999985506        2267.2104042606179     
   12.415999999985507        2264.8851893238912     
   12.435999999985507        2262.7960361140840     
   12.455999999985506        2262.4487982986334     
   12.475999999985506        2267.1431395119594     
   12.495999999985507        2271.3489252815830     
   12.515999999985507        2271.8444085266697     
   12.535999999985506        2284.1909270664028     
   12.555999999985506        2282.3004285046673     
   12.575999999985507        2280.4430603267429     
   12.595999999985507        2278.6465438521045     
   12.615999999985506        2276.9371537516454     
   12.635999999985506        2273.6853580613129     
   12.655999999985507        2271.5729686870254     
   12.675999999985507        2269.5434688740697     
   12.695999999985506        2267.6186561587551     
   12.715999999985506        2274.2408258624764     
   12.735999999985507        2272.4904611067391     
   12.755999999985507        2270.8000098483944     
   12.775999999985507        2276.0077936937219     
   12.795999999985506        2257.5623906525739     
   12.815999999985507        2255.9147628878786     
   12.835999999985507        2255.8753879903097     
   12.855999999985507        2253.9662155526485     
   12.875999999985506        2251.9341120038548     
   12.895999999985506        2250.8933251414478     
   12.915999999985507        2249.7697410321448     
   12.935999999985507        2256.9308462595618     
   12.955999999985506        2254.7315012592635     
   12.975999999985506        2259.1583028692585     
   12.995999999985507        2257.5237507685147     
   13.015999999985507        2256.1277725620103     
   13.035999999985506        2253.9428678305999     
   13.055999999985506        2251.6616622851625     
   13.075999999985507        2249.3052600666947     
   13.095999999985507        2247.4568518259325     
   13.115999999985506        2245.1887004853879     
   13.135999999985506        2242.9213808960640     
   13.155999999985507        2240.5564081596640     
   13.175999999985507        2238.0857646499326     
   13.195999999985506        2235.5076001260868     
   13.215999999985506        2238.8801129220528     
   13.235999999985507        2236.1426117451597     
   13.255999999985507        2240.2776495120756     
   13.275999999985507        2237.7204195517447     
   13.295999999985506        2235.3711857371704     
   13.315999999985507        2233.1048342131321     
   13.335999999985507        2236.1218204718298     
   13.355999999985507        2233.7201245824058     
   13.375999999985506        2231.3079393522853     
   13.395999999985506        2241.6372510808733     
   13.415999999985507        2239.2459355311717     
   13.435999999985507        2236.8164274286660     
   13.455999999985506        2234.3096248127390     
   13.475999999985506        2219.6551831920124     
   13.495999999985507        2223.1216081290440     
   13.515999999985507        2221.3241086381549     
   13.535999999985506        2230.7026383762154     
   13.555999999985506        2235.1633929387531     
   13.575999999985507        2233.7122133738794     
   13.595999999985507        2232.3101608282846     
   13.615999999985506        2238.4053926343040     
   13.635999999985506        2248.0974692416889     
   13.655999999985507        2244.9782353075616     
   13.675999999985507        2251.7780104560788     
   13.695999999985506        2251.1903105268079     
   13.715999999985506        2250.7048523611575     
   13.735999999985507        2250.1820998371209     
   13.755999999985507        2249.6001132163074     
   13.775999999985507        2248.8802088366965     
   13.795999999985506        2249.8920010058332     
   13.815999999985507        2255.8615861463391     
   13.835999999985507        2261.1950601813151     
   13.855999999985507        2260.2122154375988     
   13.875999999985506        2260.3566232654566     
   13.895999999985506        2274.4625205708662     
   13.915999999985507        2281.5203907298915     
   13.935999999985507        2295.8386941297099     
   13.955999999985506        2277.0864942449452     
   13.975999999985506        2276.5587371235752     
   13.995999999985507        2275.9010398851651     
   14.015999999985507        2281.8254907747623     
   14.035999999985506        2281.0157973304044     
   14.055999999985506        2280.1390893935031     
   14.075999999985507        2286.2269056194864     
   14.095999999985507        2293.3435407690667     
   14.115999999985506        2292.3993983462592     
   14.135999999985506        2291.4919454646206     
   14.155999999985507        2298.5886782526773     
   14.175999999985507        2297.8381163487779     
   14.195999999985506        2305.0569807201828     
   14.215999999985506        2311.8457713162056     
   14.235999999985507        2310.7206006384517     
   14.255999999985507        2309.4325771932454     
   14.275999999985507        2307.9575434423791     
   14.295999999985506        2304.1186009569146     
   14.315999999985507        2302.1765670773143     
   14.335999999985507        2300.1988336317772     
   14.355999999985507        2298.1640413454838     
   14.375999999985506        2279.1249393016051     
   14.395999999985506        2277.0956403241366     
   14.415999999985507        2290.1232020033017     
   14.435999999985507        2287.8307136738003     
   14.455999999985506        2278.1513776043435     
   14.475999999985506        2276.0914649662855     
   14.495999999985507        2257.2829609619125     
   14.515999999985507        2263.9110733182247     
   14.535999999985506        2259.6405419141597     
   14.555999999985506        2265.0025888024893     
   14.575999999985507        2269.8888596641550     
   14.595999999985507        2267.4119688858891     
   14.615999999985506        2264.9042410265097     
   14.635999999985506        2262.3735062340147     
   14.655999999985507        2259.7633660198539     
   14.675999999985507        2257.0184059931935     
   14.695999999985506        2262.4158240272664     
   14.715999999985506        2259.3968617806295     
   14.735999999985507        2256.2961733218785     
   14.755999999985507        2253.1488052167774     
   14.775999999985507        2249.7912859957110     
   14.795999999985506        2246.2081048834634     
   14.815999999985507        2249.8921668653293     
   14.835999999985507        2245.9497947908831     
   14.855999999985507        2241.8370580938226     
   14.875999999985506        2237.5637137421650     
   14.895999999985506        2237.1965082935226     
   14.915999999985507        2236.9684609693982     
   14.935999999985507        2240.7450016152270     
   14.955999999985506        2239.8379026547932     
   14.975999999985506        2238.2718929947532     
   14.995999999985507        2236.1427872211671     
   15.015999999985507        2230.4264455448993     
   15.035999999985506        2232.8259208121117     
   15.055999999985506        2226.2837814568570     
   15.075999999985507        2219.3447885000537     
   15.095999999985507        2212.1528922154412     
   15.115999999985506        2204.7165793581462     
   15.135999999985506        2197.1995852154205     
   15.155999999985507        2196.4800559488940     
   15.175999999985507        2189.0718695546316     
   15.195999999985506        2169.1536810400980     
   15.215999999985506        2161.8215304270184     
   15.235999999985507        2154.3109200580725     
   15.255999999985507        2146.6207587111126     
   15.275999999985507        2138.7482907424933     
   15.295999999985506        2136.8678348180310     
   15.315999999985507        2128.6445480395937     
   15.335999999985507        2120.3846396221879     
   15.355999999985507        2111.9574789075773     
   15.375999999985506        2104.2165480463627     
   15.395999999985506        2095.3767558447671     
   15.415999999985507        2086.3952719587560     
   15.435999999985507        2077.2361181008150     
   15.455999999985506        2067.9938733071244     
   15.475999999985506        2055.1378612409453     
   15.495999999985507        2050.5310812308903     
   15.515999999985507        2040.6866820611347     
   15.535999999985506        2020.0112790894727     
   15.555999999985506        2009.8908574682168     
   15.575999999985507        2004.4896866649065     
   15.595999999985507        1994.3465826943018     
   15.615999999985506        1991.5334990677975     
   15.635999999985506        1981.1777079436590     
   15.655999999985507        1970.5108932158050     
   15.675999999985507        1959.4598567006669     
   15.695999999985506        1948.1311051675882     
   15.715999999985506        1940.9300330693377     
   15.735999999985507        1929.6190800952734     
   15.755999999985507        1925.4239264762425     
   15.775999999985507        1913.7903416628028     
   15.795999999985506        1897.6046072895874     
   15.815999999985507        1884.8393247811791     
   15.835999999985507        1872.0070396411404     
   15.855999999985507        1835.6006790857341     
   15.875999999985506        1823.1550422105913     
   15.895999999985508        1816.6496716564416     
   15.915999999985507        1803.6077732807762     
   15.935999999985507        1790.2096339509083     
   15.955999999985506        1778.7503167628581     
   15.975999999985506        1764.7889592045594     
   15.995999999985507        1750.7255917558832     
   16.015999999985507        1736.7711062944791     
   16.035999999985506        1727.4287310872589     
   16.055999999985506        1713.3736816395633     
   16.075999999985505        1699.1194845383977     
   16.095999999985505        1684.6110346339592     
   16.115999999985508        1669.8636852753798     
   16.135999999985508        1658.1721087312915     
   16.155999999985507        1643.2494313583775     
   16.175999999985507        1628.1604815129804     
   16.195999999985506        1612.8833538470992     
   16.215999999985506        1597.3107620201240     
   16.235999999985506        1581.3681004232658     
   16.255999999985505        1565.3713950807337     
   16.275999999985508        1550.3694500655802     
   16.295999999985508        1534.8850733315203     
   16.315999999985507        1519.4441621868355     
   16.335999999985507        1503.9131698506681     
   16.355999999985507        1488.1563175665663     
   16.375999999985506        1471.8108512032597     
   16.395999999985506        1455.3166727903083     
   16.415999999985505        1438.6071729294479     
   16.435999999985505        1397.0297755171266     
   16.455999999985508        1381.8888279078201     
   16.475999999985508        1372.4557078443520     
   16.495999999985507        1357.3238164299385     
   16.515999999985507        1341.9046254085708     
   16.535999999985506        1324.5883632668285     
   16.555999999985506        1306.2213556245481     
   16.575999999985505        1290.1118569677128     
   16.595999999985505        1272.2043755568982     
   16.615999999985508        1256.2427856060579     
   16.635999999985508        1240.2094145980645     
   16.655999999985507        1224.0465336886939     
   16.675999999985507        1207.7013261286606     
   16.695999999985506        1186.1172422874281     
   16.715999999985506        1166.1595682938344     
   16.735999999985506        1149.9098064682510     
   16.755999999985505        1133.6235536856259     
   16.775999999985508        1117.3263309746117     
   16.795999999985508        1101.0365580773232     
   16.815999999985507        1061.0633168298648     
   16.835999999985507        1045.2587976846264     
   16.855999999985507        1029.5386140085525     
   16.875999999985506        1013.9107522152087     
   16.895999999985506        998.37101757321125     
   16.915999999985505        964.66699356104232     
   16.935999999985505        945.31337139044774     
   16.955999999985508        930.51641918721543     
   16.975999999985508        915.79060648042673     
   16.995999999985507        901.13262087528017     
   17.015999999985507        886.54231064118380     
   17.035999999985506        872.02363373315791     
   17.055999999985506        857.53652698555288     
   17.075999999985505        843.03571941386451     
   17.095999999985505        828.46363597517097     
   17.115999999985508        810.05854843169709     
   17.135999999985508        798.94208556458989     
   17.155999999985507        784.29742475856096     
   17.175999999985507        764.40123562127894     
   17.195999999985506        749.90187288696950     
   17.215999999985506        729.97590293809299     
   17.235999999985506        715.60669988431914     
   17.255999999985505        698.01164418993494     
   17.275999999985508        683.81840832601563     
   17.295999999985508        669.74330466674917     
   17.315999999985507        656.49649131269223     
   17.335999999985507        642.41979245294033     
   17.355999999985507        629.05010515029755     
   17.375999999985506        614.95788222435624     
   17.395999999985506        600.83401587026731     
   17.415999999985505        586.71473996021041     
   17.435999999985508        572.60451813330383     
   17.455999999985508        558.53574444131652     
   17.475999999985508        544.58334513155262     
   17.495999999985507        530.71386711743241     
   17.515999999985507        516.88014435338459     
   17.535999999985506        503.11190793553692     
   17.555999999985506        489.42859361423916     
   17.575999999985505        475.85223758629371     
   17.595999999985505        451.36315096553955     
   17.615999999985508        438.34796753632605     
   17.635999999985508        415.40290123835945     
   17.655999999985507        402.98932822351884     
   17.675999999985507        390.73649586840452     
   17.695999999985506        378.60498733431211     
   17.715999999985506        366.56420698657570     
   17.735999999985506        354.23175879561637     
   17.755999999985505        342.42855243195618     
   17.775999999985508        329.72467332033705     
   17.795999999985508        318.30020351086358     
   17.815999999985507        307.05533055386968     
   17.835999999985507        295.98565790975471     
   17.855999999985507        285.08662648744229     
   17.875999999985506        273.64821789418579     
   17.895999999985506        257.01634658729802     
   17.915999999985505        240.99798968866355     
   17.935999999985508        231.22131026321463     
   17.955999999985508        220.97674218079925     
   17.975999999985508        211.54472645401088     
   17.995999999985507        202.29595552294288     
   18.015999999985507        193.24529376425829     
   18.035999999985506        184.40175543961706     
   18.055999999985506        173.56613536116518     
   18.075999999985505        165.23031949763799     
   18.095999999985505        157.10332520316976     
   18.115999999985508        149.18581991159064     
   18.135999999985508        141.47423967034442     
   18.155999999985507        134.15690650119029     
   18.175999999985507        127.45690878494521     
   18.195999999985506        120.38560162971895     
   18.215999999985506        113.53289456255249     
   18.235999999985506        106.85752641367391     
   18.255999999985505        100.36844691012958     
   18.275999999985508        94.076120033055943     
   18.295999999985508        88.091956569041741     
   18.315999999985507        82.164091058821114     
   18.335999999985507        76.420410584260793     
   18.355999999985507        70.876072380378545     
   18.375999999985506        65.546451127939932     
   18.395999999985506        60.438585016335786     
   18.415999999985505        55.553714001447183     
   18.435999999985508        50.366989158267351     
   18.455999999985508        45.948590754811875     
   18.475999999985508        41.726380083806326     
   18.495999999985507        37.697549881450428     
   18.515999999985507        33.858864483701907     
   18.535999999985506        30.216138572604041     
   18.555999999985506        26.779978697391222     
   18.575999999985505        23.559106656892958     
   18.595999999985505        20.557973341711190     
   18.615999999985508        17.777184396881001     
   18.635999999985508        15.216381684525709     
   18.655999999985507        12.869064152450184     
   18.675999999985507        10.730311260966888     
   18.695999999985506        8.7975240595328028     
   18.715999999985506        7.0867275585002263     
   18.735999999985506        5.5605893832084456     
   18.755999999985505        4.2366524191008939     
   18.775999999985508        3.1152909960178126     
   18.795999999985508        2.1961140968101622     
   18.815999999985507        1.4866368541550636     
   18.835999999985507       0.96864165741905095     
   18.855999999985507       0.64375356747899459     
   18.875999999985506       0.50875614415589043     
   18.895999999985506       0.56044527214051409     
   18.915999999985505       0.79579015026241717     
   18.935999999985508        1.2103453757986073     
   18.955999999985508        1.8048023787887757     
   18.975999999985508        2.5738999875571751     
   18.995999999985507        3.5128752552627529     
   19.015999999985507        4.6200655685005971     
   19.035999999985506        5.9004762717306605     
   19.055999999985506        7.3554199636027819     
   19.075999999985505        8.9848395239053591     
   19.095999999985505        10.791913049894173     
   19.115999999985508        12.780071115621626     
   19.135999999985508        14.949492010555099     
   19.155999999985507        17.299950586479319     
   19.175999999985507        19.715907677235233     
   19.195999999985506        22.398304246317778     
   19.215999999985506        25.273665728872153     
   19.235999999985506        28.301147313835394     
   19.255999999985505        31.498953470582787     
   19.275999999985508        34.867424802064214     
   19.295999999985508        38.404049282968437     
   19.315999999985507        42.106039686969396     
   19.335999999985507        46.074657480715246     
   19.355999999985507        50.072799247235970     
   19.375999999985506        54.185753653884973     
   19.395999999985506        58.280566084293980     
   19.415999999985505        61.741589136731314     
   19.435999999985508        66.205751931170241     
   19.455999999985508        70.672360364044707     
   19.475999999985508        75.416388061108890     
   19.495999999985507        80.315331116187195     
   19.515999999985507        85.363167690631627     
   19.535999999985506        90.554138150583995     
   19.555999999985506        95.880068242606129     
   19.575999999985505        101.33619001257634     
   19.595999999985505        107.37789489820626     
   19.615999999985508        113.11878982520513     
   19.635999999985508        118.99430766643150     
   19.655999999985507        124.99922335188624     
   19.675999999985507        131.13532837867641     
   19.695999999985506        137.40753295695944     
   19.715999999985506        143.83621676889393     
   19.735999999985506        150.43917489572175     
   19.755999999985505        157.21056387163213     
   19.775999999985508        164.13286073536867     
   19.795999999985508        171.18988409851940     
   19.815999999985507        177.59008182078992     
   19.835999999985507        184.89035409713938     
   19.855999999985507        192.32808110531903     
   19.875999999985506        195.75282918628221     
   19.895999999985506        203.31973514664642     
   19.915999999985505        213.17198676265065     
   19.935999999985508        215.58104662513858     
   19.955999999985508        217.58746350806237     
   19.975999999985508        225.49967313589369     
   19.995999999985507        233.51957925223962     
   20.015999999985507        241.60702913026293     
   20.035999999985506        251.94939790360365     
   20.055999999985506        260.37178730152800     
   20.075999999985505        268.96326861201317     
   20.095999999985505        278.91314574723793     
   20.115999999985508        287.79992104519198     
   20.135999999985508        296.82456582850210     
   20.155999999985507        305.98510178437755     
   20.175999999985507        315.30915585583654     
   20.195999999985506        315.29886406998321     
   20.215999999985506        324.75963205655728     
   20.235999999985506        334.36636092972930     
   20.255999999985505        345.90630127193805     
   20.275999999985508        355.80025262819237     
   20.295999999985508        365.82400101720538     
   20.315999999985507        375.97916512964019     
   20.335999999985507        386.26907292320351     
   20.355999999985507        396.69716812380415     
   20.375999999985506        407.26653766442541     
   20.395999999985506        417.97993454172564     
   20.415999999985505        431.22799459375614     
   20.435999999985508        437.88682140102327     
   20.455999999985508        451.56481217273381     
   20.475999999985508        462.91085350669755     
   20.495999999985507        477.08993964504810     
   20.515999999985507        488.78412952374674     
   20.535999999985506        500.61054988049233     
   20.555999999985506        512.56730562286464     
   20.575999999985505        524.65087985687126     
   20.595999999985505        536.85706123229329     
   20.615999999985508        535.63404793817335     
   20.635999999985508        547.80559097802688     
   20.655999999985507        559.99010944937311     
   20.675999999985507        572.17205529740068     
   20.695999999985506        580.73865927973907     
   20.715999999985506        592.95391136291778     
   20.735999999985506        605.24492683742324     
   20.755999999985505        617.61963382624106     
   20.775999999985508        630.08765766946715     
   20.795999999985508        642.65773943064528     
   20.815999999985507        650.86270045478363     
   20.835999999985507        667.00429461633144     
   20.855999999985507        680.03945918920272     
   20.875999999985506        693.11368471566550     
   20.895999999985506        713.25924563662682     
   20.915999999985505        726.68276824161705     
   20.935999999985508        740.10496833139212     
   20.955999999985508        753.51938754535786     
   20.975999999985508        766.94250588282398     
   20.995999999985507        780.42203956714127     
   21.015999999985507        793.98234353149405     
   21.035999999985506        807.60717228237866     
   21.055999999985506        802.01010551976219     
   21.075999999985505        815.26562492979485     
   21.095999999985505        828.51474236806519     
   21.115999999985508        845.22540458522610     
   21.135999999985508        858.67803566418024     
   21.155999999985507        872.10007641096070     
   21.175999999985507        885.52853130664164     
   21.195999999985506        896.81501405768904     
   21.215999999985506        910.33561093676735     
   21.235999999985506        923.93360170910410     
   21.255999999985505        937.61859361819165     
   21.275999999985508        951.39937381325058     
   21.295999999985508        965.27809605348216     
   21.315999999985507        979.23279656053262     
   21.335999999985507        993.23269917592916     
   21.355999999985507        1007.2377727360978     
   21.375999999985506        1021.2048605508909     
   21.395999999985506        1036.9434311027362     
   21.415999999985505        1050.7941013724583     
   21.435999999985508        1064.5870279993408     
   21.455999999985508        1066.8307102094641     
   21.475999999985508        1080.5138880293487     
   21.495999999985507        1094.2142027516750     
   21.515999999985507        1107.9176939914394     
   21.535999999985506        1121.6085896649893     
   21.555999999985506        1135.2704916610498     
   21.575999999985505        1148.8868970008457     
   21.595999999985505        1162.4442851840915     
   21.615999999985508        1175.9335102448376     
   21.635999999985508        1189.4034481528213     
   21.655999999985507        1202.8751090847318     
   21.675999999985507        1216.3434236912065     
   21.695999999985506        1229.7988752601946     
   21.715999999985506        1243.2342526134330     
   21.735999999985506        1256.6356210571823     
   21.755999999985505        1269.9992486107865     
   21.775999999985508        1273.1039639454675     
   21.795999999985508        1286.2483828385405     
   21.815999999985507        1300.5894181973520     
   21.835999999985507        1314.9519645274504     
   21.855999999985507        1334.4340227252983     
   21.875999999985506        1347.4114410037525     
   21.895999999985506        1360.3462926151801     
   21.915999999985505        1373.3176841419186     
   21.935999999985508        1387.7569459934309     
   21.955999999985508        1400.8330898902518     
   21.975999999985508        1423.0530084585905     
   21.995999999985507        1436.2412880837360     
   22.015999999985507        1449.4201213079418     
   22.035999999985506        1462.5706911885216     
   22.055999999985506        1475.6770082076550     
   22.075999999985505        1488.7175636679633     
   22.095999999985505        1501.6675796171244     
   22.115999999985508        1514.5107032662886     
   22.135999999985508        1527.2657184978177     
   22.155999999985507        1539.9664047173158     
   22.175999999985507        1552.6491253372478     
   22.195999999985506        1565.3577973799249     
   22.215999999985506        1588.2975168045023     
   22.235999999985506        1601.1467286451116     
   22.255999999985505        1613.9827834114901     
   22.275999999985508        1626.7870295369307     
   22.295999999985508        1639.5293578989513     
   22.315999999985507        1652.1802314448064     
   22.335999999985507        1664.7143127439044     
   22.355999999985507        1677.1915426487692     
   22.375999999985506        1689.6481561535973     
   22.395999999985506        1702.0718954566096     
   22.415999999985505        1714.4474230330870     
   22.435999999985508        1726.7585910633948     
   22.455999999985508        1738.9908837522946     
   22.475999999985508        1751.1285249217044     
   22.495999999985507        1763.1523385000348     
   22.515999999985507        1775.0142996903412     
   22.535999999985506        1786.6638885868676     
   22.555999999985506        1798.0595855925567     
   22.575999999985505        1809.1596814570405     
   22.595999999985505        1819.9637464410750     
   22.615999999985508        1830.3844446028752     
   22.635999999985508        1840.8168992003268     
   22.655999999985507        1851.0886497500010     
   22.675999999985507        1861.2309731979497     
   22.695999999985506        1870.8693721349516     
   22.715999999985506        1901.6762370685876     
   22.735999999985506        1912.3584113668267     
   22.755999999985505        1923.1743735354164     
   22.775999999985508        1933.3720551723291     
   22.795999999985508        1944.2558001179345     
   22.815999999985507        1955.0825096645488     
   22.835999999985507        1965.8063368623316     
   22.855999999985507        1976.4202165198708     
   22.875999999985506        1986.9187267305686     
   22.895999999985506        1997.2944883230348     
   22.915999999985505        2007.5488279414744     
   22.935999999985508        2027.6704002850477     
   22.955999999985508        2037.6635318077861     
   22.975999999985508        2047.6021373981325     
   22.995999999985507        2057.5200890790106     
   23.015999999985507        2067.3657434289466     
   23.035999999985506        2077.0170720748588     
   23.055999999985506        2086.3850474640772     
   23.075999999985505        2095.6133099721410     
   23.095999999985505        2104.7836602432517     
   23.115999999985508        2112.4614167001146     
   23.135999999985508        2121.3714940651116     
   23.155999999985507        2130.1790084957042     
   23.175999999985507        2138.9820319249557     
   23.195999999985506        2147.8030028765811     
   23.215999999985506        2156.6337952126146     
   23.235999999985506        2175.1745541635196     
   23.255999999985505        2184.1493375705977     
   23.275999999985508        2193.0498134339864     
   23.295999999985508        2201.8519041162199     
   23.315999999985507        2210.5823329944960     
   23.335999999985507        2228.9901577458763     
   23.355999999985507        2237.8833159008268     
   23.375999999985506        2246.7978444161436     
   23.395999999985506        2255.7419179673093     
   23.415999999985505        2264.6782328969798     
   23.435999999985508        2271.2441127690536     
   23.455999999985508        2280.0016749238016     
   23.475999999985508        2288.6433115717386     
   23.495999999985507        2297.1351014936049     
   23.515999999985507        2305.4436288840234     
   23.535999999985506        2313.6627040188700     
   23.555999999985506        2331.8016701294341     
   23.575999999985505        2340.0988864189403     
   23.595999999985505        2348.2938498926173     
   23.615999999985508        2356.3674578989558     
   23.635999999985508        2364.2947535576204     
   23.655999999985507        2372.0490634923003     
   23.675999999985507        2379.6035005410354     
   23.695999999985506        2386.9426934374246     
   23.715999999985506        2394.1489301148245     
   23.735999999985506        2401.3632500305789     
   23.755999999985505        2408.6428730014163     
   23.775999999985508        2415.9655908495747     
   23.795999999985508        2423.3070948895361     
   23.815999999985507        2430.6360607982579     
   23.835999999985507        2437.9179631511061     
   23.855999999985507        2445.1189481470615     
   23.875999999985506        2449.6095796999380     
   23.895999999985506        2456.4683201031698     
   23.915999999985505        2472.8925364496013     
   23.935999999985508        2479.5480493092605     
   23.955999999985508        2485.9868514850250     
   23.975999999985508        2505.3247520409491     
   23.995999999985507        2511.6676079210474     
   24.015999999985507        2517.9673272742157     
   24.035999999985506        2537.9473247292653     
   24.055999999985506        2544.3296775634221     
   24.075999999985505        2550.6248208638381     
   24.095999999985509        2556.8234358595337     
   24.115999999985508        2562.8940528396183     
   24.135999999985508        2568.7986896590924     
   24.155999999985507        2574.5008349132549     
   24.175999999985507        2580.1005375710197     
   24.195999999985506        2585.6481829833133     
   24.215999999985506        2603.4659180176559     
   24.235999999985506        2608.9796767825464     
   24.255999999985505        2614.3383675618766     
   24.275999999985508        2619.5287738398893     
   24.295999999985508        2624.5173899472275     
   24.315999999985507        2629.2566170858836     
   24.335999999985507        2633.7112189151535     
   24.355999999985507        2637.9491616062523     
   24.375999999985506        2642.1978183739097     
   24.395999999985506        2655.7949229718374     
   24.415999999985505        2660.6514796774400     
   24.435999999985508        2665.6220931553617     
   24.455999999985508        2670.6276939150575     
   24.475999999985508        2675.5906690572510     
   24.495999999985507        2680.4321923228727     
   24.515999999985507        2685.0713274819254     
   24.535999999985506        2689.4252216184200     
   24.555999999985506        2710.9451382153070     
   24.575999999985505        2714.9934191145176     
   24.595999999985509        2727.7652536526502     
   24.615999999985508        2740.3361693659290     
   24.635999999985508        2744.4995840185265     
   24.655999999985507        2748.7584011038962     
   24.675999999985507        2751.8934738856569     
   24.695999999985506        2756.2331995731861     
   24.715999999985506        2760.5238373652214     
   24.735999999985506        2764.6559179359019     
   24.755999999985505        2768.5183836189931     
   24.775999999985508        2771.9982573108937     
   24.795999999985508        2783.4373534422039     
   24.815999999985507        2786.0013518630781     
   24.835999999985507        2795.9036095286074     
   24.855999999985507        2798.4112429341785     
   24.875999999985506        2800.8509064533873     
   24.895999999985506        2811.9333175202878     
   24.915999999985505        2814.5579267963285     
   24.935999999985508        2817.0940476089750     
   24.955999999985508        2819.4951790362634     
   24.975999999985508        2821.7204960746017     
   24.995999999985507        2823.7382737857856     
   25.015999999985507        2825.5190931381267     
   25.035999999985506        2843.6457212140954     
   25.055999999985506        2845.6699880235501     
   25.075999999985505        2854.4424300268884     
   25.095999999985509        2856.6335606494204     
   25.115999999985508        2858.7873275352763     
   25.135999999985508        2860.9048137185328     
   25.155999999985507        2862.9899711558910     
   25.175999999985507        2865.0600847098867     
   25.195999999985506        2867.1220143183223     
   25.215999999985506        2869.1787010516609     
   25.235999999985506        2871.2391140988798     
   25.255999999985505        2873.3057459936904     
   25.275999999985508        2878.2871285527544     
   25.295999999985508        2880.2482849512226     
   25.315999999985507        2882.2127118261951     
   25.335999999985507        2884.1825361707956     
   25.355999999985507        2886.1588508768368     
   25.375999999985506        2888.1409199336431     
   25.395999999985506        2890.1247177797622     
   25.415999999985505        2900.1019583594357     
   25.435999999985508        2902.2977795835486     
   25.455999999985508        2904.4557392897600     
   25.475999999985508        2906.5655355821909     
   25.495999999985507        2908.6198441612974     
   25.515999999985507        2910.6113383569095     
   25.535999999985506        2912.5366829159307     
   25.555999999985506        2914.3866580980971     
   25.575999999985505        2916.0963407773120     
   25.595999999985509        2917.6435016592936     
   25.615999999985508        2919.0013496828196     
   25.635999999985508        2920.1250229215666     
   25.655999999985507        2931.2063564428645     
   25.675999999985507        2932.1032016262434     
   25.695999999985506        2932.8076416642498     
   25.715999999985506        2933.3432093870392     
   25.735999999985506        2933.7255424448877     
   25.755999999985505        2933.9560021631110     
   25.775999999985508        2942.4924739709240     
   25.795999999985508        2942.6911973186161     
   25.815999999985507        2942.7520732441826     
   25.835999999985507        2951.2841550576518     
   25.855999999985507        2963.9998350555338     
   25.875999999985506        2964.1141721428880     
   25.895999999985506        2964.0966393470972     
   25.915999999985505        2963.9543136408697     
   25.935999999985508        2963.6947816585375     
   25.955999999985508        2963.3256866308398     
   25.975999999985508        2970.8145651300565     
   25.995999999985507        2978.6070882905451     
   26.015999999985507        2978.4990704605480     
   26.035999999985506        2978.3129143409951     
   26.055999999985506        2978.0393173004445     
   26.075999999985505        2977.6691261517944     
   26.095999999985509        2977.2060146222761     
   26.115999999985508        2976.6710809386946     
   26.135999999985508        2976.0589479347263     
   26.155999999985507        2975.3647535086038     
   26.175999999985507        2982.2368776858448     
   26.195999999985506        2981.6858924748358     
   26.215999999985506        2981.0973376507563     
   26.235999999985506        2980.4917410167773     
   26.255999999985505        2979.8798680609020     
   26.275999999985508        2979.1764208950081     
   26.295999999985508        2978.3367713138873     
   26.315999999985507        2977.3628664508806     
   26.335999999985507        2976.2563333170447     
   26.355999999985507        2975.0213263081241     
   26.375999999985506        2973.6705578348442     
   26.395999999985506        2972.2184536039463     
   26.415999999985505        2970.6866978994317     
   26.435999999985508        2969.1060089858524     
   26.455999999985508        2967.5012930862345     
   26.475999999985508        2965.9016575505184     
   26.495999999985507        2964.3384985732350     
   26.515999999985507        2962.8414757108221     
   26.535999999985506        2961.4442393335016     
   26.555999999985506        2960.1645811640396     
   26.575999999985505        2959.0013173997677     
   26.595999999985509        2957.9441957096456     
   26.615999999985508        2956.8949466536865     
   26.635999999985508        2955.7837406563349     
   26.655999999985507        2975.4106567814915     
   26.675999999985507        2974.2801790381632     
   26.695999999985506        2973.0744542010143     
   26.715999999985506        2971.7918779566439     
   26.735999999985506        2970.4320599668613     
   26.755999999985505        2968.9947884846079     
   26.775999999985508        2967.4798040418809     
   26.795999999985508        2988.0737175422141     
   26.815999999985507        2986.5061386425382     
   26.835999999985507        2984.8574252048784     
   26.855999999985507        2983.1182365946765     
   26.875999999985506        2981.2476755359248     
   26.895999999985506        2979.2243914329188     
   26.915999999985505        3000.2290322822619     
   26.935999999985508        2998.0793336222141     
   26.955999999985508        2995.8927151013513     
   26.975999999985508        2993.7077584390649     
   26.995999999985507        2994.2129718815581     
   27.015999999985507        2992.3880494011237     
   27.035999999985506        2990.5889751326977     
   27.055999999985506        2988.8116103003681     
   27.075999999985505        3008.1808301485598     
   27.095999999985509        3006.5598400919480     
   27.115999999985508        3004.9194460593199     
   27.135999999985508        3003.2475372453546     
   27.155999999985507        3001.5362024820615     
   27.175999999985507        2999.7930373504255     
   27.195999999985506        2998.0398949838695     
   27.215999999985506        2996.3187600513284     
   27.235999999985506        2994.6706685324343     
   27.255999999985505        2993.1162329917352     
   27.275999999985508        2991.6664463513130     
   27.295999999985508        2990.2720912369196     
   27.315999999985507        2989.7650582626839     
   27.335999999985507        2988.5631489426960     
   27.355999999985507        2987.3373494185139     
   27.375999999985506        2986.1361863696307     
   27.395999999985506        2984.9956333484456     
   27.415999999985505        2983.8530129281012     
   27.435999999985508        2982.6200224540785     
   27.455999999985508        2981.3048910767689     
   27.475999999985508        2979.9160103035629     
   27.495999999985507        2978.4601582793412     
   27.515999999985507        2976.9479515387225     
   27.535999999985506        2975.3918313413105     
   27.555999999985506        2973.8030286813741     
   27.575999999985505        2972.1848785129978     
   27.595999999985509        2970.5342561387479     
   27.615999999985508        2968.8475453007454     
   27.635999999985508        2992.8322514233050     
   27.655999999985507        2991.1490073886944     
   27.675999999985507        2989.4429199646374     
   27.695999999985506        2987.7211964541534     
   27.715999999985506        2985.9907087348843     
   27.735999999985506        2984.2619625215821     
   27.755999999985505        2982.5642198229225     
   27.775999999985508        3008.3003705733486     
   27.795999999985508        3006.7392331087899     
   27.815999999985507        3005.3083822889776     
   27.835999999985507        3031.8875380492100     
   27.855999999985507        3030.5180450499761     
   27.875999999985506        3029.1385518468101     
   27.895999999985506        3027.7422202701187     
   27.915999999985505        3026.3140218915219     
   27.935999999985508        3024.8365099159632     
   27.955999999985508        3023.2939007948958     
   27.975999999985508        3021.6804065605802     
   27.995999999985507        3019.9927949472412     
   28.015999999985507        3018.2260496308077     
   28.035999999985506        3016.3751233242642     
   28.055999999985506        3014.4386514574353     
   28.075999999985505        3012.4243939326252     
   28.095999999985509        3010.3698418818026     
   28.115999999985508        3008.3241164515475     
   28.135999999985508        3006.2936017644674     
   28.155999999985507        3004.2756687116484     
   28.175999999985507        3002.2680344073538     
   28.195999999985506        3028.5372635774493     
   28.215999999985506        3026.5351331606121     
   28.235999999985506        3024.5615401858972     
   28.255999999985505        3022.6445292118715     
   28.275999999985508        3020.8110938719560     
   28.295999999985508        3019.0860203319166     
   28.315999999985507        3045.7381248595498     
   28.335999999985507        3044.0733830672234     
   28.355999999985507        3042.3201878869468     
   28.375999999985506        3040.4789925951040     
   28.395999999985506        3067.7519812148571     
   28.415999999985505        3065.7088579711885     
   28.435999999985508        3092.3862578625276     
   28.455999999985508        3090.2370072176282     
   28.475999999985508        3088.0598439660498     
   28.495999999985507        3085.8674644130824     
   28.515999999985507        3083.6764392849450     
   28.535999999985506        3081.4833629276977     
   28.555999999985506        3079.2660379163217     
   28.575999999985505        3077.0095153981893     
   28.595999999985509        3074.7211696510649     
   28.615999999985508        3072.4149241622881     
   28.635999999985508        3070.1053644870772     
   28.655999999985507        3067.7968835148145     
   28.675999999985507        3065.4864887923040     
   28.695999999985506        3063.1705344163202     
   28.715999999985506        3060.8453365788682     
   28.735999999985506        3058.5094436773124     
   28.755999999985505        3056.1625684276814     
   28.775999999985508        3053.7998704251604     
   28.795999999985508        3051.4138670243942     
   28.815999999985507        3078.6734912161196     
   28.835999999985507        3076.1518520726913     
   28.855999999985507        3073.5691572827855     
   28.875999999985506        3070.9122773061463     
   28.895999999985506        3055.4720146722798     
   28.915999999985505        3053.1190258463962     
   28.935999999985508        3050.7559791308117     
   28.955999999985508        3048.4279018984025     
   28.975999999985508        3033.2724492642046     
   28.995999999985507        3031.5485373661918     
   29.015999999985507        3060.1008528496823     
   29.035999999985506        3058.2212630527370     
   29.055999999985506        3056.2987404577771     
   29.075999999985505        3054.3215404309171     
   29.095999999985509        3052.2799461688719     
   29.115999999985508        3078.9335723694089     
   29.135999999985508        3076.6750792872062     
   29.155999999985507        3074.3981336279662     
   29.175999999985507        3072.1155069122865     
   29.195999999985506        3069.8219958451327     
   29.215999999985506        3067.5093376771410     
   29.235999999985506        3065.1686431773546     
   29.255999999985505        3062.7912749491538     
   29.275999999985508        3060.3689464754448     
   29.295999999985508        3057.8908903225069     
   29.315999999985507        3055.3477474126271     
   29.335999999985507        3052.7295564612464     
   29.355999999985507        3050.0280652103534     
   29.375999999985506        3047.2915079343243     
   29.395999999985506        3075.7032408749442     
   29.415999999985505        3072.8795200019476     
   29.435999999985508        3070.0735567872930     
   29.455999999985508        3067.3113004348647     
   29.475999999985508        3064.6184757275382     
   29.495999999985507        3062.0187993720810     
   29.515999999985507        3059.4307923401989     
   29.535999999985506        3056.7262092791161     
   29.555999999985506        3053.8958212510415     
   29.575999999985505        3050.9468548097266     
   29.595999999985509        3047.8924151687424     
   29.615999999985508        3044.7457481650049     
   29.635999999985508        3041.5196194248947     
   29.655999999985507        3038.2255638104757     
   29.675999999985507        3034.8796220803565     
   29.695999999985506        3031.5006666658655     
   29.715999999985506        3028.1086050070608     
   29.735999999985506        3024.7223962822213     
   29.755999999985505        3021.3491817385716     
   29.775999999985508        3037.4413301204290     
   29.795999999985508        3034.1715238208640     
   29.815999999985507        3051.3061932378700     
   29.835999999985507        3047.8162061360781     
   29.855999999985507        3076.7454738873844     
   29.875999999985506        3073.3124148385218     
   29.895999999985506        3089.6660962612314     
   29.915999999985505        3105.5412256481941     
   29.935999999985508        3101.5925688667485     
   29.955999999985508        3097.5327532742422     
   29.975999999985508        3093.3629543130837     
   29.995999999985507        3108.0844677255441     
   30.015999999985507        3103.7823109296155     
   30.035999999985506        3133.8185931607641     
   30.055999999985506        3129.3884653743571     
   30.075999999985505        3124.9122706279495     
   30.095999999985509        3120.3886161006185     
   30.115999999985508        3115.8202674835229     
   30.135999999985508        3111.2102217866172     
   30.155999999985507        3106.5615309051050     
   30.175999999985507        3101.8776679524663     
   30.195999999985506        3097.1626332486398     
   30.215999999985506        3092.4183686835181     
   30.235999999985506        3087.6460936880808     
   30.255999999985505        3082.8471240343442     
   30.275999999985508        3078.0227152346174     
   30.295999999985508        3084.6981114062555     
   30.315999999985507        3079.4424572421972     
   30.335999999985507        3074.1613335088405     
   30.355999999985507        3068.8545050971006     
   30.375999999985506        3063.5196323557334     
   30.395999999985506        3058.1544430916738     
   30.415999999985505        3052.7572789813712     
   30.435999999985508        3047.3283207611171     
   30.455999999985508        3041.8684798181471     
   30.475999999985508        3036.3784540144634     
   30.495999999985507        3030.8586910307863     
   30.515999999985507        3025.3069754864118     
   30.535999999985506        3019.7214818217221     
   30.555999999985506        3014.1092800623987     
   30.575999999985505        3008.4799062722896     
   30.595999999985509        3002.8428160203885     
   30.615999999985508        2997.2040251943267     
   30.635999999985508        2991.5610155303430     
   30.655999999985507        2985.9103169521695     
   30.675999999985507        2980.2486472048859     
   30.695999999985506        2974.5740773525858     
   30.715999999985506        2968.8872247479544     
   30.735999999985506        2963.1886577093510     
   30.755999999985505        2970.1912445401667     
   30.775999999985508        2964.5544378680006     
   30.795999999985508        2958.8961185983176     
   30.815999999985507        2953.2122678376477     
   30.835999999985507        2947.4993131382380     
   30.855999999985507        2941.7601451938262     
   30.875999999985506        2936.0005832122470     
   30.895999999985506        2930.2263101910571     
   30.915999999985505        2924.4404435636980     
   30.935999999985508        2918.3861581142801     
   30.955999999985508        2912.0852990770036     
   30.975999999985508        2905.7471086738210     
   30.995999999985507        2899.3651810907140     
   31.015999999985507        2892.9292082219922     
   31.035999999985506        2886.4272334299753     
   31.055999999985506        2879.8557311150607     
   31.075999999985505        2873.2102863161058     
   31.095999999985509        2866.4897781397499     
   31.115999999985508        2859.7005876896837     
   31.135999999985508        2852.8490827903806     
   31.155999999985507        2845.9413312274664     
   31.175999999985507        2838.9769444542599     
   31.195999999985506        2831.9492300651495     
   31.215999999985506        2824.8524369132238     
   31.235999999985506        2849.0146446820959     
   31.255999999985509        2841.7407242791478     
   31.275999999985508        2834.3503968906389     
   31.295999999985508        2826.8146746952425     
   31.315999999985507        2819.1320833210325     
   31.335999999985507        2811.3086643111133     
   31.355999999985507        2803.3493690623854     
   31.375999999985506        2795.2604322008888     
   31.395999999985506        2787.0758469253542     
   31.415999999985505        2778.8477982286799     
   31.435999999985508        2770.6345119527023     
   31.455999999985508        2762.4998067702936     
   31.475999999985508        2754.4622047054072     
   31.495999999985507        2746.3938426915138     
   31.515999999985507        2738.2626434001590     
   31.535999999985506        2730.0680330298992     
   31.555999999985506        2721.8118613757415     
   31.575999999985505        2716.8834354552987     
   31.595999999985509        2711.4436029670469     
   31.615999999985508        2702.0184310183854     
   31.635999999985508        2692.5080242671897     
   31.655999999985507        2682.9033605485497     
   31.675999999985507        2673.2037614067344     
   31.695999999985506        2602.4786840552456     
   31.715999999985506        2593.2819291065234     
   31.735999999985506        2584.0586586860491     
   31.755999999985509        2574.8368611263732     
   31.775999999985508        2565.6274327502501     
