   2.9999999999972715E-002   3500.7138589932911     
   4.9999999999972719E-002   3502.5907027755015     
   6.9999999999972723E-002   3503.9711676616344     
   8.9999999999972713E-002   3507.0675204467880     
  0.10999999999997272        3508.1520346225097     
  0.12999999999997272        3512.7354650112079     
  0.14999999999997271        3512.8283770922640     
  0.16999999999997273        3512.5024392245377     
  0.18999999999997272        3516.1403938899193     
  0.20999999999997271        3517.1781188613058     
  0.22999999999997273        3520.3466473934859     
  0.24999999999997272        3521.1420754625492     
  0.26999999999997271        3522.3561287989055     
  0.28999999999997272        3526.1654598875107     
  0.30999999999997274        3526.9858320892399     
  0.32999999999997270        3529.3098604557604     
  0.34999999999997272        3527.8124266129025     
  0.36999999999997274        3533.0703526165057     
  0.38999999999997270        3537.3817264666204     
  0.40999999999997272        3537.1597709352568     
  0.42999999999997274        3539.2199593179721     
  0.44999999999997270        3544.3517951758377     
  0.46999999999997272        3542.2217228266918     
  0.48999999999997274        3543.0843092930299     
  0.50999999999997270        3545.9116969027459     
  0.52999999999997272        3550.1051086491002     
  0.54999999999997273        3549.8694232326548     
  0.56999999999997275        3554.7664176374101     
  0.58999999999997277        3557.4351652640489     
  0.60999999999997268        3558.0617276069679     
  0.62999999999997269        3567.4999372036636     
  0.64999999999997271        3566.3453521752135     
  0.66999999999997273        3554.3645259089726     
  0.68999999999997275        3554.1508309207907     
  0.70999999999997276        3563.5977500147128     
  0.72999999999997278        3579.6369381535428     
  0.74999999999997269        3574.2348247509453     
  0.76999999999997271        3578.2766368855359     
  0.78999999999997272        3578.6381417754205     
  0.80999999999997274        3574.2630792039326     
  0.82999999999997276        3579.4597864633874     
  0.84999999999997278        3582.2219235041016     
  0.86999999999997268        3577.9224334040241     
  0.88999999999997270        3584.6163299497889     
  0.90999999999997272        3587.9346925386444     
  0.92999999999997274        3588.8412949780973     
  0.94999999999997276        3586.8641686342280     
  0.96999999999997277        3593.6471451444922     
  0.98999999999997268        3591.2893754221363     
   1.0099999999999727        3599.3639779286805     
   1.0299999999999727        3598.7877893817240     
   1.0499999999999727        3590.5638667922071     
   1.0699999999999728        3605.0040755503637     
   1.0899999999999728        3590.1890803567335     
   1.1099999999999728        3615.0265809550547     
   1.1299999999999728        3602.9409141984470     
   1.1499999999999728        3618.6260179636502     
   1.1699999999999728        3615.3945688028289     
   1.1899999999999726        3603.0741930253789     
   1.2099999999999727        3615.3426406964450     
   1.2299999999999727        3617.8986447731195     
   1.2499999999999727        3617.5292778806856     
   1.2699999999999727        3631.6253611178531     
   1.2899999999999727        3617.4148825659013     
   1.3099999999999727        3642.8245189218464     
   1.3299999999999728        3634.1808538462387     
   1.3499999999999728        3638.4938882435595     
   1.3699999999999728        3635.7284792307937     
   1.3899999999999728        3634.5742291298830     
   1.4099999999999728        3637.2381083513033     
   1.4299999999999728        3634.7952882783143     
   1.4499999999999726        3643.9821779782546     
   1.4699999999999727        3635.0361510151574     
   1.4899999999999727        3641.8780055168431     
   1.5099999999999727        3645.2502576216721     
   1.5299999999999727        3659.4719767422298     
   1.5499999999999727        3649.9762507180717     
   1.5699999999999728        3650.5930715630998     
   1.5899999999999728        3658.9206445376544     
   1.6099999999999728        3660.5429259525436     
   1.6299999999999728        3652.5333492975283     
   1.6499999999999728        3663.2146256422948     
   1.6699999999999728        3679.7718640639177     
   1.6899999999999729        3688.1006092504622     
   1.7099999999999727        3673.6276199564782     
   1.7299999999999727        3667.4689047588536     
   1.7499999999999727        3667.2561317030631     
   1.7699999999999727        3681.5780127132944     
   1.7899999999999727        3676.0217709933413     
   1.8099999999999727        3685.1479122944938     
   1.8299999999999728        3674.0904303687048     
   1.8499999999999728        3685.3659299348146     
   1.8699999999999728        3688.2417081503540     
   1.8899999999999728        3691.8021873904263     
   1.9099999999999728        3690.5249698008652     
   1.9299999999999728        3680.9545146401579     
   1.9499999999999726        3692.3627116389716     
   1.9699999999999727        3687.0515570594289     
   1.9899999999999727        3684.3349744817333     
   2.0099999999999727        3696.6396977688000     
   2.0299999999999727        3717.6287638375661     
   2.0499999999999727        3699.8534488844948     
   2.0699999999999728        3688.5124646972981     
   2.0899999999999728        3693.6047372912726     
   2.1099999999999728        3700.2087692072018     
   2.1299999999999728        3707.7077963394036     
   2.1499999999999728        3714.3948515260563     
   2.1699999999999728        3714.6744248257842     
   2.1899999999999729        3735.3683284996569     
   2.2099999999999729        3731.9750171620772     
   2.2299999999999729        3734.5316566631259     
   2.2499999999999729        3733.7719601712142     
   2.2699999999999729        3735.1794025334038     
   2.2899999999999729        3755.5796223804073     
   2.3099999999999730        3754.7670647412961     
   2.3299999999999730        3747.0706744925510     
   2.3499999999999726        3738.3019234039693     
   2.3699999999999726        3746.6334599471706     
   2.3899999999999726        3737.2626053258309     
   2.4099999999999726        3740.6307606047776     
   2.4299999999999726        3754.1918997072371     
   2.4499999999999726        3738.8657614531080     
   2.4699999999999727        3740.9490300758325     
   2.4899999999999727        3738.1333252523000     
   2.5099999999999727        3753.0623060084940     
   2.5299999999999727        3788.5835997997428     
   2.5499999999999727        3753.2609136942356     
   2.5699999999999728        3741.1765965549680     
   2.5899999999999728        3758.4288591935870     
   2.6099999999999728        3755.4404580481169     
   2.6299999999999728        3771.5457758611601     
   2.6499999999999728        3751.0562995418127     
   2.6699999999999728        3734.9291167340316     
   2.6899999999999729        3730.0230271685314     
   2.7099999999999729        3752.4493285030126     
   2.7299999999999729        3751.7052074726089     
   2.7499999999999729        3738.1800436746967     
   2.7699999999999729        3776.5706567222705     
   2.7899999999999729        3779.2365583638189     
   2.8099999999999730        3800.7128672884078     
   2.8299999999999730        3787.1014276247552     
   2.8499999999999726        3799.0638868080400     
   2.8699999999999726        3784.6669999161472     
   2.8899999999999726        3792.1560161714010     
   2.9099999999999726        3796.4948947976286     
   2.9299999999999726        3799.9030018064173     
   2.9499999999999726        3804.3288795677536     
   2.9699999999999727        3799.7620950212445     
   2.9899999999999727        3803.3757007257309     
   3.0099999999999727        3808.0554438874765     
   3.0299999999999727        3829.9238725232440     
   3.0499999999999727        3836.3778715482490     
   3.0699999999999728        3839.2704214077921     
   3.0899999999999728        3836.5038146874890     
   3.1099999999999728        3827.9093635474874     
   3.1299999999999728        3830.5981947284267     
   3.1499999999999728        3836.5415761818535     
   3.1699999999999728        3826.8833680268804     
   3.1899999999999729        3830.6632054649494     
   3.2099999999999729        3836.6964388543583     
   3.2299999999999729        3842.2844365065152     
   3.2499999999999729        3850.0654215680788     
   3.2699999999999729        3845.3913071030793     
   3.2899999999999729        3864.4791411986985     
   3.3099999999999730        3894.7134569558507     
   3.3299999999999730        3903.0083375792019     
   3.3499999999999730        3909.0375478445499     
   3.3699999999999726        3923.1129016315863     
   3.3899999999999726        3927.2238985613380     
   3.4099999999999726        3927.8258194527070     
   3.4299999999999726        3909.4895985244361     
   3.4499999999999726        3894.9252110713273     
   3.4699999999999727        3882.2406153126622     
   3.4899999999999727        3888.2592977239342     
   3.5099999999999727        3889.6543441766521     
   3.5299999999999727        3887.0546735022544     
   3.5499999999999727        3871.1627152060314     
   3.5699999999999728        3858.0772933310195     
   3.5899999999999728        3841.5233420434356     
   3.6099999999999728        3879.4198341836482     
   3.6299999999999728        3875.7272016696202     
   3.6499999999999728        3892.6390805038477     
   3.6699999999999728        3870.3891019064245     
   3.6899999999999729        3892.1565841382262     
   3.7099999999999729        3889.1038226944834     
   3.7299999999999729        3893.6144960597239     
   3.7499999999999729        3903.5131307067313     
   3.7699999999999729        3913.0202287449256     
   3.7899999999999729        3927.4497591791205     
   3.8099999999999730        3932.7889190537981     
   3.8299999999999730        3916.5360291042207     
   3.8499999999999730        3905.5688324367425     
   3.8699999999999726        3911.5172519503244     
   3.8899999999999726        3924.7240919935502     
   3.9099999999999726        3921.1587514123612     
   3.9299999999999726        3932.2219156802907     
   3.9499999999999726        3939.4835634673977     
   3.9699999999999727        3945.5760954437246     
   3.9899999999999727        3924.4913953369423     
   4.0099999999999731        3925.3636155773806     
   4.0299999999999727        3919.4308901882710     
   4.0499999999999732        3916.3993249729156     
   4.0699999999999728        3924.1956451091628     
   4.0899999999999732        3911.1435034854467     
   4.1099999999999728        3886.0201729340351     
   4.1299999999999724        3872.9531177197687     
   4.1499999999999728        3865.8599308012144     
   4.1699999999999724        3870.1806609852574     
   4.1899999999999729        3859.6355079447007     
   4.2099999999999724        3862.4684196550461     
   4.2299999999999729        3864.7649365848529     
   4.2499999999999725        3878.1370201322766     
   4.2699999999999729        3896.0763765664960     
   4.2899999999999725        3892.3895685381131     
   4.3099999999999730        3894.8771757489681     
   4.3299999999999725        3906.2596777547174     
   4.3499999999999730        3913.9539398411684     
   4.3699999999999726        3943.2142803698498     
   4.3899999999999730        3968.9588817214435     
   4.4099999999999726        3968.2056743886665     
   4.4299999999999731        3983.3046290649208     
   4.4499999999999726        3982.4434031751466     
   4.4699999999999731        3967.8708003610550     
   4.4899999999999727        3963.8575266595822     
   4.5099999999999731        3980.2433493553840     
   4.5299999999999727        3986.6089478207759     
   4.5499999999999732        4006.9131302449923     
   4.5699999999999728        4016.6087479602011     
   4.5899999999999732        4012.7077679510053     
   4.6099999999999728        4008.0196900933734     
   4.6299999999999732        3986.6770810222224     
   4.6499999999999728        3960.0991825152014     
   4.6699999999999724        3956.1840956798474     
   4.6899999999999729        3948.9476691513028     
   4.7099999999999724        3944.2015601958683     
   4.7299999999999729        3935.0989897886261     
   4.7499999999999725        3923.0430281668805     
   4.7699999999999729        3909.2457655887501     
   4.7899999999999725        3874.0191421546792     
   4.8099999999999730        3870.1131140057087     
   4.8299999999999725        3868.8153007608421     
   4.8499999999999730        3851.9739577874243     
   4.8699999999999726        3863.6794038316070     
   4.8899999999999730        3857.5073026639511     
   4.9099999999999726        3858.7022676618840     
   4.9299999999999731        3869.8061628118444     
   4.9499999999999726        3879.6888635319856     
   4.9699999999999731        3875.1524007802027     
   4.9899999999999727        3912.7892677539530     
   5.0099999999999731        3923.4676115717939     
   5.0299999999999727        3943.2783806374464     
   5.0499999999999732        3962.2093272908855     
   5.0699999999999728        4004.2602579159970     
   5.0899999999999732        4006.3442046814953     
   5.1099999999999728        4010.2953200934544     
   5.1299999999999732        4009.6135921283430     
   5.1499999999999728        4031.6486350942587     
   5.1699999999999724        4052.1469905700415     
   5.1899999999999729        4100.1755242566542     
   5.2099999999999724        4115.2550612978494     
   5.2299999999999729        4135.4852437579293     
   5.2499999999999725        4164.4251398033393     
   5.2699999999999729        4179.4338180816194     
   5.2899999999999725        4193.8691136137058     
   5.3099999999999730        4220.9997023926417     
   5.3299999999999725        4237.5560157203709     
   5.3499999999999730        4249.2203221426062     
   5.3699999999999726        4260.0002914427832     
   5.3899999999999730        4286.1386062844149     
   5.4099999999999726        4294.5164206656946     
   5.4299999999999731        4309.2155842891680     
   5.4499999999999726        4323.1517130067214     
   5.4699999999999731        4337.5276402647942     
   5.4899999999999727        4340.6414978991861     
   5.5099999999999731        4347.2756461449035     
   5.5299999999999727        4396.3510838998236     
   5.5499999999999732        4407.5349348596856     
   5.5699999999999728        4419.6371827064377     
   5.5899999999999732        4415.4527439311987     
   5.6099999999999728        4431.2692279319581     
   5.6299999999999732        4415.3328730020612     
   5.6499999999999728        4423.5326436144678     
   5.6699999999999724        4409.9143847946298     
   5.6899999999999729        4421.4583043130151     
   5.7099999999999724        4410.5286312469871     
   5.7299999999999729        4416.5240283937856     
   5.7499999999999725        4387.3283526937630     
   5.7699999999999729        4385.4613112652069     
   5.7899999999999725        4364.1292602210078     
   5.8099999999999730        4335.2241080691902     
   5.8299999999999725        4358.7947947669127     
   5.8499999999999730        4365.2256411742046     
   5.8699999999999726        4326.2073743118190     
   5.8899999999999730        4325.9204361096563     
   5.9099999999999726        4313.4715548542381     
   5.9299999999999731        4298.2055966061116     
   5.9499999999999726        4272.6322001828767     
   5.9699999999999731        4277.6302351983104     
   5.9899999999999727        4265.7575466027838     
   6.0099999999999731        4268.4541042503679     
   6.0299999999999727        4262.3651115536859     
   6.0499999999999732        4277.1504670893792     
   6.0699999999999728        4291.5919103569031     
   6.0899999999999732        4292.1291831165217     
   6.1099999999999728        4289.4678722365525     
   6.1299999999999732        4259.6295603055642     
   6.1499999999999728        4260.5402398589295     
   6.1699999999999733        4218.5270217405459     
   6.1899999999999729        4198.8602892513281     
   6.2099999999999724        4171.4869934147000     
   6.2299999999999729        4188.0661821113263     
   6.2499999999999725        4174.1779331776697     
   6.2699999999999729        4180.3149101335530     
   6.2899999999999725        4203.2991451387406     
   6.3099999999999730        4199.5889786847511     
   6.3299999999999725        4218.2479342824909     
   6.3499999999999730        4194.4732085536471     
   6.3699999999999726        4172.8776856209988     
   6.3899999999999730        4184.0237982805338     
   6.4099999999999726        4167.2027293817673     
   6.4299999999999731        4174.2441318177907     
   6.4499999999999726        4201.9863410088883     
   6.4699999999999731        4206.5550615097391     
   6.4899999999999727        4219.7075995973855     
   6.5099999999999731        4224.3395771371715     
   6.5299999999999727        4228.3584571927431     
   6.5499999999999732        4240.7063006726694     
   6.5699999999999728        4285.5777918550430     
   6.5899999999999732        4290.1214921885385     
   6.6099999999999728        4295.4033451115165     
   6.6299999999999732        4295.1820799141142     
   6.6499999999999728        4309.9811649916110     
   6.6699999999999733        4325.4491755614645     
   6.6899999999999729        4330.2820035776722     
   6.7099999999999724        4335.2011608438033     
   6.7299999999999729        4350.7960242029567     
   6.7499999999999725        4364.4915367258345     
   6.7699999999999729        4365.7160909754166     
   6.7899999999999725        4376.5687242365848     
   6.8099999999999730        4375.4081952938341     
   6.8299999999999725        4378.9234095739412     
   6.8499999999999730        4390.6062688417787     
   6.8699999999999726        4390.1092015980084     
   6.8899999999999730        4389.7614835486047     
   6.9099999999999726        4387.6976724868191     
   6.9299999999999731        4397.8321951964099     
   6.9499999999999726        4398.1970380870971     
   6.9699999999999731        4379.0370164896431     
   6.9899999999999727        4398.8029305312621     
   7.0099999999999731        4393.6094446990928     
   7.0299999999999727        4380.9299397734658     
   7.0499999999999732        4376.0515829020624     
   7.0699999999999728        4387.5091364841828     
   7.0899999999999732        4384.8956221700282     
   7.1099999999999728        4380.6329959129407     
   7.1299999999999732        4372.2356078602925     
   7.1499999999999728        4368.9686256016357     
   7.1699999999999733        4377.0916286637121     
   7.1899999999999729        4375.5570890843610     
   7.2099999999999724        4386.1889025622058     
   7.2299999999999729        4396.6735954467003     
   7.2499999999999725        4405.5339486028652     
   7.2699999999999729        4420.9240524851330     
   7.2899999999999725        4417.5126342818257     
   7.3099999999999730        4380.1201113479738     
   7.3299999999999725        4335.8597860119062     
   7.3499999999999730        4347.9790087424590     
   7.3699999999999726        4342.9544113924057     
   7.3899999999999730        4357.0166883562706     
   7.4099999999999726        4371.1166103731020     
   7.4299999999999731        4387.0668779522975     
   7.4499999999999726        4389.4506226985104     
   7.4699999999999731        4391.6497339831540     
   7.4899999999999727        4392.6956646157405     
   7.5099999999999731        4391.2626884755773     
   7.5299999999999727        4390.6252550566669     
   7.5499999999999732        4390.7752954500365     
   7.5699999999999728        4388.6564330524316     
   7.5899999999999732        4403.1053682008614     
   7.6099999999999728        4413.1150762208872     
   7.6299999999999732        4379.3108437466644     
   7.6499999999999728        4375.8588758421720     
   7.6699999999999733        4387.0234945010197     
   7.6899999999999729        4385.1478032988707     
   7.7099999999999724        4383.1879206681751     
   7.7299999999999729        4381.6922177759689     
   7.7499999999999725        4406.5762690108249     
   7.7699999999999729        4406.3521303089956     
   7.7899999999999725        4404.2295997897554     
   7.8099999999999730        4373.0928258931117     
   7.8299999999999725        4379.3852786455582     
   7.8499999999999730        4396.4339229147645     
   7.8699999999999726        4407.3637970830414     
   7.8899999999999730        4404.0033645983513     
   7.9099999999999726        4402.6502123115961     
   7.9299999999999731        4408.5873934945821     
   7.9499999999999726        4408.3726264996840     
   7.9699999999999731        4408.4726871210542     
   7.9899999999999727        4418.8546084235204     
   8.0099999999999731        4428.9017909613076     
   8.0299999999999727        4400.7132190961684     
   8.0499999999999723        4402.5797977933862     
   8.0699999999999736        4404.3639641197815     
   8.0899999999999732        4405.9103893521160     
   8.1099999999999728        4420.1057772523081     
   8.1299999999999724        4420.6966089352982     
   8.1499999999999737        4436.0599129389420     
   8.1699999999999733        4437.2203791130523     
   8.1899999999999729        4452.5596714721696     
   8.2099999999999724        4467.8824935872508     
   8.2299999999999720        4451.0669853897771     
   8.2499999999999734        4425.6668472592501     
   8.2699999999999729        4427.8977680049575     
   8.2899999999999725        4455.2631196970660     
   8.3099999999999721        4486.5987872035794     
   8.3299999999999734        4487.8429847495399     
   8.3499999999999730        4488.7002870158312     
   8.3699999999999726        4488.7910154095816     
   8.3899999999999721        4520.4685732673033     
   8.4099999999999735        4520.7544800023279     
   8.4299999999999731        4553.0813549545546     
   8.4499999999999726        4553.8757030674415     
   8.4699999999999722        4529.8927007116881     
   8.4899999999999736        4546.7901188187352     
   8.5099999999999731        4546.9845272090170     
   8.5299999999999727        4562.0967075447361     
   8.5499999999999723        4576.6697275682209     
   8.5699999999999736        4546.0388952759376     
   8.5899999999999732        4559.2594758720334     
   8.6099999999999728        4543.3973005516191     
   8.6299999999999724        4539.8321743409488     
   8.6499999999999737        4562.5316788755363     
   8.6699999999999733        4527.7504484768569     
   8.6899999999999729        4535.6702751044913     
   8.7099999999999724        4529.0426023319733     
   8.7299999999999738        4536.3775649694417     
   8.7499999999999734        4576.3757804104989     
   8.7699999999999729        4583.5272563264252     
   8.7899999999999725        4572.7985219858156     
   8.8099999999999721        4560.5684422457161     
   8.8299999999999734        4563.7675148964363     
   8.8499999999999730        4581.3393926425188     
   8.8699999999999726        4536.4467465592779     
   8.8899999999999721        4501.1091575202936     
   8.9099999999999735        4465.3011377184257     
   8.9299999999999731        4419.3644367328998     
   8.9499999999999726        4400.6163599767115     
   8.9699999999999722        4381.2509615157687     
   8.9899999999999736        4350.4285254905644     
   9.0099999999999731        4329.6178799164963     
   9.0299999999999727        4306.0157482728901     
   9.0499999999999723        4281.4532319288892     
   9.0699999999999736        4290.0712111271214     
   9.0899999999999732        4297.9185953619708     
   9.1099999999999728        4270.5733395490124     
   9.1299999999999724        4240.8900033140635     
   9.1499999999999737        4208.2818462144842     
   9.1699999999999733        4173.7286642133558     
   9.1899999999999729        4106.5229486787739     
   9.2099999999999724        4084.6149694808869     
   9.2299999999999738        4061.8914967228370     
   9.2499999999999734        3991.0352962671782     
   9.2699999999999729        3931.2939001690766     
   9.2899999999999725        3842.0160627152081     
   9.3099999999999721        3764.8395988662433     
   9.3299999999999734        3724.4456876075383     
   9.3499999999999730        3692.8791899943276     
   9.3699999999999726        3598.1658746411408     
   9.3899999999999721        3557.1361957757063     
   9.4099999999999735        3513.5024656496344     
   9.4299999999999731        3430.6421224686396     
   9.4499999999999726        3393.7340609312828     
   9.4699999999999722        3348.6671385267891     
   9.4899999999999736        3308.2462354349168     
   9.5099999999999731        3178.3257543703426     
   9.5299999999999727        3132.4753776793577     
   9.5499999999999723        3086.4467064975438     
   9.5699999999999736        2957.1008228850151     
   9.5899999999999732        2914.2687149088842     
   9.6099999999999728        2827.4512165634633     
   9.6299999999999724        2785.4488521476396     
   9.6499999999999737        2734.1014891239597     
   9.6699999999999733        2648.0350171396417     
   9.6899999999999729        2562.0638365420446     
   9.7099999999999724        2514.9390194371085     
   9.7299999999999738        2465.5819931230508     
   9.7499999999999734        2415.0677766278509     
   9.7699999999999729        2328.0252489390205     
   9.7899999999999725        2242.5306752229399     
   9.8099999999999721        2166.3624689553571     
   9.8299999999999734        2120.7478821630966     
   9.8499999999999730        2066.4154369666221     
   9.8699999999999726        2022.6057806968988     
   9.8899999999999721        1979.2872999098695     
   9.9099999999999735        1936.4473175686283     
   9.9299999999999731        1894.0993369207811     
   9.9499999999999726        1813.3201074430465     
   9.9699999999999722        1771.4676829928410     
   9.9899999999999736        1726.9359508611890     
   10.009999999999973        1681.6775732963179     
   10.029999999999973        1637.9599299780259     
   10.049999999999972        1595.7328245361546     
   10.069999999999974        1554.5646234378889     
   10.089999999999973        1517.0577688709113     
   10.109999999999973        1478.9760660161442     
   10.129999999999972        1433.1870652279188     
   10.149999999999974        1387.2297339477846     
   10.169999999999973        1338.3066016794608     
   10.189999999999973        1290.9582411438598     
   10.209999999999972        1244.8811584560879     
   10.229999999999974        1199.8778020625189     
   10.249999999999973        1104.9996614760580     
   10.269999999999973        1059.0858724662576     
   10.289999999999973        1017.4403852610841     
   10.309999999999972        961.31726157821117     
   10.329999999999973        921.47935602745144     
   10.349999999999973        879.38661647335687     
   10.369999999999973        828.23368830899915     
   10.389999999999972        791.96228957868175     
   10.409999999999973        755.53329177795661     
   10.429999999999973        720.96492569103691     
   10.449999999999973        671.70160898365612     
   10.469999999999972        628.35664084251016     
   10.489999999999974        583.72309645328346     
   10.509999999999973        549.36929463872377     
   10.529999999999973        518.56627629675961     
   10.549999999999972        486.78402398168396     
   10.569999999999974        456.52032311009714     
   10.589999999999973        416.35269949629588     
   10.609999999999973        389.08990791602611     
   10.629999999999972        357.89705506829768     
   10.649999999999974        333.08089005548732     
   10.669999999999973        309.34879662869889     
   10.689999999999973        286.61592880878089     
   10.709999999999972        264.72558865197965     
   10.729999999999974        243.70188292497863     
   10.749999999999973        222.59682182179762     
   10.769999999999973        203.63613640431785     
   10.789999999999973        184.91491823797404     
   10.809999999999972        168.08331542437654     
   10.829999999999973        151.53219698577152     
   10.849999999999973        136.82413860467739     
   10.869999999999973        122.59708625972037     
   10.889999999999972        108.76306968657371     
   10.909999999999973        93.508025347762739     
   10.929999999999973        81.738949517123373     
   10.949999999999973        68.165104012847578     
   10.969999999999972        58.802450591354443     
   10.989999999999974        50.371333753725352     
   11.009999999999973        42.837075248709510     
   11.029999999999973        36.171633448744998     
   11.049999999999972        29.644314006740434     
   11.069999999999974        24.691715052963033     
   11.089999999999973        20.531237248571252     
   11.109999999999973        17.087866670815252     
   11.129999999999972        14.330125343231190     
   11.149999999999974        12.149658831752291     
   11.169999999999973        10.721146453243618     
   11.189999999999973        9.9805126122933601     
   11.209999999999972        9.7887810306424008     
   11.229999999999974        10.188404117433908     
   11.249999999999973        11.174331971789895     
   11.269999999999973        12.752611644247651     
   11.289999999999973        14.917466112377870     
   11.309999999999972        17.603757472595515     
   11.329999999999973        20.844099522012570     
   11.349999999999973        24.601729352924341     
   11.369999999999973        28.561993245062087     
   11.389999999999972        33.223905975883909     
   11.409999999999973        38.375253122849472     
   11.429999999999973        43.952133722132594     
   11.449999999999973        50.211181029906975     
   11.469999999999972        57.161756633404856     
   11.489999999999974        64.476987611027440     
   11.509999999999973        72.476231422735765     
   11.529999999999973        80.955613627440741     
   11.549999999999972        89.933522706653491     
   11.569999999999974        99.763576134519596     
   11.589999999999973        110.24383675006959     
   11.609999999999973        120.69130411057094     
   11.629999999999972        131.46683152477658     
   11.649999999999974        141.85210591495215     
   11.669999999999973        153.62577875382877     
   11.689999999999973        166.77793139434033     
   11.709999999999972        179.93693286318680     
   11.729999999999974        192.42895550701508     
   11.749999999999973        206.27924776831324     
   11.769999999999973        219.71174436790898     
   11.789999999999973        235.17025113151479     
   11.809999999999972        249.89343210575450     
   11.829999999999973        265.58293942446636     
   11.849999999999973        281.61454582755664     
   11.869999999999973        298.03143999880461     
   11.889999999999972        314.67367102934685     
   11.909999999999973        332.81325901888079     
   11.929999999999973        350.43800981734813     
   11.949999999999973        368.41832406909248     
   11.969999999999972        386.71836883390142     
   11.989999999999974        407.65792279578710     
   12.009999999999973        427.98107987805832     
   12.029999999999973        447.94198589788562     
   12.049999999999972        469.26442137276911     
   12.069999999999974        491.24689261385942     
   12.089999999999973        519.82301263396835     
   12.109999999999973        549.51119307701651     
   12.129999999999972        573.45922075385761     
   12.149999999999974        597.85068452598671     
   12.169999999999973        624.76277163421616     
   12.189999999999973        650.92285227587024     
   12.209999999999972        681.26546189766805     
   12.229999999999974        708.88194596615585     
   12.249999999999973        737.34375006856544     
   12.269999999999973        769.65573183251502     
   12.289999999999973        799.22351663643860     
   12.309999999999974        829.20376521296430     
   12.329999999999973        859.58747829704487     
   12.349999999999973        890.44149048750273     
   12.369999999999973        921.81517471685061     
   12.389999999999972        953.61328851583266     
   12.409999999999973        985.79898768172700     
   12.429999999999973        1018.6235925069836     
   12.449999999999973        1058.2097225655273     
   12.469999999999972        1099.3685274563572     
   12.489999999999974        1134.6388240134791     
   12.509999999999973        1170.4540174382951     
   12.529999999999973        1206.6795114287384     
   12.549999999999972        1243.2287427068054     
   12.569999999999974        1294.5483845732097     
   12.589999999999973        1332.2639181403217     
   12.609999999999973        1370.2600502759547     
   12.629999999999972        1417.5711518657974     
   12.649999999999974        1466.0314920835053     
   12.669999999999973        1506.1822688545644     
   12.689999999999973        1547.0490463279586     
   12.709999999999972        1588.5004646724558     
   12.729999999999974        1630.4525648542503     
   12.749999999999973        1672.8831938997255     
   12.769999999999973        1715.8393478682224     
   12.789999999999973        1759.2219230037992     
   12.809999999999974        1802.8532354814258     
   12.829999999999973        1846.6159992560313     
   12.849999999999973        1890.4534391252835     
   12.869999999999973        1946.2089977725586     
   12.889999999999972        1990.5564230278051     
   12.909999999999973        2047.6523615025690     
   12.929999999999973        2092.4986223664755     
   12.949999999999973        2137.3920774098328     
   12.969999999999972        2190.9891147088133     
   12.989999999999974        2235.6450891226814     
   13.009999999999973        2280.2815179068421     
   13.029999999999973        2324.8998893596422     
   13.049999999999972        2369.2283345799437     
   13.069999999999974        2427.4053371185714     
   13.089999999999973        2470.5969751776192     
   13.109999999999973        2528.7652092539552     
   13.129999999999972        2604.0810077796291     
   13.149999999999974        2648.1005611889600     
   13.169999999999973        2692.1455797002227     
   13.189999999999973        2736.1828562740666     
   13.209999999999972        2780.1116784666610     
   13.229999999999974        2823.8262762019690     
   13.249999999999973        2866.6310869355834     
   13.269999999999973        2925.6206968228216     
   13.289999999999973        2967.2489718293687     
   13.309999999999974        3008.5137171079277     
   13.329999999999973        3049.7890324257801     
   13.349999999999973        3105.2723867015238     
   13.369999999999973        3147.7291725195400     
   13.389999999999972        3189.9361424216745     
   13.409999999999973        3231.7838306689678     
   13.429999999999973        3273.2089940266837     
   13.449999999999973        3314.1280355770691     
   13.469999999999972        3354.4391176159520     
   13.489999999999974        3394.1060566749497     
   13.509999999999973        3456.3071540528549     
   13.529999999999973        3494.7861599781240     
   13.549999999999972        3532.5878996853658     
   13.569999999999974        3569.8017186467951     
   13.589999999999973        3606.4634262718259     
   13.609999999999973        3642.6076167816664     
   13.629999999999972        3678.2820948618282     
   13.649999999999974        3713.5021259596770     
   13.669999999999973        3748.2765884523701     
   13.689999999999973        3782.6551648753521     
   13.709999999999972        3816.6736291793809     
   13.729999999999974        3850.3651879135919     
   13.749999999999973        3883.8215465831181     
   13.769999999999973        3917.0843216459875     
   13.789999999999973        3950.1546922685661     
   13.809999999999974        3983.0636216603557     
   13.829999999999973        4036.6765896178499     
   13.849999999999973        4090.6684117201362     
   13.869999999999973        4123.4457539199257     
   13.889999999999972        4155.3652957432532     
   13.909999999999973        4186.5095370713652     
   13.929999999999973        4169.3395206591194     
   13.949999999999973        4198.1696050719747     
   13.969999999999972        4226.3157267055103     
   13.989999999999974        4253.7745215748355     
   14.009999999999973        4280.4774925338515     
   14.029999999999973        4327.7648280308240     
   14.049999999999972        4332.7119737835956     
   14.069999999999974        4359.9820271381104     
   14.089999999999973        4386.2811150972966     
   14.109999999999973        4411.5029100247320     
   14.129999999999972        4436.0849423793507     
   14.149999999999974        4403.0670210972321     
   14.169999999999973        4447.9577282188675     
   14.189999999999973        4472.5635225173282     
   14.209999999999972        4496.2641013733173     
   14.229999999999974        4571.1972678136790     
   14.249999999999973        4594.9664244677115     
   14.269999999999973        4559.6853762512992     
   14.289999999999973        4584.2403439943400     
   14.309999999999974        4608.2559799640421     
   14.329999999999973        4632.2378321025099     
   14.349999999999973        4596.8755843947720     
   14.369999999999973        4622.4729973844805     
   14.389999999999972        4647.7691817510195     
   14.409999999999973        4672.7027635862851     
   14.429999999999973        4730.1518435155494     
   14.449999999999973        4754.4455121213887     
   14.469999999999972        4776.5533583797560     
   14.489999999999974        4796.5921304261656     
   14.509999999999973        4708.0564725617487     
   14.529999999999973        4765.3827575866317     
   14.549999999999972        4789.3726402800212     
   14.569999999999974        4809.6267678139275     
   14.589999999999973        4828.6453617824291     
   14.609999999999973        4847.1955029287083     
   14.629999999999972        4882.4142298858842     
   14.649999999999974        4852.5029138312530     
   14.669999999999973        4859.3359994338525     
   14.689999999999973        4882.4026722090366     
   14.709999999999972        4859.5497436162941     
   14.729999999999974        4884.5066198287541     
   14.749999999999973        4909.1470489045560     
   14.769999999999973        4969.2775349068934     
   14.789999999999973        4993.9730947282969     
   14.809999999999974        5018.6031375148759     
   14.829999999999973        5079.2344705182968     
   14.849999999999973        5103.8735974250585     
   14.869999999999973        5128.3368545041112     
   14.889999999999972        5152.6171971212716     
   14.909999999999973        5176.7002455059237     
   14.929999999999973        5200.6041323395875     
   14.949999999999973        5224.3652331264275     
   14.969999999999972        5247.2245932946171     
   14.989999999999974        5266.3131152468677     
   15.009999999999973        5285.0335027955634     
   15.029999999999973        5304.0644664432712     
   15.049999999999972        5323.4251944434500     
   15.069999999999974        5343.1486843908415     
   15.089999999999973        5363.2258900462321     
   15.109999999999973        5382.2078584931705     
   15.129999999999972        5398.3903803716930     
   15.149999999999974        5415.0790665163286     
   15.169999999999973        5492.4366313809542     
   15.189999999999973        5507.0178476440133     
   15.209999999999972        5521.5373162291316     
   15.229999999999974        5534.2667553066594     
   15.249999999999973        5545.3266647636565     
   15.269999999999973        5557.3215525673550     
   15.289999999999973        5570.1621903517780     
   15.309999999999974        5583.6615911042572     
   15.329999999999973        5597.6447801324566     
   15.349999999999973        5611.9085160480381     
   15.369999999999973        5626.2318253211579     
   15.389999999999972        5640.3865198149224     
   15.409999999999973        5654.2058546398512     
   15.429999999999973        5667.7658456889585     
   15.449999999999973        5692.4757766694902     
   15.469999999999972        5706.8453149227871     
   15.489999999999974        5720.7923759940932     
   15.509999999999973        5734.4547589902404     
   15.529999999999973        5764.1696107611397     
   15.549999999999972        5778.2910802795614     
   15.569999999999974        5791.7401072276889     
   15.589999999999973        5804.8917182631540     
   15.609999999999973        5817.9232702239624     
   15.629999999999972        5830.8266073625446     
   15.649999999999974        5877.4693897316120     
   15.669999999999973        5920.8861959653250     
   15.689999999999973        5962.3891937505241     
   15.709999999999972        6004.4644103617329     
   15.729999999999974        6044.1792139397621     
   15.749999999999973        6054.3943247218031     
   15.769999999999973        6064.7239453312850     
   15.789999999999973        6075.4975728427407     
   15.809999999999974        6086.8623744162414     
   15.829999999999973        6132.6211032135225     
   15.849999999999973        6143.8862100244742     
   15.869999999999973        6158.1997563880850     
   15.889999999999974        6172.6812351851431     
   15.909999999999973        6187.2909167698426     
   15.929999999999973        6201.9850347528027     
   15.949999999999973        6260.1483789116073     
   15.969999999999972        6275.3269538788682     
   15.989999999999974        6290.4193618136387     
   16.009999999999973        6305.3699848829301     
   16.029999999999973        6320.1204118779087     
   16.049999999999972        6334.6138273945744     
   16.069999999999972        6348.8319000594402     
   16.089999999999971        6362.7879208114782     
   16.109999999999975        6376.4948976728238     
   16.129999999999974        6389.9516057792880     
   16.149999999999974        6403.1445436088616     
   16.169999999999973        6416.0042005521746     
   16.189999999999973        6427.9230531897338     
   16.209999999999972        6438.8595472631441     
   16.229999999999972        6449.3040501984760     
   16.249999999999972        6459.4905740919521     
   16.269999999999975        6469.4437283637917     
   16.289999999999974        6479.1789821321545     
   16.309999999999974        6488.7141970339389     
   16.329999999999973        6498.0732170245356     
   16.349999999999973        6507.2713968288854     
   16.369999999999973        6516.2622430794272     
   16.389999999999972        6525.2522453822139     
   16.409999999999972        6590.6201525468132     
   16.429999999999971        6600.0739395064193     
   16.449999999999974        6578.8836652545933     
   16.469999999999974        6588.7501163209727     
   16.489999999999974        6598.4290171308121     
   16.509999999999973        6607.9419703768563     
   16.529999999999973        6617.1545143315743     
   16.549999999999972        6685.7544120758612     
   16.569999999999972        6693.2186937002716     
   16.589999999999971        6700.1405811087134     
   16.609999999999975        6705.9079711258191     
   16.629999999999974        6730.8755491417633     
   16.649999999999974        6736.0389199454294     
   16.669999999999973        6740.9570992066110     
   16.689999999999973        6745.0228132363591     
   16.709999999999972        6748.0381233754815     
   16.729999999999972        6750.6056434308621     
   16.749999999999972        6753.0610367540767     
   16.769999999999975        6755.3286115383671     
   16.789999999999974        6821.0384492055618     
   16.809999999999974        6822.7400738331944     
   16.829999999999973        6824.1582027080221     
   16.849999999999973        6825.3452476233533     
   16.869999999999973        6826.2844661872259     
   16.889999999999972        6826.8874339211661     
   16.909999999999972        6827.0484107981893     
   16.929999999999971        6826.7032708981415     
   16.949999999999974        6890.6256932349588     
   16.969999999999974        6889.0505807527970     
   16.989999999999974        6886.8344801737130     
   17.009999999999973        6883.9362460186630     
   17.029999999999973        6880.2511803462667     
   17.049999999999972        6941.2175201864920     
   17.069999999999972        6936.1497671398665     
   17.089999999999971        6997.6688721600185     
   17.109999999999975        6937.4198136055165     
   17.129999999999974        6931.4944939329107     
   17.149999999999974        6924.9002981355306     
   17.169999999999973        6917.9766266596926     
   17.189999999999973        6910.8617519031932     
   17.209999999999972        6847.8605464442653     
   17.229999999999972        6840.8327227684076     
   17.249999999999972        6833.3943092116342     
   17.269999999999975        6825.7410093580629     
   17.289999999999974        6818.0283332445961     
   17.309999999999974        6810.0976179098643     
   17.329999999999973        6742.9315890837634     
   17.349999999999973        6734.9570838581303     
   17.369999999999973        6726.6104812478952     
   17.389999999999972        6717.9380998148063     
   17.409999999999972        6708.9698921603031     
   17.429999999999975        6699.6716267719594     
   17.449999999999974        6753.7888242243562     
   17.469999999999974        6811.3396781596484     
   17.489999999999974        6800.1701520991055     
   17.509999999999973        6788.5723504992893     
   17.529999999999973        6845.6509239571478     
   17.549999999999972        6832.8693742401829     
   17.569999999999972        6819.4783008995300     
   17.589999999999971        6850.2830675786727     
   17.609999999999975        6836.2431722074125     
   17.629999999999974        6821.7929926981706     
   17.649999999999974        6806.7371413554165     
   17.669999999999973        6859.5565971114065     
   17.689999999999973        6843.8256483633722     
   17.709999999999972        6897.4860490470537     
   17.729999999999972        6822.6972509314146     
   17.749999999999972        6774.3881758750404     
   17.769999999999975        6759.1721019815941     
   17.789999999999974        6743.2960732474357     
   17.809999999999974        6688.6628148051441     
   17.829999999999973        6672.6111720853096     
   17.849999999999973        6594.7195649023242     
   17.869999999999973        6575.9861377593224     
   17.889999999999972        6555.8026131037705     
   17.909999999999972        6535.4835572414222     
   17.929999999999975        6515.4677501994793     
   17.949999999999974        6437.1615052722109     
   17.969999999999974        6492.0637036415192     
   17.989999999999974        6473.0265715873420     
   18.009999999999973        6453.2290608383319     
   18.029999999999973        6431.4667059202293     
   18.049999999999972        6408.4851438533351     
   18.069999999999972        6385.2495824811558     
   18.089999999999971        6362.0149699248586     
   18.109999999999975        6338.8795528296705     
   18.129999999999974        6389.3435720854022     
   18.149999999999974        6441.1035262334108     
