   2.0999999999503416E-002   2619.6333614853252     
   4.0999999999503420E-002   2620.5100255912375     
   6.0999999999503417E-002   2621.4319903593455     
   8.0999999999503414E-002   2621.9726600264707     
  0.10099999999950342        2623.0861977668956     
  0.12099999999950342        2624.3212774049766     
  0.14099999999950341        2625.9930712557220     
  0.16099999999950343        2625.3856553201999     
  0.18099999999950342        2626.4882523561350     
  0.20099999999950341        2627.4608765965540     
  0.22099999999950343        2628.2957762728174     
  0.24099999999950342        2629.5550273545009     
  0.26099999999950341        2629.9910160520817     
  0.28099999999950342        2631.3458294387651     
  0.30099999999950344        2632.1640796459537     
  0.32099999999950340        2633.7065187890330     
  0.34099999999950342        2633.3376381749695     
  0.36099999999950344        2633.5615173599699     
  0.38099999999950340        2635.8422633570181     
  0.40099999999950342        2635.5061477969934     
  0.42099999999950344        2637.7459946122895     
  0.44099999999950340        2637.9279524716953     
  0.46099999999950342        2639.7034107251284     
  0.48099999999950344        2638.7864903731806     
  0.50099999999950340        2639.9843497874836     
  0.52099999999950342        2640.1774463967586     
  0.54099999999950343        2642.4329221922007     
  0.56099999999950345        2642.3645845650749     
  0.58099999999950347        2644.8342098222324     
  0.60099999999950338        2646.2008594440590     
  0.62099999999950339        2644.6848397765589     
  0.64099999999950341        2645.5524016318195     
  0.66099999999950343        2647.6319993546308     
  0.68099999999950345        2649.5743117590255     
  0.70099999999950346        2650.5646466755884     
  0.72099999999950348        2647.3765460316645     
  0.74099999999950339        2648.6329516765509     
  0.76099999999950341        2654.2287734408346     
  0.78099999999950342        2650.7163727673496     
  0.80099999999950344        2654.7269041478112     
  0.82099999999950346        2649.6376444559473     
  0.84099999999950348        2657.6692954189639     
  0.86099999999950338        2654.0965426929311     
  0.88099999999950340        2656.8059948786840     
  0.90099999999950342        2657.4380708943681     
  0.92099999999950344        2659.9115209983984     
  0.94099999999950346        2664.4963153079129     
  0.96099999999950347        2661.6119236120467     
  0.98099999999950338        2658.9672700926503     
   1.0009999999995034        2663.2859803661881     
   1.0209999999995034        2662.8639447698856     
   1.0409999999995034        2661.7961127703343     
   1.0609999999995035        2666.1611216088604     
   1.0809999999995035        2669.2900906597988     
   1.1009999999995035        2666.4857263676295     
   1.1209999999995035        2665.6042342396968     
   1.1409999999995035        2668.1550352666850     
   1.1609999999995035        2672.1693471086301     
   1.1809999999995033        2670.7335068778116     
   1.2009999999995034        2669.5898411763778     
   1.2209999999995034        2674.3553101472103     
   1.2409999999995034        2672.4192014846376     
   1.2609999999995034        2676.9972249778793     
   1.2809999999995034        2673.6306938721445     
   1.3009999999995034        2676.2691710592671     
   1.3209999999995035        2676.9759292350559     
   1.3409999999995035        2678.8808782158399     
   1.3609999999995035        2679.4760786465231     
   1.3809999999995035        2676.9057224301323     
   1.4009999999995035        2683.2138287010139     
   1.4209999999995035        2682.7963270138298     
   1.4409999999995033        2676.8157251268090     
   1.4609999999995034        2687.3094660012871     
   1.4809999999995034        2680.7218672212753     
   1.5009999999995034        2686.9510066085013     
   1.5209999999995034        2686.4198482145625     
   1.5409999999995034        2693.8821067551921     
   1.5609999999995035        2687.1468992762611     
   1.5809999999995035        2688.0832216208119     
   1.6009999999995035        2685.8702533697756     
   1.6209999999995035        2692.9325822284741     
   1.6409999999995035        2687.0489176529400     
   1.6609999999995035        2688.5607224280739     
   1.6809999999995036        2697.0611540419768     
   1.7009999999995034        2695.1693123884806     
   1.7209999999995034        2691.3688245172020     
   1.7409999999995034        2702.5581740896396     
   1.7609999999995034        2704.7913759988764     
   1.7809999999995034        2693.5647497262021     
   1.8009999999995034        2692.7942565829994     
   1.8209999999995035        2700.6180977084327     
   1.8409999999995035        2702.8171662578043     
   1.8609999999995035        2702.2334032834151     
   1.8809999999995035        2709.3174362300128     
   1.9009999999995035        2710.1125709262292     
   1.9209999999995035        2704.3060046011869     
   1.9409999999995033        2696.2076731341108     
   1.9609999999995034        2700.6803428028029     
   1.9809999999995034        2711.4595844570795     
   2.0009999999995034        2712.1624583078842     
   2.0209999999995034        2709.5026252166081     
   2.0409999999995034        2706.0018661157787     
   2.0609999999995035        2709.5956920546364     
   2.0809999999995035        2711.2907843980461     
   2.1009999999995035        2712.2356685000800     
   2.1209999999995035        2703.0911201297254     
   2.1409999999995035        2713.1579400477326     
   2.1609999999995035        2721.4122075435976     
   2.1809999999995036        2720.6132355934060     
   2.2009999999995036        2716.6055017319304     
   2.2209999999995036        2710.4134933941682     
   2.2409999999995036        2709.6166795728691     
   2.2609999999995036        2718.6661061024597     
   2.2809999999995036        2720.9428777330327     
   2.3009999999995037        2717.9933164251074     
   2.3209999999995037        2726.6806041522141     
   2.3409999999995033        2720.7543368206630     
   2.3609999999995033        2732.3065196287953     
   2.3809999999995033        2733.0878232642426     
   2.4009999999995033        2731.1557839635798     
   2.4209999999995033        2727.8169486183269     
   2.4409999999995033        2729.5072752779811     
   2.4609999999995034        2730.4858602612426     
   2.4809999999995034        2726.8897783961479     
   2.5009999999995034        2726.6401528106871     
   2.5209999999995034        2738.6773086279013     
   2.5409999999995034        2735.0967419294752     
   2.5609999999995035        2739.5519662763541     
   2.5809999999995035        2733.6796355547617     
   2.6009999999995035        2735.5291814766470     
   2.6209999999995035        2735.5741206681337     
   2.6409999999995035        2734.7490428223105     
   2.6609999999995035        2742.3913784156875     
   2.6809999999995036        2740.3332737871133     
   2.7009999999995036        2741.2471424622513     
   2.7209999999995036        2740.4957323873750     
   2.7409999999995036        2735.2239786141904     
   2.7609999999995036        2737.1538767594893     
   2.7809999999995036        2744.2241871287979     
   2.8009999999995037        2748.0580045787606     
   2.8209999999995037        2756.8299150346857     
   2.8409999999995033        2755.1761524566177     
   2.8609999999995033        2753.5069153002314     
   2.8809999999995033        2750.0874985889018     
   2.9009999999995033        2753.6844587490946     
   2.9209999999995033        2758.8235895008847     
   2.9409999999995033        2749.9789054575749     
   2.9609999999995034        2754.1760379401435     
   2.9809999999995034        2750.4140501068500     
   3.0009999999995034        2755.7537259522269     
   3.0209999999995034        2750.1419996033287     
   3.0409999999995034        2753.7650606784323     
   3.0609999999995035        2752.8819856202572     
   3.0809999999995035        2761.5339198227689     
   3.1009999999995035        2760.3504200856382     
   3.1209999999995035        2750.0659421877863     
   3.1409999999995035        2763.7792514621419     
   3.1609999999995035        2764.8709311091720     
   3.1809999999995036        2759.6819497659239     
   3.2009999999995036        2759.8213842409077     
   3.2209999999995036        2766.4911958001148     
   3.2409999999995036        2777.5572994483578     
   3.2609999999995036        2782.6790801497982     
   3.2809999999995036        2773.2134047889340     
   3.3009999999995037        2773.0197519072867     
   3.3209999999995037        2771.8461234111546     
   3.3409999999995037        2763.5928216535258     
   3.3609999999995033        2770.6640407434279     
   3.3809999999995033        2779.0455875278444     
   3.4009999999995033        2775.9038922407476     
   3.4209999999995033        2766.0973346871747     
   3.4409999999995033        2768.5033656435135     
   3.4609999999995034        2772.5416344175674     
   3.4809999999995034        2788.6911113531864     
   3.5009999999995034        2790.7800996581636     
   3.5209999999995034        2790.0336237776164     
   3.5409999999995034        2786.5344661147669     
   3.5609999999995035        2782.9416068754163     
   3.5809999999995035        2772.1677948319239     
   3.6009999999995035        2763.7375918875605     
   3.6209999999995035        2766.7354089600872     
   3.6409999999995035        2779.2059075965785     
   3.6609999999995035        2787.5003520704536     
   3.6809999999995036        2793.9678576994252     
   3.7009999999995036        2794.5693177921271     
   3.7209999999995036        2792.4929161546734     
   3.7409999999995036        2794.2343206485525     
   3.7609999999995036        2803.5610478943854     
   3.7809999999995036        2801.5290551075127     
   3.8009999999995037        2802.9490328461097     
   3.8209999999995037        2787.4200568284391     
   3.8409999999995037        2790.0108294092111     
   3.8609999999995033        2794.7848584234234     
   3.8809999999995033        2778.0965357353912     
   3.9009999999995033        2778.3637109030524     
   3.9209999999995033        2782.9768711344632     
   3.9409999999995033        2784.4859409124228     
   3.9609999999995034        2791.7650102807638     
   3.9809999999995034        2797.1477050439066     
   4.0009999999995038        2801.1707545186910     
   4.0209999999995034        2803.0764807723294     
   4.0409999999995039        2796.8305035606159     
   4.0609999999995035        2798.0154494367393     
   4.0809999999995039        2800.8383928239296     
   4.1009999999995035        2805.1142698727444     
   4.1209999999995031        2803.5184948697279     
   4.1409999999995035        2799.9280935479414     
   4.1609999999995031        2798.8788208610158     
   4.1809999999995036        2802.7448820957311     
   4.2009999999995031        2809.4919060524871     
   4.2209999999995036        2802.5400937521631     
   4.2409999999995032        2799.2173886015571     
   4.2609999999995036        2798.9272289703249     
   4.2809999999995032        2813.7502913838584     
   4.3009999999995037        2816.6760446761523     
   4.3209999999995032        2816.8633999543572     
   4.3409999999995037        2821.0743976354543     
   4.3609999999995033        2824.9609570478819     
   4.3809999999995037        2822.6753814473395     
   4.4009999999995033        2818.0324538512000     
   4.4209999999995038        2817.1952665636868     
   4.4409999999995033        2817.7054122135150     
   4.4609999999995038        2813.3164083217057     
   4.4809999999995034        2818.6577385169221     
   4.5009999999995038        2828.7756492686012     
   4.5209999999995034        2828.5509657233197     
   4.5409999999995039        2833.0382464686277     
   4.5609999999995035        2840.0007884822012     
   4.5809999999995039        2835.6769197795988     
   4.6009999999995035        2833.4547404099249     
   4.6209999999995039        2853.3142652542733     
   4.6409999999995035        2849.0154756013108     
   4.6609999999995031        2842.4983355978629     
   4.6809999999995036        2840.2534683328449     
   4.7009999999995031        2845.8545007749512     
   4.7209999999995036        2853.0845963660877     
   4.7409999999995032        2844.2169312284318     
   4.7609999999995036        2844.4555066471053     
   4.7809999999995032        2844.6900773645043     
   4.8009999999995037        2843.7088211492255     
   4.8209999999995032        2840.7224325143088     
   4.8409999999995037        2848.9678681780697     
   4.8609999999995033        2858.8579789222854     
   4.8809999999995037        2862.5102673757742     
   4.9009999999995033        2861.8539363924538     
   4.9209999999995038        2871.9262628233982     
   4.9409999999995033        2863.5976587185210     
   4.9609999999995038        2864.8754793043563     
   4.9809999999995034        2865.2926655582019     
   5.0009999999995038        2870.4488786904940     
   5.0209999999995034        2875.5457135233128     
   5.0409999999995039        2879.9598513625911     
   5.0609999999995035        2879.6126689546054     
   5.0809999999995039        2877.0878733631525     
   5.1009999999995035        2867.6232633625650     
   5.1209999999995039        2869.3056140092153     
   5.1409999999995035        2864.9675601691711     
   5.1609999999995031        2850.4793286746358     
   5.1809999999995036        2843.1343828885138     
   5.2009999999995031        2833.4424640077409     
   5.2209999999995036        2847.0169308215354     
   5.2409999999995032        2849.1982541761786     
   5.2609999999995036        2849.2417698455874     
   5.2809999999995032        2842.7958564675482     
   5.3009999999995037        2839.7622732512282     
   5.3209999999995032        2849.0619620657703     
   5.3409999999995037        2835.7237748606231     
   5.3609999999995033        2838.4218448076672     
   5.3809999999995037        2848.1912824244255     
   5.4009999999995033        2862.5273971634620     
   5.4209999999995038        2855.5333916625473     
   5.4409999999995033        2860.6549799328354     
   5.4609999999995038        2865.2273176921331     
   5.4809999999995034        2871.0548180288720     
   5.5009999999995038        2876.9988852073593     
   5.5209999999995034        2876.7431658529863     
   5.5409999999995039        2872.3470969832338     
   5.5609999999995035        2874.3368296022727     
   5.5809999999995039        2881.0370597515171     
   5.6009999999995035        2880.1848287586472     
   5.6209999999995039        2886.6079484798588     
   5.6409999999995035        2891.4694561298065     
   5.6609999999995031        2895.2923690493089     
   5.6809999999995036        2883.3742213085320     
   5.7009999999995031        2878.1056354391812     
   5.7209999999995036        2864.0244381727780     
   5.7409999999995032        2852.9189828397239     
   5.7609999999995036        2845.0713525277629     
   5.7809999999995032        2842.0478547610096     
   5.8009999999995037        2830.2693289313165     
   5.8209999999995032        2826.8758115506716     
   5.8409999999995037        2833.0708324168809     
   5.8609999999995033        2823.3201342241873     
   5.8809999999995037        2831.0255161026498     
   5.9009999999995033        2832.2979056407225     
   5.9209999999995038        2838.5849508766082     
   5.9409999999995033        2843.6820375752218     
   5.9609999999995038        2845.0401982708372     
   5.9809999999995034        2856.8984787588292     
   6.0009999999995038        2859.3883311820696     
   6.0209999999995034        2860.4215132650752     
   6.0409999999995039        2868.2049996114756     
   6.0609999999995035        2882.6104008572006     
   6.0809999999995039        2897.1609907656712     
   6.1009999999995035        2914.1640355077125     
   6.1209999999995039        2919.4914158197630     
   6.1409999999995035        2928.9790261749281     
   6.1609999999995040        2945.2406439670253     
   6.1809999999995036        2955.1501306736131     
   6.2009999999995031        2957.5577995582535     
   6.2209999999995036        2959.7204646090831     
   6.2409999999995032        2967.2547715972469     
   6.2609999999995036        2977.1812496806265     
   6.2809999999995032        2984.2415449284481     
   6.3009999999995037        2986.1194659646135     
   6.3209999999995032        2995.4071356056656     
   6.3409999999995037        2993.0575914331926     
   6.3609999999995033        2986.3512484508633     
   6.3809999999995037        2993.3699634778973     
   6.4009999999995033        3000.0099980822765     
   6.4209999999995038        3003.0331100295530     
   6.4409999999995033        3013.3653864731741     
   6.4609999999995038        3022.6813248059098     
   6.4809999999995034        3023.4061989345687     
   6.5009999999995038        3025.4497260756534     
   6.5209999999995034        3025.1679935734746     
   6.5409999999995039        3006.8570279035062     
   6.5609999999995035        2992.3336526832404     
   6.5809999999995039        2991.8680383456567     
   6.6009999999995035        2983.8765834316146     
   6.6209999999995039        2978.6303332034286     
   6.6409999999995035        2962.6515674154234     
   6.6609999999995040        2957.1248938444523     
   6.6809999999995036        2937.2283869956095     
   6.7009999999995031        2938.4750849293687     
   6.7209999999995036        2940.1493274671475     
   6.7409999999995032        2943.7535083675812     
   6.7609999999995036        2952.1483610035139     
   6.7809999999995032        2933.5108674421735     
   6.8009999999995037        2933.6626181899501     
   6.8209999999995032        2933.7750560972108     
   6.8409999999995037        2935.3380731041830     
   6.8609999999995033        2912.4050466739491     
   6.8809999999995037        2910.6392052706915     
   6.9009999999995033        2906.2974392443298     
   6.9209999999995038        2910.5012759794026     
   6.9409999999995033        2928.2658876153769     
   6.9609999999995038        2932.3612142207144     
   6.9809999999995034        2936.1794758067581     
   7.0009999999995038        2936.6227484658252     
   7.0209999999995034        2936.1910963302234     
   7.0409999999995039        2944.7365634677417     
   7.0609999999995035        2940.9476847334631     
   7.0809999999995039        2941.2823059644461     
   7.1009999999995035        2931.4463569780587     
   7.1209999999995039        2929.8490481814897     
   7.1409999999995035        2930.8264470751010     
   7.1609999999995040        2928.7139575190877     
   7.1809999999995036        2926.7187001882144     
   7.2009999999995031        2916.1319348315892     
   7.2209999999995036        2914.4441867730866     
   7.2409999999995032        2912.3571348265127     
   7.2609999999995036        2922.7209019266356     
   7.2809999999995032        2926.1817425212166     
   7.3009999999995037        2938.3244518649567     
   7.3209999999995032        2937.1067868736968     
   7.3409999999995037        2934.1007750629642     
   7.3609999999995033        2941.0091172559223     
   7.3809999999995037        2947.7062803161980     
   7.4009999999995033        2943.2301729635487     
   7.4209999999995038        2929.3855192675660     
   7.4409999999995033        2935.9723245188743     
   7.4609999999995038        2934.1837639598625     
   7.4809999999995034        2937.1482926062558     
   7.5009999999995038        2945.5195404727219     
   7.5209999999995034        2946.9960092508704     
   7.5409999999995039        2959.1904070451824     
   7.5609999999995035        2962.7455450682000     
   7.5809999999995039        2958.3891276749678     
   7.6009999999995035        2956.4145519245772     
   7.6209999999995039        2949.1826145546625     
   7.6409999999995035        2942.3522705111945     
   7.6609999999995040        2942.7461259252941     
   7.6809999999995036        2949.9427856817460     
   7.7009999999995031        2950.0787156204751     
   7.7209999999995036        2955.4247212869154     
   7.7409999999995032        2944.9492993589624     
   7.7609999999995036        2935.5939468655592     
   7.7809999999995032        2936.9961583857416     
   7.8009999999995037        2927.0075687267536     
   7.8209999999995032        2938.1775229114269     
   7.8409999999995037        2944.2138936549422     
   7.8609999999995033        2950.7365660474829     
   7.8809999999995037        2952.5201534626249     
   7.9009999999995033        2950.2662354996373     
   7.9209999999995038        2956.4399362796557     
   7.9409999999995033        2962.5117034770628     
   7.9609999999995038        2971.7320115217253     
   7.9809999999995034        2974.7331523675648     
   8.0009999999995038        2970.6745017151079     
   8.0209999999995034        2973.4923425301213     
   8.0409999999995030        2980.1779075338909     
   8.0609999999995043        2990.7187686045595     
   8.0809999999995039        2995.2693792960804     
   8.1009999999995035        2993.7894954084159     
   8.1209999999995031        2992.1289110024741     
   8.1409999999995044        2999.6091261210499     
   8.1609999999995040        3001.4675877514824     
   8.1809999999995036        2996.5185523303358     
   8.2009999999995031        3002.5951120254813     
   8.2209999999995027        2999.5340871014423     
   8.2409999999995041        2994.8183470969379     
   8.2609999999995036        2989.5422033947734     
   8.2809999999995032        2994.1180550459367     
   8.3009999999995028        2996.6439619448715     
   8.3209999999995041        2991.2913965523608     
   8.3409999999995037        2994.0759574656472     
   8.3609999999995033        2998.7583594888615     
   8.3809999999995028        3003.1356042064385     
   8.4009999999995042        2996.8589281876111     
   8.4209999999995038        2989.2303437269447     
   8.4409999999995033        2983.5770491733692     
   8.4609999999995029        2984.2747962806839     
   8.4809999999995043        2980.0654116287083     
   8.5009999999995038        2982.1306816801316     
   8.5209999999995034        2972.9539970922337     
   8.5409999999995030        2964.5519600642692     
   8.5609999999995043        2960.0821286769005     
   8.5809999999995039        2955.5045551867520     
   8.6009999999995035        2945.5254273644282     
   8.6209999999995031        2937.8216983568473     
   8.6409999999995044        2928.6928833336719     
   8.6609999999995040        2919.0870623213900     
   8.6809999999995036        2908.9225868699536     
   8.7009999999995031        2905.7529037201234     
   8.7209999999995045        2895.1782001328984     
   8.7409999999995041        2884.2736881978790     
   8.7609999999995036        2873.2898671330227     
   8.7809999999995032        2865.4496897561994     
   8.8009999999995028        2840.3177617000870     
   8.8209999999995041        2817.1634140563328     
   8.8409999999995037        2816.6625002024230     
   8.8609999999995033        2791.2673432964039     
   8.8809999999995028        2790.3494133703120     
   8.9009999999995042        2750.7107816521034     
   8.9209999999995038        2741.5427802410245     
   8.9409999999995033        2732.0724705022426     
   8.9609999999995029        2722.9765167664232     
   8.9809999999995043        2714.8330664845735     
   9.0009999999995038        2712.8499535465739     
   9.0209999999995034        2705.7996350182793     
   9.0409999999995030        2682.7034268999819     
   9.0609999999995043        2680.8437522999816     
   9.0809999999995039        2678.6795240641704     
   9.1009999999995035        2677.2062624341374     
   9.1209999999995031        2685.3471808291229     
   9.1409999999995044        2649.2710540017470     
   9.1609999999995040        2644.8513522297089     
   9.1809999999995036        2620.2940841899549     
   9.2009999999995031        2616.6443506395844     
   9.2209999999995045        2628.8331114451621     
   9.2409999999995041        2631.5585229272178     
   9.2609999999995036        2635.0906926776897     
   9.2809999999995032        2614.3954547703406     
   9.3009999999995028        2613.7733794710375     
   9.3209999999995041        2595.4119994798389     
   9.3409999999995037        2596.0235213563019     
   9.3609999999995033        2585.5389850878646     
   9.3809999999995028        2586.8174278814549     
   9.4009999999995042        2598.7133614848217     
   9.4209999999995038        2611.0209270049777     
   9.4409999999995033        2613.0142834335356     
   9.4609999999995029        2604.4411903825403     
   9.4809999999995043        2599.6223784858316     
   9.5009999999995038        2602.4999668281812     
   9.5209999999995034        2610.7293522277105     
   9.5409999999995030        2613.9016501459309     
   9.5609999999995043        2623.1045212086542     
   9.5809999999995039        2613.5244594120472     
   9.6009999999995035        2618.0172315504019     
   9.6209999999995031        2614.5056200382114     
   9.6409999999995044        2625.0775883508968     
   9.6609999999995040        2627.8938244988126     
   9.6809999999995036        2649.8191986430857     
   9.7009999999995031        2661.3413719312580     
   9.7209999999995045        2671.7675751648026     
   9.7409999999995041        2685.1112874116648     
   9.7609999999995036        2695.9190511082688     
   9.7809999999995032        2712.2050437034814     
   9.8009999999995028        2717.2777456244416     
   9.8209999999995041        2721.2865017992231     
   9.8409999999995037        2739.4463663842234     
   9.8609999999995033        2752.4210106423980     
   9.8809999999995028        2764.4448549784665     
   9.9009999999995042        2776.5153687175653     
   9.9209999999995038        2782.2790637527769     
   9.9409999999995033        2788.0005733752437     
   9.9609999999995029        2793.7457894908785     
   9.9809999999995043        2813.5367681620478     
   10.000999999999504        2820.9620392812503     
   10.020999999999503        2840.2461154864222     
   10.040999999999503        2853.0885591535716     
   10.060999999999504        2859.2024286914429     
   10.080999999999504        2868.3852685689567     
   10.100999999999503        2873.9099500894495     
   10.120999999999503        2884.2642894991868     
   10.140999999999504        2898.3378021479639     
   10.160999999999504        2904.3034458746001     
   10.180999999999504        2927.2536271804051     
   10.200999999999503        2932.3398274231131     
   10.220999999999504        2937.4321051810566     
   10.240999999999504        2942.4571462946355     
   10.260999999999504        2947.3361200312165     
   10.280999999999503        2952.7229889952691     
   10.300999999999503        2956.6338128499929     
   10.320999999999504        2960.3503777133469     
   10.340999999999504        2969.7192022568370     
   10.360999999999503        2981.3415764932506     
   10.380999999999503        2984.2591831478203     
   10.400999999999504        2987.0945528069406     
   10.420999999999504        3003.0110405861415     
   10.440999999999503        3014.4448339555493     
   10.460999999999503        3023.8254727230346     
   10.480999999999504        3028.1579799339065     
   10.500999999999504        3032.1823594988005     
   10.520999999999503        3035.9430499050100     
   10.540999999999503        3044.1259990383296     
   10.560999999999504        3047.7671057084608     
   10.580999999999504        3051.5185831708545     
   10.600999999999503        3055.3714281619964     
   10.620999999999503        3070.1596289923241     
   10.640999999999504        3077.7974542888669     
   10.660999999999504        3087.8228510320296     
   10.680999999999504        3099.3406327737180     
   10.700999999999503        3113.7497445182803     
   10.720999999999504        3118.6923390744041     
   10.740999999999504        3123.4408535175303     
   10.760999999999504        3128.1867630468410     
   10.780999999999503        3133.0734163896045     
   10.800999999999503        3145.7708923177406     
   10.820999999999504        3150.4669579429933     
   10.840999999999504        3161.8043001439678     
   10.860999999999503        3166.4583014402251     
   10.880999999999503        3170.8249901104778     
   10.900999999999504        3174.9395811912218     
   10.920999999999504        3178.7488873441325     
   10.940999999999503        3190.4233366900476     
   10.960999999999503        3202.3738607638916     
   10.980999999999504        3206.0416085613192     
   11.000999999999504        3225.1280595459939     
   11.020999999999503        3213.5618605179548     
   11.040999999999503        3231.9900260868626     
   11.060999999999504        3234.9922806117356     
   11.080999999999504        3219.8747116476584     
   11.100999999999503        3248.0497242486013     
   11.120999999999503        3232.1344647885580     
   11.140999999999504        3235.2035742809462     
   11.160999999999504        3234.2277905717515     
   11.180999999999504        3244.1946395479999     
   11.200999999999503        3246.7680628257281     
   11.220999999999504        3249.5995543525969     
   11.240999999999504        3261.2947322631767     
   11.260999999999504        3269.0090948915749     
   11.280999999999503        3280.8021316035370     
   11.300999999999503        3283.4675690656445     
   11.320999999999504        3293.5739195232009     
   11.340999999999504        3294.4576694459897     
   11.360999999999503        3294.6098742267600     
   11.380999999999503        3294.5480261361936     
   11.400999999999504        3291.3343192922757     
   11.420999999999504        3291.7425031023595     
   11.440999999999503        3266.8098311589529     
   11.460999999999503        3242.1216501845943     
   11.480999999999504        3239.2648020436823     
   11.500999999999504        3239.7477083090139     
   11.520999999999503        3246.8464863987028     
   11.540999999999503        3247.3355427192728     
   11.560999999999504        3248.0434433920509     
   11.580999999999504        3257.2329622447492     
   11.600999999999503        3246.2290679740777     
   11.620999999999503        3254.0943338360967     
   11.640999999999504        3232.4698565747253     
   11.660999999999504        3239.3510501534292     
   11.680999999999504        3255.1434985483265     
   11.700999999999503        3234.8390070455293     
   11.720999999999504        3234.7040755573398     
   11.740999999999504        3242.2889745989728     
   11.760999999999504        3258.8443207160658     
   11.780999999999503        3267.2500893663364     
   11.800999999999503        3267.0955637946154     
   11.820999999999504        3267.0587998410983     
   11.840999999999504        3278.4307349055780     
   11.860999999999503        3278.3638073470365     
   11.880999999999503        3287.2341634707764     
   11.900999999999504        3286.7545836519948     
   11.920999999999504        3286.3180173802807     
   11.940999999999503        3295.3798324461527     
   11.960999999999503        3310.8063905125541     
   11.980999999999504        3319.0246472167196     
   12.000999999999504        3310.1540720325488     
   12.020999999999503        3315.2279369757321     
   12.040999999999503        3315.2808977430068     
   12.060999999999504        3315.4402999465983     
   12.080999999999504        3325.1885158860773     
   12.100999999999503        3332.6048271693790     
   12.120999999999503        3341.9207349778653     
   12.140999999999504        3359.3504955046442     
   12.160999999999504        3358.7143973636335     
   12.180999999999504        3371.6894299861328     
   12.200999999999503        3380.9493468083924     
   12.220999999999504        3391.8092107974244     
   12.240999999999504        3391.0417703253534     
   12.260999999999504        3390.3781681666419     
   12.280999999999503        3400.2831519583287     
   12.300999999999505        3420.3913307060852     
   12.320999999999504        3420.2590499263897     
   12.340999999999504        3420.1490942516393     
   12.360999999999503        3428.7354121151939     
   12.380999999999503        3428.6717281241085     
   12.400999999999504        3428.4956259893288     
   12.420999999999504        3428.1751446208659     
   12.440999999999503        3427.7114450847207     
   12.460999999999503        3431.7815633318537     
   12.480999999999504        3431.6557976400049     
   12.500999999999504        3431.7733932196734     
   12.520999999999503        3440.9638941216408     
   12.540999999999503        3441.4100278308529     
   12.560999999999504        3452.6015958049293     
   12.580999999999504        3453.2423868723777     
   12.600999999999503        3463.6255391687746     
   12.620999999999503        3463.8490517127980     
   12.640999999999504        3463.8710540663724     
   12.660999999999504        3463.6976261367568     
   12.680999999999504        3470.2273044285071     
   12.700999999999503        3469.6751278372026     
   12.720999999999504        3476.8327767320397     
   12.740999999999504        3476.3425289277752     
   12.760999999999504        3483.0207806583744     
   12.780999999999503        3490.3703960676753     
   12.800999999999505        3489.1519260400719     
   12.820999999999504        3487.7158361186343     
   12.840999999999504        3493.3398006556808     
   12.860999999999503        3491.7723456858084     
   12.880999999999503        3497.1783024574956     
   12.900999999999504        3495.4104194125680     
   12.920999999999504        3503.0674930848049     
   12.940999999999503        3501.4950991939554     
   12.960999999999503        3499.8506426131021     
   12.980999999999504        3503.8006940717632     
   13.000999999999504        3501.6112015521253     
   13.020999999999503        3499.2963653413613     
   13.040999999999503        3496.9178592118160     
   13.060999999999504        3494.6052064796668     
   13.080999999999504        3492.3608805536528     
   13.100999999999503        3490.1607084408238     
   13.120999999999503        3498.0054142199288     
   13.140999999999504        3495.8425689045162     
   13.160999999999504        3497.1672768854546     
   13.180999999999504        3501.7797758189245     
   13.200999999999503        3498.8983561639834     
   13.220999999999504        3467.8355772930181     
   13.240999999999504        3465.2683367733453     
   13.260999999999504        3462.8252366505540     
   13.280999999999503        3460.5545586924864     
   13.300999999999505        3458.4417539486662     
   13.320999999999504        3464.4185988968661     
   13.340999999999504        3439.0596722995670     
   13.360999999999503        3447.4306182814953     
   13.380999999999503        3456.4430246767888     
   13.400999999999504        3454.1114577999979     
   13.420999999999504        3451.7687084164172     
   13.440999999999503        3449.4401957647151     
   13.460999999999503        3447.1180462113080     
   13.480999999999504        3444.7819014341958     
   13.500999999999504        3467.7204846645891     
   13.520999999999503        3465.6618879209773     
   13.540999999999503        3466.2482531623355     
   13.560999999999504        3442.4252664225778     
   13.580999999999504        3451.6933108996591     
   13.600999999999503        3449.5482512805370     
   13.620999999999503        3447.4957905092574     
   13.640999999999504        3445.6402273596641     
   13.660999999999504        3443.9998348316635     
   13.680999999999504        3463.8322762960456     
   13.700999999999503        3434.4769046175261     
   13.720999999999504        3432.5592902100625     
   13.740999999999504        3430.5387670484988     
   13.760999999999504        3439.3340490652595     
   13.780999999999503        3436.9406167122115     
   13.800999999999505        3434.2795569307632     
   13.820999999999504        3441.4508597750737     
   13.840999999999504        3438.1523146567915     
   13.860999999999503        3457.6648294038837     
   13.880999999999503        3466.4945041287710     
   13.900999999999504        3473.2383761430838     
   13.920999999999504        3471.2112144588705     
   13.940999999999503        3477.8322948762925     
   13.960999999999503        3475.8019865600236     
   13.980999999999504        3473.3817626263522     
   14.000999999999504        3470.6072939693599     
   14.020999999999503        3467.5601567436984     
   14.040999999999503        3476.4131335089478     
   14.060999999999504        3472.8873274755492     
   14.080999999999504        3481.5217604813874     
   14.100999999999503        3478.0203007221962     
   14.120999999999503        3474.4648003099646     
   14.140999999999504        3481.5011122166429     
   14.160999999999504        3477.6649620330436     
   14.180999999999504        3450.6333993681660     
   14.200999999999503        3450.6483221176391     
   14.220999999999504        3447.3286740112007     
   14.240999999999504        3444.3780282494099     
   14.260999999999504        3440.9567867467167     
   14.280999999999503        3435.8234447727828     
   14.300999999999505        3432.1437042058951     
   14.320999999999504        3428.2483584053043     
   14.340999999999504        3424.2255958160745     
   14.360999999999503        3420.1449844595281     
   14.380999999999503        3397.3618962538585     
   14.400999999999504        3393.4503815370349     
   14.420999999999504        3389.1703089739544     
   14.440999999999503        3384.4855364089462     
   14.460999999999503        3389.3025748341211     
   14.480999999999504        3380.7971701035094     
   14.500999999999504        3376.2635331352622     
   14.520999999999503        3394.2855447826310     
   14.540999999999503        3389.1600152902752     
   14.560999999999504        3383.7377454388161     
   14.580999999999504        3378.0289542939490     
   14.600999999999503        3384.5826340238950     
   14.620999999999503        3378.4660023136516     
   14.640999999999504        3371.9550683097045     
   14.660999999999504        3376.3729799645680     
   14.680999999999504        3359.1598424867097     
   14.700999999999503        3351.5251297626405     
   14.720999999999504        3366.6039014497624     
   14.740999999999504        3358.0547761908865     
   14.760999999999504        3349.1632663081014     
   14.780999999999503        3314.3159624740865     
   14.800999999999505        3316.8416558532253     
   14.820999999999504        3280.0569955527940     
   14.840999999999504        3271.1935083120861     
   14.860999999999503        3274.1555751799247     
   14.880999999999503        3264.2599832009623     
   14.900999999999504        3253.8776574428289     
   14.920999999999504        3243.3307477837611     
   14.940999999999503        3232.7640942472499     
   14.960999999999503        3233.5358225065779     
   14.980999999999504        3234.6102819054654     
   15.000999999999504        3224.3228909730151     
   15.020999999999503        3219.9912795600194     
   15.040999999999503        3209.2491369614872     
   15.060999999999504        3197.9999757253181     
   15.080999999999504        3197.8776238876294     
   15.100999999999503        3185.3311771321933     
   15.120999999999503        3172.0760053866861     
   15.140999999999504        3152.1416233949039     
   15.160999999999504        3138.4086577970556     
   15.180999999999504        3122.7134746272145     
   15.200999999999503        3108.8289509354736     
   15.220999999999504        3111.1464051604239     
   15.240999999999504        3058.5936392113608     
   15.260999999999504        3055.7240682349684     
   15.280999999999503        3003.0741824629881     
   15.300999999999505        2988.6547885290702     
   15.320999999999504        2973.8177911486400     
   15.340999999999504        2958.4807946294445     
   15.360999999999503        2942.8042394007912     
   15.380999999999503        2927.0063217147290     
   15.400999999999504        2911.2590271583713     
   15.420999999999504        2895.3954533242768     
   15.440999999999503        2879.2621445203054     
   15.460999999999503        2827.3698415693548     
   15.480999999999504        2811.5726329641848     
   15.500999999999504        2795.7955309145591     
   15.520999999999503        2745.7263169605153     
   15.540999999999503        2730.2396415899775     
   15.560999999999504        2714.7517922828652     
   15.580999999999504        2699.2156739554234     
   15.600999999999503        2651.3152933193601     
   15.620999999999503        2646.0592333651562     
   15.640999999999504        2629.8547035512943     
   15.660999999999504        2623.8616212701027     
   15.680999999999504        2607.0522335079431     
   15.700999999999503        2600.8476898367740     
   15.720999999999504        2584.2799347193995     
   15.740999999999504        2567.7642872844772     
   15.760999999999504        2550.9997451134268     
   15.780999999999503        2508.5137528858213     
   15.800999999999505        2501.5504767558882     
   15.820999999999504        2483.8672141942138     
   15.840999999999504        2465.8429171705989     
   15.860999999999503        2447.5668553442451     
   15.880999999999505        2429.1448366518439     
   15.900999999999504        2410.6918951375696     
   15.920999999999504        2406.8965902738378     
   15.940999999999503        2390.1585746803712     
   15.960999999999503        2371.3911177832924     
   15.980999999999504        2352.3128247700997     
   16.000999999999504        2316.3637187218960     
   16.020999999999503        2296.9744910764935     
   16.040999999999503        2261.5666903251449     
   16.060999999999503        2241.8818099477617     
   16.080999999999502        2222.8524644732188     
   16.100999999999505        2203.5964985413716     
   16.120999999999505        2193.4078501505610     
   16.140999999999504        2173.4686801096504     
   16.160999999999504        2153.2541635559460     
   16.180999999999504        2141.9802786256723     
   16.200999999999503        2121.2256398826194     
   16.220999999999503        2100.2103252490278     
   16.240999999999502        2074.3934376960824     
   16.260999999999505        2062.0682190713978     
   16.280999999999505        2040.5132137261392     
   16.300999999999505        2027.4073477238992     
   16.320999999999504        2005.4221049759365     
   16.340999999999504        1983.3044173886813     
   16.360999999999503        1954.9124255495040     
   16.380999999999503        1932.6846774035284     
   16.400999999999502        1919.8163955743464     
   16.420999999999502        1897.5443335273467     
   16.440999999999505        1875.1689312065066     
   16.460999999999505        1852.6827908968432     
   16.480999999999504        1830.0741702722780     
   16.500999999999504        1807.3276084595257     
   16.520999999999503        1784.4436344997114     
   16.540999999999503        1754.9048744423692     
   16.560999999999503        1732.0013554816269     
   16.580999999999502        1709.0139115662482     
   16.600999999999505        1685.8939666615347     
   16.620999999999505        1661.5700632313767     
   16.640999999999504        1638.5452430190703     
   16.660999999999504        1615.5141460918753     
   16.680999999999504        1592.3760554412595     
   16.700999999999503        1569.0581184760399     
   16.720999999999503        1559.3471536514726     
   16.740999999999502        1521.8331884214717     
   16.760999999999505        1503.3226708586753     
   16.780999999999505        1479.7394239021123     
   16.800999999999505        1450.8006993149666     
   16.820999999999504        1427.1619198971007     
   16.840999999999504        1403.4453537512659     
   16.860999999999503        1385.9360703370837     
   16.880999999999503        1346.8061711328280     
   16.900999999999502        1323.5829215338081     
   16.920999999999502        1300.4276816397005     
   16.940999999999505        1278.4426767429425     
   16.960999999999505        1255.2497816240284     
   16.980999999999504        1231.8668015083965     
   17.000999999999504        1208.2281070633194     
   17.020999999999503        1184.2908097897562     
   17.040999999999503        1160.1577057139655     
   17.060999999999503        1135.9000544112409     
   17.080999999999502        1095.3893310110982     
   17.100999999999505        1071.5358729692159     
   17.120999999999505        1047.7052570241783     
   17.140999999999504        1023.9249713463313     
   17.160999999999504        1000.2168227467150     
   17.180999999999504        976.57869886269191     
   17.200999999999503        953.01101543681284     
   17.220999999999503        914.81395687021188     
   17.240999999999502        891.99948919410247     
   17.260999999999505        869.26886013699482     
   17.280999999999505        846.63168832399003     
   17.300999999999505        824.08204777973151     
   17.320999999999504        801.61349780764021     
   17.340999999999504        779.20706211828406     
   17.360999999999503        756.83453070902635     
   17.380999999999503        734.57459917004849     
   17.400999999999502        712.46677886542193     
   17.420999999999506        690.49669151005412     
   17.440999999999505        668.63720523943255     
   17.460999999999505        646.92211226786003     
   17.480999999999504        625.42838281416459     
   17.500999999999504        604.16122455017046     
   17.520999999999503        583.07424989352273     
   17.540999999999503        562.12347995775940     
   17.560999999999503        538.36209842314713     
   17.580999999999502        518.01602665924304     
   17.600999999999505        498.00516300350552     
   17.620999999999505        478.35157966667254     
   17.640999999999504        459.07435150885232     
   17.660999999999504        440.20240099634543     
   17.680999999999504        421.78907424486795     
   17.700999999999503        403.83455690668058     
   17.720999999999503        386.30546157073690     
   17.740999999999502        369.16567172863762     
   17.760999999999505        350.54989730597146     
   17.780999999999505        334.24375555036875     
   17.800999999999505        318.95640290900155     
   17.820999999999504        303.20292020076272     
   17.840999999999504        287.67703235165095     
   17.860999999999503        272.44639733526122     
   17.880999999999503        257.56204103865781     
   17.900999999999502        243.06620561071935     
   17.920999999999506        229.03012404788802     
   17.940999999999505        215.48404736169456     
   17.960999999999505        202.42419761936114     
   17.980999999999504        189.83328609315868     
   18.000999999999504        178.11931188470490     
   18.020999999999503        166.41904970789156     
   18.040999999999503        155.14763426160053     
   18.060999999999503        144.28999216401033     
   18.080999999999502        131.92799959428751     
   18.100999999999505        121.97099861860522     
   18.120999999999505        112.36055864043877     
   18.140999999999504        103.08109992929383     
   18.160999999999504        93.693769580633187     
   18.180999999999504        85.132189300969358     
   18.200999999999503        76.981119026172678     
   18.220999999999503        67.263198592254241     
   18.240999999999502        60.339156327171665     
   18.260999999999505        53.426893852847165     
   18.280999999999505        46.999736965622844     
   18.300999999999505        41.279392804714341     
   18.320999999999504        35.984236009293220     
   18.340999999999504        31.111337453620305     
   18.360999999999503        26.655485944350847     
   18.380999999999503        22.611611753975026     
   18.400999999999502        18.987774028203319     
   18.420999999999506        15.925866768013513     
   18.440999999999505        13.108494462191898     
   18.460999999999505        10.695830621055014     
   18.480999999999504        8.5796775638325897     
   18.500999999999504        7.0215509767741109     
   18.520999999999503        5.8270162040000182     
   18.540999999999503        5.0084513431893862     
   18.560999999999503        4.5600865224640046     
   18.580999999999502        4.4770703458218684     
   18.600999999999505        4.7548933154128461     
   18.620999999999505        5.3900830588174600     
   18.640999999999504        6.3810424410576170     
   18.660999999999504        7.7281489070945826     
   18.680999999999504        9.4345535314978655     
   18.700999999999503        11.507439738184850     
   18.720999999999503        13.993996780725896     
   18.740999999999502        16.804376035103335     
   18.760999999999505        19.975653973194799     
   18.780999999999505        23.301334540978047     
   18.800999999999505        27.127531972245023     
   18.820999999999504        31.404725868290996     
   18.840999999999504        35.907522740190778     
   18.860999999999503        40.730358100787655     
   18.880999999999503        45.864051857592791     
   18.900999999999502        50.038604476788038     
   18.920999999999506        55.600063654584339     
   18.940999999999505        61.448261223011066     
   18.960999999999505        67.575805364962847     
   18.980999999999504        73.970266667408964     
   19.000999999999504        80.627555130536692     
   19.020999999999503        87.195545623126677     
   19.040999999999503        94.371637575307915     
   19.060999999999503        101.84885048431943     
   19.080999999999502        109.64002539079975     
   19.100999999999505        117.75177074303164     
   19.120999999999505        126.14308994116031     
   19.140999999999504        134.80555712316487     
   19.160999999999504        143.73405605764111     
   19.180999999999504        148.01163881353631     
   19.200999999999503        157.10212824426372     
   19.220999999999503        166.45836651725094     
   19.240999999999502        176.08925204999809     
   19.260999999999505        185.99961738175756     
   19.280999999999505        196.95858368665458     
   19.300999999999505        207.41413408974577     
   19.320999999999504        213.14282440756000     
   19.340999999999504        223.71734956859615     
   19.360999999999503        232.73310428281110     
   19.380999999999503        243.52608821595200     
   19.400999999999502        254.48660005524411     
   19.420999999999506        264.35962160776711     
   19.440999999999505        275.57054141644375     
   19.460999999999505        288.35720204583095     
   19.480999999999504        291.91919863458105     
   19.500999999999504        303.32654371988809     
   19.520999999999503        314.96924641178373     
   19.540999999999503        326.83561925779259     
   19.560999999999503        339.16135405616780     
   19.580999999999502        351.50111130658570     
   19.600999999999505        364.09816066190297     
   19.620999999999505        376.90533061406416     
   19.640999999999504        389.93277635814752     
   19.660999999999504        403.18596773556266     
   19.680999999999504        416.65190722093666     
   19.700999999999503        430.31579341438248     
   19.720999999999503        434.90637877996249     
   19.740999999999502        448.42011525092209     
   19.760999999999505        464.48635128522852     
   19.780999999999505        478.36161009566422     
   19.800999999999505        494.79577253849533     
   19.820999999999504        509.02695706246226     
   19.840999999999504        523.35143244770666     
   19.860999999999503        537.77446329143174     
   19.880999999999503        552.31456934439893     
   19.900999999999502        566.98324131440063     
   19.920999999999506        581.79473029877011     
   19.940999999999505        598.52397941753350     
   19.960999999999505        615.84132865479444     
   19.980999999999504        631.71026665024306     
   20.000999999999504        636.99439197466927     
   20.020999999999503        644.00432369547730     
   20.040999999999503        659.44975514668181     
   20.060999999999503        675.00524543731728     
   20.080999999999502        694.70085575379153     
   20.100999999999505        710.57042290781055     
   20.120999999999505        726.55163977786538     
   20.140999999999504        738.40084938646669     
   20.160999999999504        754.42560169047488     
   20.180999999999504        770.51627319547777     
   20.200999999999503        786.65764611027998     
   20.220999999999503        802.88170794535779     
   20.240999999999502        823.76799790397956     
   20.260999999999505        840.31843942495220     
   20.280999999999505        854.42782705697016     
   20.300999999999505        861.16290975597053     
   20.320999999999504        877.80048601149861     
   20.340999999999504        894.50817506118551     
   20.360999999999503        916.66492450079625     
   20.380999999999503        933.78317433657264     
   20.400999999999502        951.05581681361639     
   20.420999999999506        968.50455929239945     
   20.440999999999505        986.16223430077684     
   20.460999999999505        1004.0469629206093     
   20.480999999999504        1022.1436476656565     
   20.500999999999504        1040.4233210807122     
   20.520999999999503        1058.8505489762829     
   20.540999999999503        1068.5278141872275     
   20.560999999999503        1086.5576368952634     
   20.580999999999502        1104.6008941646496     
   20.600999999999505        1122.6378670435811     
   20.620999999999505        1140.6318013556058     
   20.640999999999504        1158.5869590380357     
   20.660999999999504        1176.4744975956655     
   20.680999999999504        1194.2722689069392     
   20.700999999999503        1211.9726713055193     
   20.720999999999503        1229.0341820961582     
   20.740999999999502        1246.5051042272516     
   20.760999999999505        1263.8574650384958     
   20.780999999999505        1281.1738462502926     
   20.800999999999505        1298.6305342948956     
   20.820999999999504        1324.3512138909002     
   20.840999999999504        1346.2065352563111     
   20.860999999999503        1373.5828711691177     
   20.880999999999503        1393.1510514242677     
   20.900999999999502        1412.8669850340409     
   20.920999999999506        1435.2514554209126     
   20.940999999999505        1455.1644061018767     
   20.960999999999505        1474.9263104118331     
   20.980999999999504        1494.5304721569246     
   21.000999999999504        1513.9848931244535     
   21.020999999999503        1533.3040251071995     
   21.040999999999503        1552.5195323221894     
   21.060999999999503        1571.6664145652287     
   21.080999999999502        1590.7836133477858     
   21.100999999999505        1609.9249595167380     
   21.120999999999505        1629.1656775609135     
   21.140999999999504        1648.5933914168647     
   21.160999999999504        1668.2239215861530     
   21.180999999999504        1687.9470733100482     
   21.200999999999503        1707.7705132357453     
   21.220999999999503        1735.6594230506839     
   21.240999999999502        1755.5918767873875     
   21.260999999999505        1775.5482558437641     
   21.280999999999505        1788.4132434357832     
   21.300999999999505        1801.0302396026875     
   21.320999999999504        1821.7270383166622     
   21.340999999999504        1832.4948872664456     
   21.360999999999503        1853.5055794269501     
   21.380999999999503        1874.4474844890253     
   21.400999999999502        1907.6635192898505     
   21.420999999999506        1928.6330957332675     
   21.440999999999505        1949.5634498427271     
   21.460999999999505        1970.4647854758450     
   21.480999999999504        1991.3539388510208     
   21.500999999999504        2012.2741174928349     
   21.520999999999503        2033.2927625366754     
   21.540999999999503        2054.3929294144223     
   21.560999999999503        2075.6574448299225     
   21.580999999999502        2097.0043311486365     
   21.600999999999505        2118.2898946594250     
   21.620999999999505        2139.3639584217076     
   21.640999999999504        2160.1341614448670     
   21.660999999999504        2180.6848405180162     
   21.680999999999504        2201.1319464792487     
   21.700999999999503        2221.4790248688432     
   21.720999999999503        2241.7206364137451     
   21.740999999999502        2261.9449022886706     
   21.760999999999505        2282.1922934548147     
   21.780999999999505        2302.3852469252588     
   21.800999999999505        2322.4830152327986     
   21.820999999999504        2342.4469869923137     
   21.840999999999504        2362.2663132923321     
   21.860999999999503        2381.9978364137351     
   21.880999999999503        2401.7422280104456     
   21.900999999999502        2437.4771853249877     
   21.920999999999506        2457.4974121840801     
   21.940999999999505        2477.3817659907786     
   21.960999999999505        2497.1145570904373     
   21.980999999999504        2516.6793734480857     
   22.000999999999504        2550.7368291049179     
   22.020999999999503        2527.1295469588658     
   22.040999999999503        2546.8363773467463     
   22.060999999999503        2581.7011974750226     
   22.080999999999502        2616.6578473653599     
   22.100999999999505        2635.9231401812040     
   22.120999999999505        2654.9989123275122     
   22.140999999999504        2673.9122019243200     
   22.160999999999504        2642.0600255448467     
   22.180999999999504        2661.4410294036220     
   22.200999999999503        2698.6980312657961     
   22.220999999999503        2663.9649528685686     
   22.240999999999502        2684.1153745957181     
   22.260999999999505        2703.9823345006780     
   22.280999999999505        2723.5235067266426     
   22.300999999999505        2742.7271795077099     
   22.320999999999504        2761.5844794946338     
   22.340999999999504        2780.1159946645457     
   22.360999999999503        2798.4904725117772     
   22.380999999999503        2816.9089968550793     
   22.400999999999502        2835.4408330967931     
   22.420999999999506        2854.1176530332878     
   22.440999999999505        2873.0162609337144     
   22.460999999999505        2892.1004923532278     
   22.480999999999504        2911.2047340935983     
   22.500999999999504        2949.1972258005444     
   22.520999999999503        2968.1456940342955     
   22.540999999999503        2986.7960718714330     
   22.560999999999503        3005.1291451342263     
   22.580999999999502        3023.1167652823997     
   22.600999999999505        3040.7281304061298     
   22.620999999999505        3077.8543691046189     
   22.640999999999504        3094.6395140455070     
   22.660999999999504        3110.9491110230051     
   22.680999999999504        3126.7681749458297     
   22.700999999999503        3142.2444874653570     
   22.720999999999503        3157.5784475284736     
   22.740999999999502        3172.8682497548966     
   22.760999999999505        3188.0740183369444     
   22.780999999999505        3203.2172717326494     
   22.800999999999505        3218.3776320008692     
   22.820999999999504        3233.5965335855553     
   22.840999999999504        3248.7529481839451     
   22.860999999999503        3197.1967399015098     
   22.880999999999503        3212.4950241621200     
   22.900999999999502        3227.4343528303157     
   22.920999999999506        3176.5691888335750     
   22.940999999999505        3191.8046479659902     
   22.960999999999505        3206.7392641415568     
   22.980999999999504        3221.3595605771493     
   23.000999999999504        3235.6812426382885     
   23.020999999999503        3249.8144716891102     
   23.040999999999503        3282.0497597916874     
   23.060999999999503        3296.3643591528930     
   23.080999999999502        3310.8547698609300     
   23.100999999999505        3325.5452036962079     
   23.120999999999505        3340.2300101279193     
   23.140999999999504        3354.8783990133952     
   23.160999999999504        3369.2540136422349     
   23.180999999999504        3383.4451619325278     
   23.200999999999503        3346.6019227511933     
   23.220999999999503        3361.3128812575778     
   23.240999999999502        3376.0311610441790     
   23.260999999999505        3390.7007254004120     
   23.280999999999505        3348.3812649176348     
   23.300999999999505        3363.5827320494436     
   23.320999999999504        3378.7107604691150     
   23.340999999999504        3393.8136295854301     
   23.360999999999503        3408.8412182317647     
   23.380999999999503        3423.5155340737010     
   23.400999999999502        3385.6426123019555     
   23.420999999999506        3400.2318615935305     
   23.440999999999505        3414.3978991252625     
   23.460999999999505        3428.1449896702889     
   23.480999999999504        3441.5065026348366     
   23.500999999999504        3479.6735869552226     
   23.520999999999503        3492.6105749390636     
   23.540999999999503        3531.4259263404820     
   23.560999999999503        3544.7035551385970     
   23.580999999999502        3558.1948389505424     
   23.600999999999505        3571.7520240696990     
   23.620999999999505        3585.2088949268000     
   23.640999999999504        3598.4508389694438     
   23.660999999999504        3611.4024418794324     
   23.680999999999504        3613.5991122453120     
   23.700999999999503        3626.7160374045675     
   23.720999999999503        3639.5708709810929     
   23.740999999999502        3652.1843489229500     
   23.760999999999505        3664.5993242818349     
   23.780999999999505        3676.8640600813255     
   23.800999999999505        3689.0297790600935     
   23.820999999999504        3701.1540843807657     
   23.840999999999504        3713.2931122621299     
   23.860999999999503        3753.8292368700031     
   23.880999999999503        3765.9541189581641     
   23.900999999999502        3777.8213337830771     
   23.920999999999506        3789.4344238799254     
   23.940999999999505        3800.7993959980327     
   23.960999999999505        3811.9179693544379     
   23.980999999999504        3822.7912305809496     
   24.000999999999504        3814.9142821578425     
   24.020999999999503        3841.6903369507072     
   24.040999999999503        3834.9329129844637     
   24.060999999999503        3845.9118752918102     
   24.080999999999506        3856.8856005124017     
   24.100999999999505        3867.8273967716204     
   24.120999999999505        3878.6644573212302     
   24.140999999999504        3889.3225963768014     
   24.160999999999504        3930.4289315001906     
   24.180999999999504        3940.6799660384750     
   24.200999999999503        3950.6679190557279     
   24.220999999999503        3960.3904793258303     
   24.240999999999502        3969.8423137965365     
   24.260999999999505        4010.5675640617469     
   24.280999999999505        4019.5450924909114     
   24.300999999999505        4028.2203799197296     
   24.320999999999504        4036.5840213266183     
   24.340999999999504        4044.6340802247428     
   24.360999999999503        4052.3737520119907     
   24.380999999999503        4092.1151362247751     
   24.400999999999502        4099.3402357312170     
   24.420999999999506        4102.1670794845750     
   24.440999999999505        4162.8436872724569     
   24.460999999999505        4169.6256462363617     
   24.480999999999504        4176.3248507364433     
   24.500999999999504        4182.9065286703799     
   24.520999999999503        4189.3366264525239     
   24.540999999999503        4202.5336107940993     
   24.560999999999503        4209.0816628344510     
   24.580999999999506        4250.0635615937481     
   24.600999999999505        4291.6531714345292     
   24.620999999999505        4298.0666551821287     
   24.640999999999504        4304.3094035557297     
   24.660999999999504        4310.3890192198223     
   24.680999999999504        4316.3131100440623     
   24.700999999999503        4322.0869925259767     
   24.720999999999503        4327.7101441328659     
   24.740999999999502        4333.1734797804693     
   24.760999999999505        4338.4395857700029     
   24.780999999999505        4343.4556236255858     
   24.800999999999505        4348.2143095922875     
   24.820999999999504        4352.7141159266939     
   24.840999999999504        4356.9549901621776     
   24.860999999999503        4360.9360137178892     
   24.880999999999503        4364.6648041358731     
   24.900999999999502        4368.1691766179265     
   24.920999999999506        4392.1816461651169     
   24.940999999999505        4395.8269860252112     
   24.960999999999505        4399.4837149673194     
   24.980999999999504        4403.1271832324146     
   25.000999999999504        4406.7284907414742     
   25.020999999999503        4410.2661721367012     
   25.040999999999503        4413.7232223471574     
   25.060999999999503        4417.0952873122369     
   25.080999999999506        4420.3826340228898     
   25.100999999999505        4423.5863745198394     
   25.120999999999505        4426.7061697642712     
   25.140999999999504        4429.7240296483651     
   25.160999999999504        4432.6183256602417     
   25.180999999999504        4435.3160466125628     
   25.200999999999503        4437.7723977858468     
   25.220999999999503        4439.9778817021133     
   25.240999999999502        4441.9276641393908     
   25.260999999999505        4443.6191687508790     
   25.280999999999505        4445.0508031775362     
   25.300999999999505        4446.2246472875577     
   25.320999999999504        4447.1754240368218     
   25.340999999999504        4475.3317915197686     
   25.360999999999503        4475.6256717981078     
   25.380999999999503        4475.7412771432355     
   25.400999999999502        4475.6654299439097     
   25.420999999999506        4505.2541034956921     
   25.440999999999505        4504.9927320013830     
   25.460999999999505        4504.5393100467682     
   25.480999999999504        4503.8967653251339     
   25.500999999999504        4503.0461011017960     
   25.520999999999503        4501.9691354057040     
   25.540999999999503        4500.6440873777283     
   25.560999999999503        4499.0585473308829     
   25.580999999999506        4497.2130257621666     
   25.600999999999505        4495.1069234596034     
   25.620999999999505        4492.7335575238794     
   25.640999999999504        4490.0880994673453     
   25.660999999999504        4487.1857230568712     
   25.680999999999504        4484.0619433792563     
   25.700999999999503        4480.7564910610345     
   25.720999999999503        4477.3159760536801     
   25.740999999999502        4473.8032210136098     
   25.760999999999505        4470.2604841105904     
   25.780999999999505        4466.6948948536674     
   25.800999999999505        4463.1093181555680     
   25.820999999999504        4493.3583681995542     
   25.840999999999504        4489.8762008497033     
   25.860999999999503        4486.3484092861663     
   25.880999999999503        4482.7473228687550     
   25.900999999999502        4479.0381047301862     
   25.920999999999506        4475.2082407370299     
   25.940999999999505        4471.2739649947380     
   25.960999999999505        4467.2653088829229     
   25.980999999999504        4463.2017193092124     
   26.000999999999504        4458.9931495715382     
   26.020999999999503        4454.6028903661136     
   26.040999999999503        4450.0376105030109     
   26.060999999999503        4445.3058860341398     
   26.080999999999506        4440.4358565655702     
   26.100999999999505        4435.4570158731722     
   26.120999999999505        4430.3955299256750     
   26.140999999999504        4425.2733800752358     
   26.160999999999504        4420.1051819166878     
   26.180999999999504        4414.8747923402743     
   26.200999999999503        4409.5760850577999     
   26.220999999999503        4404.2298235947774     
   26.240999999999502        4398.8511701662046     
   26.260999999999505        4393.4155970990414     
   26.280999999999505        4387.8824825825077     
   26.300999999999505        4382.2151615393313     
   26.320999999999504        4376.3859911778909     
   26.340999999999504        4398.5122729954055     
   26.360999999999503        4392.6953119677510     
   26.380999999999503        4386.7936666265869     
   26.400999999999502        4380.8449724299808     
   26.420999999999506        4304.9558318998879     
   26.440999999999505        4299.3658395184184     
   26.460999999999505        4293.7806481039815     
   26.480999999999504        4288.2055151803879     
   26.500999999999504        4282.6614087605394     
   26.520999999999503        4277.1665343733112     
   26.540999999999503        4271.7105549864718     
   26.560999999999503        4266.2681754062951     
   26.580999999999506        4260.8089889660459     
   26.600999999999505        4255.3156908858209     
   26.620999999999505        4249.7905409555733     
   26.640999999999504        4273.0645224451255     
   26.660999999999504        4267.7394421153203     
   26.680999999999504        4187.7877959773668     
   26.700999999999503        4219.2565823651184     
   26.720999999999503        4214.2467759420269     
   26.740999999999502        4209.2039407744824     
   26.760999999999505        4204.1310789858990     
   26.780999999999505        4199.0316306362520     
   26.800999999999505        4193.9093246388420     
   26.820999999999504        4188.7683392234758     
   26.840999999999504        4183.6241876699451     
   26.860999999999503        4178.5036965724157     
   26.880999999999503        4173.4268940298525     
   26.900999999999502        4168.3902561054038     
   26.920999999999506        4163.3834144843304     
   26.940999999999505        4158.3949787576530     
   26.960999999999505        4153.4171086965152     
   26.980999999999504        4185.6127191678279     
   27.000999999999504        4180.6902577895380     
   27.020999999999503        4175.7794753820363     
   27.040999999999503        4170.8819466307550     
   27.060999999999503        4165.9989478174157     
   27.080999999999506        4161.1308043720855     
   27.100999999999505        4109.6932517269943     
   27.120999999999505        4105.4466869197213     
   27.140999999999504        4101.2089355243115     
   27.160999999999504        4096.9815714863016     
   27.180999999999504        4092.7669866029946     
   27.200999999999503        4088.5743052814510     
   27.220999999999503        4084.4157472412535     
   27.240999999999502        4080.3025592254994     
   27.260999999999505        4076.2610428759585     
   27.280999999999505        4072.3124114436318     
   27.300999999999505        4068.4595506401752     
   27.320999999999504        4064.7064981513854     
   27.340999999999504        4098.9990292987031     
   27.360999999999503        4129.0825911529873     
   27.380999999999503        4044.6342308347366     
   27.400999999999502        4041.2370416050380     
   27.420999999999506        4037.9250775022501     
   27.440999999999505        4034.6805853047958     
   27.460999999999505        4031.4812871564568     
   27.480999999999504        4028.3171587840970     
   27.500999999999504        4025.1810147397264     
   27.520999999999503        4022.0650334770303     
   27.540999999999503        4018.9604680759903     
   27.560999999999503        4015.8621137000146     
   27.580999999999506        4012.7747836882659     
   27.600999999999505        4009.6798226121105     
   27.620999999999505        4006.5169819749335     
   27.640999999999504        4003.2997985557076     
   27.660999999999504        4000.0488760839221     
   27.680999999999504        3996.7852380208415     
   27.700999999999503        3993.5368950977713     
   27.720999999999503        4028.8086442395902     
   27.740999999999502        4065.1425387163422     
   27.760999999999505        4062.0483109003485     
   27.780999999999505        4059.0106720901072     
   27.800999999999505        4056.0519375945009     
   27.820999999999504        4053.1516449888491     
   27.840999999999504        4050.2795689728919     
   27.860999999999503        4047.4069509805436     
   27.880999999999503        4044.5122628113782     
   27.900999999999502        4041.5762838648052     
   27.920999999999506        4038.5804250081851     
   27.940999999999505        4035.5206031413213     
   27.960999999999505        4032.4107902828528     
   27.980999999999504        4029.2759514101044     
   28.000999999999504        4026.1419799099044     
   28.020999999999503        4023.0319761469109     
   28.040999999999503        4019.9452150171655     
   28.060999999999503        4056.5935918745499     
   28.080999999999506        4053.4561249850799     
   28.100999999999505        4050.2936480215335     
   28.120999999999505        4047.0923900292964     
   28.140999999999504        4043.8382376107079     
   28.160999999999504        4080.3404880149556     
   28.180999999999504        4076.8159723427752     
   28.200999999999503        4073.2036639062003     
   28.220999999999503        4069.5154590816878     
   28.240999999999502        4065.7659126824083     
   28.260999999999505        4061.9740545998852     
   28.280999999999505        4058.1573766817078     
   28.300999999999505        4054.3262598028955     
   28.320999999999504        4050.4876640399480     
   28.340999999999504        4046.6530504388516     
   28.360999999999503        3982.9399630012044     
   28.380999999999503        3979.5440989352683     
   28.400999999999502        3976.1949836507542     
   28.420999999999506        3972.9045535882115     
   28.440999999999505        3969.6808544106279     
   28.460999999999505        3966.5269526623242     
   28.480999999999504        3963.3936573969554     
   28.500999999999504        3960.2077606476942     
   28.520999999999503        3956.9592288566419     
   28.540999999999503        3953.6489647105077     
   28.560999999999503        3950.2764430927541     
   28.580999999999506        3946.8402268292252     
   28.600999999999505        3943.3370072397101     
   28.620999999999505        3939.7643652380393     
   28.640999999999504        3936.1260267621437     
   28.660999999999504        3932.4278522122931     
   28.680999999999504        3928.6762164231686     
   28.700999999999503        3924.8758059747292     
   28.720999999999503        3921.0301897816789     
   28.740999999999502        3869.0967705503499     
   28.760999999999505        3865.5282521326467     
   28.780999999999505        3861.9286049166740     
   28.800999999999505        3858.3056395363506     
   28.820999999999504        3854.6648296459057     
   28.840999999999504        3851.0121439343761     
   28.860999999999503        3847.3555991318703     
   28.880999999999503        3843.7147338741638     
   28.900999999999502        3840.1109094807612     
   28.920999999999506        3875.5988494458475     
   28.940999999999505        3872.0267712725549     
   28.960999999999505        3828.2367691210306     
   28.980999999999504        3864.9121768880800     
   29.000999999999504        3861.9293478377863     
   29.020999999999503        3899.3138609592756     
   29.040999999999503        3932.2053115844928     
   29.060999999999503        3928.9175628398598     
   29.080999999999506        3925.6350589906101     
   29.100999999999505        3922.3777817456116     
   29.120999999999505        3919.1490117168041     
   29.140999999999504        3915.8442738109638     
   29.160999999999504        3912.4290583442730     
   29.180999999999504        3951.1048096960085     
   29.200999999999503        3947.3841978448240     
   29.220999999999503        3943.5857137970502     
   29.240999999999502        3939.7220878884709     
   29.260999999999505        3935.7752344993846     
   29.280999999999505        3931.7248014187498     
   29.300999999999505        3927.5510482817235     
   29.320999999999504        3923.2514417557577     
   29.340999999999504        3958.6339311586753     
   29.360999999999503        3953.9613865754136     
   29.380999999999503        3949.2399275505272     
   29.400999999999502        3944.5002444750330     
   29.420999999999506        3939.7586070576695     
   29.440999999999505        3935.0120774070556     
   29.460999999999505        3930.2556649848448     
   29.480999999999504        3925.4835609121724     
   29.500999999999504        3920.6905732076930     
   29.520999999999503        3915.8665825744906     
   29.540999999999503        3911.0013333053480     
   29.560999999999503        3906.0981138527136     
   29.580999999999506        3941.2570875804481     
   29.600999999999505        3936.1265307757772     
   29.620999999999505        3931.0030713647011     
   29.640999999999504        3925.9002621837030     
   29.660999999999504        3920.8326749760690     
   29.680999999999504        3915.7860670049299     
   29.700999999999503        3953.9237162868917     
   29.720999999999503        3948.7328509649219     
   29.740999999999502        3943.4801250265700     
   29.760999999999505        3938.1839410362954     
   29.780999999999505        3932.8154779483775     
   29.800999999999505        3927.3704669096192     
   29.820999999999504        3921.8697021216976     
   29.840999999999504        3916.3337626669031     
   29.860999999999503        3910.6992626979463     
   29.880999999999503        3904.9097429792951     
   29.900999999999502        3940.0369440717245     
   29.920999999999506        3933.8373595556882     
   29.940999999999505        3969.7976597191582     
   29.960999999999505        3963.6971964679360     
   29.980999999999504        3957.7874884416569     
   30.000999999999504        3952.0275124748314     
   30.020999999999503        3989.0990014775239     
   30.040999999999503        3983.2303847581356     
   30.060999999999503        3977.3971346933704     
   30.080999999999506        3971.5427977374320     
   30.100999999999505        3965.6186201881028     
   30.120999999999505        3959.6366174995114     
   30.140999999999504        3953.6098015122307     
   30.160999999999504        3947.5503776862456     
   30.180999999999504        3941.4391384954438     
   30.200999999999503        3935.2442056422633     
   30.220999999999503        3928.9630625092086     
   30.240999999999502        3922.5959768256812     
   30.260999999999505        3916.1436680827192     
   30.280999999999505        3909.6072648912182     
   30.300999999999505        3902.9881553903160     
   30.320999999999504        3896.2885354172572     
   30.340999999999504        3889.5104277707455     
   30.360999999999503        3886.2750917442572     
   30.380999999999503        3879.5583748119102     
   30.400999999999502        3872.7687261996389     
