   2.4000000004889444E-002   793.81869279899865     
   4.4000000004889447E-002   794.47658493294739     
   6.4000000004889451E-002   794.78969703559289     
   8.4000000004889441E-002   795.31535396055358     
  0.10400000000488945        795.64150401173401     
  0.12400000000488945        795.88806515406804     
  0.14400000000488944        795.98437303084881     
  0.16400000000488946        796.76789788414010     
  0.18400000000488945        796.83616063988461     
  0.20400000000488944        797.12408682000205     
  0.22400000000488945        798.25214874558912     
  0.24400000000488944        797.94537935599624     
  0.26400000000488943        798.50757723119784     
  0.28400000000488945        799.52960491229396     
  0.30400000000488947        800.25768621178224     
  0.32400000000488943        799.83224557760491     
  0.34400000000488945        800.60273076112821     
  0.36400000000488947        800.82659500628063     
  0.38400000000488943        801.58771748098616     
  0.40400000000488945        802.31224317766498     
  0.42400000000488947        803.09534642630126     
  0.44400000000488943        803.05357240972012     
  0.46400000000488945        801.34323664057854     
  0.48400000000488946        803.71693344793937     
  0.50400000000488943        803.33214108143113     
  0.52400000000488944        804.70745452305505     
  0.54400000000488946        801.96483149657183     
  0.56400000000488948        804.14350810829001     
  0.58400000000488950        805.96161499137463     
  0.60400000000488940        805.95557386907331     
  0.62400000000488942        807.71301527415687     
  0.64400000000488944        806.40821814822539     
  0.66400000000488946        805.27216232773253     
  0.68400000000488947        804.82567049752777     
  0.70400000000488949        808.05614397049737     
  0.72400000000488951        809.74175318300854     
  0.74400000000488942        809.66034458897070     
  0.76400000000488943        811.15113620366731     
  0.78400000000488945        809.92649376115446     
  0.80400000000488947        809.39177820811153     
  0.82400000000488949        813.01812284210246     
  0.84400000000488951        812.15761080355787     
  0.86400000000488941        811.25332828124499     
  0.88400000000488943        811.85479354416179     
  0.90400000000488945        811.99673182276570     
  0.92400000000488947        812.43677126114449     
  0.94400000000488948        812.68646342548129     
  0.96400000000488950        813.45738543854611     
  0.98400000000488941        812.54596348414134     
   1.0040000000048894        813.44322677468767     
   1.0240000000048894        815.24050204016612     
   1.0440000000048895        815.14189762763192     
   1.0640000000048895        814.41525600446914     
   1.0840000000048895        817.69980630027726     
   1.1040000000048895        814.72237120277077     
   1.1240000000048895        818.67829903420795     
   1.1440000000048896        815.48953866345198     
   1.1640000000048896        817.52941311220718     
   1.1840000000048894        820.01348875304745     
   1.2040000000048894        816.66090762395731     
   1.2240000000048894        815.61771208053335     
   1.2440000000048894        818.44785513793931     
   1.2640000000048894        816.93114900419619     
   1.2840000000048895        823.68434198158241     
   1.3040000000048895        822.51358460692950     
   1.3240000000048895        822.87030474448579     
   1.3440000000048895        820.82977603496420     
   1.3640000000048895        820.46501256818192     
   1.3840000000048895        823.02253188067039     
   1.4040000000048896        821.32838192755310     
   1.4240000000048896        820.88199634471846     
   1.4440000000048894        828.06983708709481     
   1.4640000000048894        822.90618653546960     
   1.4840000000048894        826.14330518918746     
   1.5040000000048894        820.92329245426947     
   1.5240000000048894        825.31719922114473     
   1.5440000000048895        824.41413868848463     
   1.5640000000048895        828.16518348733439     
   1.5840000000048895        827.43428648836664     
   1.6040000000048895        822.09828743679975     
   1.6240000000048895        826.24874960288923     
   1.6440000000048896        831.74469360544686     
   1.6640000000048896        829.86785465514993     
   1.6840000000048896        832.21316731253057     
   1.7040000000048894        829.68708989564539     
   1.7240000000048894        825.17370759932396     
   1.7440000000048894        825.46208392746769     
   1.7640000000048894        831.17020591545759     
   1.7840000000048895        830.21145697872691     
   1.8040000000048895        831.73039859434903     
   1.8240000000048895        830.78490155098405     
   1.8440000000048895        825.19124351452308     
   1.8640000000048895        825.70985199946540     
   1.8840000000048895        828.69752999040259     
   1.9040000000048896        831.63172215708619     
   1.9240000000048896        838.83807015755735     
   1.9440000000048894        835.68675806374688     
   1.9640000000048894        842.64473919196689     
   1.9840000000048894        842.58579470914458     
   2.0040000000048894        834.86320722814833     
   2.0240000000048894        839.58857653964003     
   2.0440000000048895        836.85835226562494     
   2.0640000000048895        839.28223858628235     
   2.0840000000048895        842.52407375653934     
   2.1040000000048895        841.10567937474332     
   2.1240000000048895        843.47514960956880     
   2.1440000000048896        845.82322006334641     
   2.1640000000048896        843.82609949086077     
   2.1840000000048896        835.46981588825554     
   2.2040000000048896        836.87946836728531     
   2.2240000000048896        840.36629691279450     
   2.2440000000048896        839.52990268224642     
   2.2640000000048897        836.96370161510220     
   2.2840000000048897        839.39737507734355     
   2.3040000000048897        839.74491572754425     
   2.3240000000048897        835.56419859572043     
   2.3440000000048893        841.40374304465865     
   2.3640000000048893        841.72792396166267     
   2.3840000000048893        844.91865751252317     
   2.4040000000048893        839.85038263032129     
   2.4240000000048894        844.66626836241744     
   2.4440000000048894        843.92847761417568     
   2.4640000000048894        846.65124097887997     
   2.4840000000048894        848.50535333723167     
   2.5040000000048894        844.80711232042938     
   2.5240000000048894        850.48169151817854     
   2.5440000000048895        853.99007594956959     
   2.5640000000048895        852.25006715299958     
   2.5840000000048895        846.71158492807410     
   2.6040000000048895        846.89425553569515     
   2.6240000000048895        841.85392397586190     
   2.6440000000048896        847.43179308629749     
   2.6640000000048896        844.55509278679392     
   2.6840000000048896        848.91986509379490     
   2.7040000000048896        849.03251381017935     
   2.7240000000048896        850.82591806187804     
   2.7440000000048896        853.58250027320628     
   2.7640000000048897        853.75387140516523     
   2.7840000000048897        850.75560372663881     
   2.8040000000048897        854.12544037000362     
   2.8240000000048897        847.30076552281582     
   2.8440000000048893        851.05541337665977     
   2.8640000000048893        855.52981381313612     
   2.8840000000048893        860.06881400721636     
   2.9040000000048893        855.54691510089583     
   2.9240000000048894        860.76257740483823     
   2.9440000000048894        864.14313392622648     
   2.9640000000048894        862.49766938393611     
   2.9840000000048894        861.93948289571995     
   3.0040000000048894        852.54861811915566     
   3.0240000000048894        854.10359410912656     
   3.0440000000048895        855.12446657371254     
   3.0640000000048895        856.10757801984073     
   3.0840000000048895        858.72840670606138     
   3.1040000000048895        862.72989552942727     
   3.1240000000048895        866.89532044663349     
   3.1440000000048896        864.51041281740277     
   3.1640000000048896        868.69254971398902     
   3.1840000000048896        869.10540929568788     
   3.2040000000048896        871.88397447827811     
   3.2240000000048896        870.99623525222250     
   3.2440000000048896        876.45386550067724     
   3.2640000000048897        879.87407723521619     
   3.2840000000048897        883.98526016807637     
   3.3040000000048897        886.01304557458127     
   3.3240000000048897        877.42052057826822     
   3.3440000000048897        876.85373456813682     
   3.3640000000048893        880.34295607697572     
   3.3840000000048893        876.65982326273934     
   3.4040000000048893        871.68235341348225     
   3.4240000000048894        866.43731969878888     
   3.4440000000048894        861.36163724378832     
   3.4640000000048894        862.59447549982849     
   3.4840000000048894        865.59407946288877     
   3.5040000000048894        870.00113016302669     
   3.5240000000048894        872.30540796952027     
   3.5440000000048895        873.08137363099786     
   3.5640000000048895        875.58805110163894     
   3.5840000000048895        872.79278669105292     
   3.6040000000048895        874.45944609789319     
   3.6240000000048895        877.22120179419812     
   3.6440000000048896        874.24220564580799     
   3.6640000000048896        863.18012662507761     
   3.6840000000048896        864.51148879059315     
   3.7040000000048896        864.66241788752620     
   3.7240000000048896        861.46626077506403     
   3.7440000000048896        862.35403151255787     
   3.7640000000048897        860.37184907229596     
   3.7840000000048897        862.95577332573396     
   3.8040000000048897        865.04341449420815     
   3.8240000000048897        869.96394213336600     
   3.8440000000048897        874.34965111700910     
   3.8640000000048893        865.58314372048301     
   3.8840000000048893        866.59109780601489     
   3.9040000000048893        873.17211323757601     
   3.9240000000048894        877.80829787591040     
   3.9440000000048894        870.79381725396672     
   3.9640000000048894        876.98042780014543     
   3.9840000000048894        870.38478419509931     
   4.0040000000048899        867.23429943043982     
   4.0240000000048894        870.79536953738375     
   4.0440000000048899        872.03326772401635     
   4.0640000000048895        875.09914188433390     
   4.0840000000048899        878.27640598623248     
   4.1040000000048895        881.68553351674473     
   4.1240000000048891        883.56870586967864     
   4.1440000000048896        884.71466500586280     
   4.1640000000048891        883.20848334969924     
   4.1840000000048896        884.01345517064397     
   4.2040000000048892        883.80411969806880     
   4.2240000000048896        883.06730871261027     
   4.2440000000048892        886.55736473354762     
   4.2640000000048897        886.46304698417975     
   4.2840000000048892        888.51476598314855     
   4.3040000000048897        889.48287524241880     
   4.3240000000048893        894.14971931290927     
   4.3440000000048897        894.58982053586942     
   4.3640000000048893        895.07988263818140     
   4.3840000000048898        897.69926011916368     
   4.4040000000048893        892.49556732054873     
   4.4240000000048898        895.70767723566269     
   4.4440000000048894        896.88224597325473     
   4.4640000000048898        895.22225318147855     
   4.4840000000048894        897.72138746112057     
   4.5040000000048899        896.53293514360576     
   4.5240000000048894        888.50221654689915     
   4.5440000000048899        889.64571344365982     
   4.5640000000048895        889.11860260819185     
   4.5840000000048899        886.76867794978523     
   4.6040000000048895        887.13572985408894     
   4.6240000000048900        887.45750314575298     
   4.6440000000048896        875.51326759725271     
   4.6640000000048891        882.19967745388999     
   4.6840000000048896        884.86185631939350     
   4.7040000000048892        887.09053916623986     
   4.7240000000048896        881.25398789822304     
   4.7440000000048892        882.20614652437939     
   4.7640000000048897        882.78543010238366     
   4.7840000000048892        870.55415883087551     
   4.8040000000048897        867.02473006819696     
   4.8240000000048893        871.66184927896666     
   4.8440000000048897        875.35307497931581     
   4.8640000000048893        879.77574569467617     
   4.8840000000048898        883.75631636122932     
   4.9040000000048893        884.72630182259434     
   4.9240000000048898        888.29980359909860     
   4.9440000000048894        894.32679901108224     
   4.9640000000048898        898.04874697653906     
   4.9840000000048894        900.22616387524658     
   5.0040000000048899        900.32708129743855     
   5.0240000000048894        903.62210248346742     
   5.0440000000048899        907.64457527773357     
   5.0640000000048895        911.53409846252600     
   5.0840000000048899        915.26612253821645     
   5.1040000000048895        911.30349296787438     
   5.1240000000048900        913.72537187374985     
   5.1440000000048896        917.29645247350527     
   5.1640000000048891        919.89944970016631     
   5.1840000000048896        922.01991299715155     
   5.2040000000048892        921.16481149300944     
   5.2240000000048896        924.29038751962821     
   5.2440000000048892        926.81332737413743     
   5.2640000000048897        931.12693269532201     
   5.2840000000048892        934.62720998602242     
   5.3040000000048897        939.62887610891346     
   5.3240000000048893        942.11640150174469     
   5.3440000000048897        946.95184857219522     
   5.3640000000048893        953.68347191537930     
   5.3840000000048898        950.03267229062681     
   5.4040000000048893        950.42772903892956     
   5.4240000000048898        952.95846365605257     
   5.4440000000048894        952.02900914085762     
   5.4640000000048898        955.14567907537526     
   5.4840000000048894        954.82530491708712     
   5.5040000000048899        951.42848897569081     
   5.5240000000048894        951.61378759729848     
   5.5440000000048899        953.36277428624976     
   5.5640000000048895        953.55350840776975     
   5.5840000000048899        948.54431905886952     
   5.6040000000048895        948.06106694118046     
   5.6240000000048900        948.97124129816996     
   5.6440000000048896        943.51909334691652     
   5.6640000000048891        944.06655466842028     
   5.6840000000048896        943.91016846858690     
   5.7040000000048892        945.66411164449858     
   5.7240000000048896        947.98823179905662     
   5.7440000000048892        947.52515718093275     
   5.7640000000048897        949.75306721472850     
   5.7840000000048892        938.93137907715800     
   5.8040000000048897        928.87705291286852     
   5.8240000000048893        929.34642055898360     
   5.8440000000048897        929.24544291051222     
   5.8640000000048893        926.80769954155983     
   5.8840000000048898        925.62849782393550     
   5.9040000000048893        916.22203273467778     
   5.9240000000048898        913.57638306443334     
   5.9440000000048894        912.11905235210372     
   5.9640000000048898        898.85220076926225     
   5.9840000000048894        884.30124695074846     
   6.0040000000048899        870.14733202749289     
   6.0240000000048894        867.45361968660427     
   6.0440000000048899        862.55818518565775     
   6.0640000000048895        855.33919574089555     
   6.0840000000048899        850.46989418282919     
   6.1040000000048895        844.53535384115560     
   6.1240000000048900        836.24189344449155     
   6.1440000000048896        830.78106177864743     
   6.1640000000048900        825.50093833428764     
   6.1840000000048896        821.90198851268781     
   6.2040000000048892        818.16854843789429     
   6.2240000000048896        817.24872014801372     
   6.2440000000048892        813.47543783127310     
   6.2640000000048897        807.86467569274373     
   6.2840000000048892        802.20948270863005     
   6.3040000000048897        800.62622469283053     
   6.3240000000048893        797.99466985044444     
   6.3440000000048897        795.35470581607171     
   6.3640000000048893        794.71384562407479     
   6.3840000000048898        791.24038010785046     
   6.4040000000048893        790.06327803472175     
   6.4240000000048898        789.71063450430267     
   6.4440000000048894        790.21034767400226     
   6.4640000000048898        789.58143219195733     
   6.4840000000048894        792.45397125067245     
   6.5040000000048899        791.17795057230171     
   6.5240000000048894        792.59105632656156     
   6.5440000000048899        790.64806839651919     
   6.5640000000048895        790.34080871966148     
   6.5840000000048899        791.90548124473037     
   6.6040000000048895        792.17939167213046     
   6.6240000000048900        794.73186180106950     
   6.6440000000048896        797.19823382032212     
   6.6640000000048900        794.99399820767474     
   6.6840000000048896        794.10704899839777     
   6.7040000000048892        798.98929318986541     
   6.7240000000048896        802.57763449996639     
   6.7440000000048892        805.61398871662425     
   6.7640000000048897        804.17110552511872     
   6.7840000000048892        806.76706713775400     
   6.8040000000048897        809.28682087103880     
   6.8240000000048893        818.06883111426384     
   6.8440000000048897        822.68146630883075     
   6.8640000000048893        825.12754402729729     
   6.8840000000048898        825.21609966532924     
   6.9040000000048893        828.90130029756313     
   6.9240000000048898        829.78820735236047     
   6.9440000000048894        833.60963204242091     
   6.9640000000048898        837.39818280166332     
   6.9840000000048894        845.83829484769387     
   7.0040000000048899        854.74954808184793     
   7.0240000000048894        859.28553140537394     
   7.0440000000048899        863.95434678118374     
   7.0640000000048895        868.16193742004145     
   7.0840000000048899        873.31672334280540     
   7.1040000000048895        878.30653077051420     
   7.1240000000048900        883.48529884902030     
   7.1440000000048896        888.30576189234807     
   7.1640000000048900        895.77484810741885     
   7.1840000000048896        906.42501124148487     
   7.2040000000048892        913.67546784500337     
   7.2240000000048896        918.15184801195994     
   7.2440000000048892        924.14134360947230     
   7.2640000000048897        929.50024093818229     
   7.2840000000048892        931.59205471031282     
   7.3040000000048897        933.37306837935535     
   7.3240000000048893        918.96669683421624     
   7.3440000000048897        919.29177470076786     
   7.3640000000048893        928.07554682770092     
   7.3840000000048898        931.72785177486810     
   7.4040000000048893        935.46603409500324     
   7.4240000000048898        932.07236400978002     
   7.4440000000048894        935.30526772150120     
   7.4640000000048898        938.72344896012601     
   7.4840000000048894        941.01916850987084     
   7.5040000000048899        943.19718256099748     
   7.5240000000048894        937.27070879874304     
   7.5440000000048899        940.68536692339922     
   7.5640000000048895        946.97761512883460     
   7.5840000000048899        950.25066541429487     
   7.6040000000048895        953.44705948020919     
   7.6240000000048900        956.76958868290797     
   7.6440000000048896        960.31699018680240     
   7.6640000000048900        964.11243142578678     
   7.6840000000048896        967.88001280108733     
   7.7040000000048892        971.71256968878447     
   7.7240000000048896        963.82636349380266     
   7.7440000000048892        952.52773867773180     
   7.7640000000048897        957.62024738528260     
   7.7840000000048892        964.09870602608771     
   7.8040000000048897        965.57866271498324     
   7.8240000000048893        968.47132019641776     
   7.8440000000048897        972.88559412233019     
   7.8640000000048893        968.27402896648687     
   7.8840000000048898        959.90725044182000     
   7.9040000000048893        970.68262847895255     
   7.9240000000048898        974.90871489016877     
   7.9440000000048894        976.54264371019997     
   7.9640000000048898        951.35795629819074     
   7.9840000000048894        955.98979158300108     
   8.0040000000048899        945.62746991057622     
   8.0240000000048894        953.85837512868716     
   8.0440000000048890        958.27912033563041     
   8.0640000000048904        960.56290713536907     
   8.0840000000048899        962.76709452570458     
   8.1040000000048895        964.83785318873447     
   8.1240000000048891        968.75816975771750     
   8.1440000000048904        970.55125738400727     
   8.1640000000048900        976.73070469631796     
   8.1840000000048896        982.26330513763583     
   8.2040000000048892        983.37341552560360     
   8.2240000000048887        984.14572214342752     
   8.2440000000048901        984.74225623052746     
   8.2640000000048897        985.30986967713557     
   8.2840000000048892        985.54557094822690     
   8.3040000000048888        985.88366454266293     
   8.3240000000048902        986.39944126493106     
   8.3440000000048897        980.82096849145717     
   8.3640000000048893        984.43235629602134     
   8.3840000000048889        985.86111701633547     
   8.4040000000048902        987.09375651742982     
   8.4240000000048898        977.25045233976869     
   8.4440000000048894        980.16189024266987     
   8.4640000000048889        981.20592881740924     
   8.4840000000048903        981.73470365444462     
   8.5040000000048899        980.78721959295069     
   8.5240000000048894        979.17414742565643     
   8.5440000000048890        983.31765516957887     
   8.5640000000048904        983.90788626051676     
   8.5840000000048899        984.53345653328574     
   8.6040000000048895        984.41449095868279     
   8.6240000000048891        985.81640266729539     
   8.6440000000048904        989.53792894753792     
   8.6640000000048900        989.75641966962473     
   8.6840000000048896        989.77846609564881     
   8.7040000000048892        990.07744157827244     
   8.7240000000048905        990.41025259644846     
   8.7440000000048901        992.59221406668587     
   8.7640000000048897        996.45597844556721     
   8.7840000000048892        996.26349964063445     
   8.8040000000048888        996.04383393799128     
   8.8240000000048902        999.49806691086690     
   8.8440000000048897        999.15123987709796     
   8.8640000000048893        998.69189689416828     
   8.8840000000048889        998.12388102987541     
   8.9040000000048902        1000.5742218938760     
   8.9240000000048898        1006.8006626141814     
   8.9440000000048894        1009.6634208493761     
   8.9640000000048889        1007.0126387138525     
   8.9840000000048903        1005.5307821669749     
   9.0040000000048899        1003.9106568969331     
   9.0240000000048894        1002.2461840474675     
   9.0440000000048890        1000.5541455771353     
   9.0640000000048904        998.85278101569713     
   9.0840000000048899        996.03022658373709     
   9.1040000000048895        997.33792051860837     
   9.1240000000048891        996.41173939381542     
   9.1440000000048904        994.50382000367995     
   9.1640000000048900        992.34552855300103     
   9.1840000000048896        990.84161503173402     
   9.2040000000048892        989.56153068475305     
   9.2240000000048905        988.56664544228408     
   9.2440000000048901        987.89830445752841     
   9.2640000000048897        987.56605832054083     
   9.2840000000048892        990.52804443773164     
   9.3040000000048888        995.07836139985886     
   9.3240000000048902        996.54755798998553     
   9.3440000000048897        997.01340637544047     
   9.3640000000048893        1000.2832928154717     
   9.3840000000048889        1003.1229475437696     
   9.4040000000048902        1004.5936986826056     
   9.4240000000048898        1009.5940308394116     
   9.4440000000048894        1010.1350396545699     
   9.4640000000048889        1009.9754744336494     
   9.4840000000048903        1009.8426194686148     
   9.5040000000048899        1009.9214916187320     
   9.5240000000048894        1010.3154114252789     
   9.5440000000048890        1012.6691288305572     
   9.5640000000048904        1014.9951887273540     
   9.5840000000048899        1017.1856053069696     
   9.6040000000048895        1018.5483825083066     
   9.6240000000048891        1020.1705042562450     
   9.6440000000048904        1021.7262737575688     
   9.6640000000048900        1023.0734829100800     
   9.6840000000048896        1028.5061342371696     
   9.7040000000048892        1032.8185731617084     
   9.7240000000048905        1034.1114408887950     
   9.7440000000048901        1039.2396510521589     
   9.7640000000048897        1043.3422038671617     
   9.7840000000048892        1043.8204554873714     
   9.8040000000048888        1043.9850269995966     
   9.8240000000048902        1052.9474753605850     
   9.8440000000048897        1053.3653387280069     
   9.8640000000048893        1057.6494307469773     
   9.8840000000048889        1062.0975191819612     
   9.9040000000048902        1067.9934508938197     
   9.9240000000048898        1069.4603888720410     
   9.9440000000048894        1074.9835962978771     
   9.9640000000048889        1076.0205393418241     
   9.9840000000048903        1072.9284081104779     
   10.004000000004890        1073.6688567270121     
   10.024000000004889        1074.0061898067497     
   10.044000000004889        1082.7597399509586     
   10.064000000004890        1083.1712623683229     
   10.084000000004890        1083.9939367526781     
   10.104000000004890        1085.3003281951039     
   10.124000000004889        1086.8629393710580     
   10.144000000004890        1088.3457566851619     
   10.164000000004890        1089.6149365618553     
   10.184000000004890        1090.7254324893477     
   10.204000000004889        1073.8949388321837     
   10.224000000004891        1074.6976070904495     
   10.244000000004890        1075.3844074958274     
   10.264000000004890        1075.9867044977841     
   10.284000000004889        1076.5188395067428     
   10.304000000004889        1076.9633574985398     
   10.324000000004890        1077.3636267553140     
   10.344000000004890        1077.7514598626597     
   10.364000000004889        1077.8443864399494     
   10.384000000004889        1077.8681952666223     
   10.404000000004890        1077.8386103766854     
   10.424000000004890        1077.6263973307200     
   10.444000000004889        1084.7014496721158     
   10.464000000004889        1084.0892578843225     
   10.484000000004890        1083.6451704051292     
   10.504000000004890        1087.0928819633968     
   10.524000000004889        1087.2796984903284     
   10.544000000004889        1089.2550318775561     
   10.564000000004890        1089.3295482978153     
   10.584000000004890        1094.4914392843868     
   10.604000000004890        1094.7733705966536     
   10.624000000004889        1095.1289363631761     
   10.644000000004890        1098.9348704923934     
   10.664000000004890        1099.2178788002400     
   10.684000000004890        1099.4277400217798     
   10.704000000004889        1099.3835272537005     
   10.724000000004891        1101.9014029212299     
   10.744000000004890        1087.0006462862432     
   10.764000000004890        1086.4820008964241     
   10.784000000004889        1086.3513967732640     
   10.804000000004889        1078.0017348566114     
   10.824000000004890        1080.7290332719608     
   10.844000000004890        1079.4959212500441     
   10.864000000004889        1078.0032787993237     
   10.884000000004889        1067.7780966991556     
   10.904000000004890        1072.6766122670545     
   10.924000000004890        1069.4121983613161     
   10.944000000004889        1065.6523602607415     
   10.964000000004889        1061.0958948479436     
   10.984000000004890        1040.2164628755620     
   11.004000000004890        1036.2584506677169     
   11.024000000004889        1032.7404034093238     
   11.044000000004889        1029.4127056489260     
   11.064000000004890        1026.2004557352798     
   11.084000000004890        1022.9802288040763     
   11.104000000004890        1019.6116136440288     
   11.124000000004889        1015.8487272943340     
   11.144000000004890        992.58228882491858     
   11.164000000004890        987.72007461357032     
   11.184000000004890        982.96746348090619     
   11.204000000004889        978.37528435586250     
   11.224000000004891        973.83303346637388     
   11.244000000004890        971.59903516525981     
   11.264000000004890        968.87868525814338     
   11.284000000004889        942.40883371255620     
   11.304000000004889        939.04563706774081     
   11.324000000004890        935.58289995871178     
   11.344000000004890        930.38025952671012     
   11.364000000004889        925.30413857538076     
   11.384000000004889        920.22230555633439     
   11.404000000004890        919.28566693600328     
   11.424000000004890        913.52724819898822     
   11.444000000004889        907.75944586742401     
   11.464000000004889        902.05513362835131     
   11.484000000004890        896.60768619527619     
   11.504000000004890        892.45372670724453     
   11.524000000004889        891.79362585799663     
   11.544000000004889        886.84913219828957     
   11.564000000004890        881.74296647286542     
   11.584000000004890        855.52563670102131     
   11.604000000004890        819.69945445727751     
   11.624000000004889        813.76641851890258     
   11.644000000004890        807.67447127769196     
   11.664000000004890        805.56528361269875     
   11.684000000004890        798.97481978578435     
   11.704000000004889        792.19110967683844     
   11.724000000004891        787.34486812757621     
   11.744000000004890        780.53547852523286     
   11.764000000004890        777.75578349111095     
   11.784000000004889        770.76578604672159     
   11.804000000004889        763.85251919411746     
   11.824000000004890        732.36027850933965     
   11.844000000004890        725.15478997187381     
   11.864000000004889        718.33177910936627     
   11.884000000004889        711.29299598002331     
   11.904000000004890        703.90374779058436     
   11.924000000004890        699.73915701200497     
   11.944000000004889        642.09860249762119     
   11.964000000004889        634.26523140117104     
   11.984000000004890        627.00049940939005     
   12.004000000004890        595.90385310861348     
   12.024000000004889        585.64337572128136     
   12.044000000004889        577.90748245103759     
   12.064000000004890        569.87054994620803     
   12.084000000004890        561.51599587268447     
   12.104000000004890        548.59899413571497     
   12.124000000004889        535.33046383151543     
   12.144000000004890        526.35963204550069     
   12.164000000004890        517.48856265799600     
   12.184000000004890        504.01000811430043     
   12.204000000004889        495.05791891506857     
   12.224000000004891        476.76188118222183     
   12.244000000004890        467.27800776109643     
   12.264000000004890        457.84261764027769     
   12.284000000004889        448.37953769943630     
   12.304000000004891        438.94307585328198     
   12.324000000004890        429.50935432712294     
   12.344000000004890        420.21051624687203     
   12.364000000004889        411.76470426918479     
   12.384000000004889        403.19371211785113     
   12.404000000004890        394.90892407920416     
   12.424000000004890        386.84488430738293     
   12.444000000004889        378.95560198300848     
   12.464000000004889        365.59509630254996     
   12.484000000004890        352.18800052269512     
   12.504000000004890        344.39869891887395     
   12.524000000004889        320.83378750886362     
   12.544000000004889        313.18940086893684     
   12.564000000004890        299.34146749450741     
   12.584000000004890        286.07722051728638     
   12.604000000004890        279.35371634589274     
   12.624000000004889        272.55802965943866     
   12.644000000004890        265.64636246852473     
   12.664000000004890        258.65706626993801     
   12.684000000004890        251.64097620960979     
   12.704000000004889        244.63027800302504     
   12.724000000004891        238.22386167013121     
   12.744000000004890        229.19908180699360     
   12.764000000004890        213.36006356724920     
   12.784000000004889        196.47879150038273     
   12.804000000004891        190.09416488409477     
   12.824000000004890        183.93761770082062     
   12.844000000004890        177.99033613453474     
   12.864000000004889        172.15140169588793     
   12.884000000004889        166.29052485969072     
   12.904000000004890        160.41250720776037     
   12.924000000004890        154.46587602451081     
   12.944000000004889        142.32587044113626     
   12.964000000004889        136.20611577884600     
   12.984000000004890        130.14129344035038     
   13.004000000004890        124.16750878677374     
   13.024000000004889        118.34998753969097     
   13.044000000004889        107.66159601724351     
   13.064000000004890        102.48490413460628     
   13.084000000004890        97.410032478882499     
   13.104000000004890        92.459965010282758     
   13.124000000004889        85.059003123564338     
   13.144000000004890        79.826681145615112     
   13.164000000004890        67.476895739198142     
   13.184000000004890        63.650227765939029     
   13.204000000004889        59.932100137523094     
   13.224000000004891        56.311855563954758     
   13.244000000004890        52.792299655484193     
   13.264000000004890        48.598472286019977     
   13.284000000004889        45.335172023159295     
   13.304000000004891        42.176747617832063     
   13.324000000004890        39.129039948655610     
   13.344000000004890        36.156169705202572     
   13.364000000004889        32.531582351488630     
   13.384000000004889        29.239038038238174     
   13.404000000004890        26.648240519997231     
   13.424000000004890        24.204500718651872     
   13.444000000004889        21.784912352608000     
   13.464000000004889        19.448966568201808     
   13.484000000004890        17.204321156970792     
   13.504000000004890        15.077468925887498     
   13.524000000004889        13.090576651909522     
   13.544000000004889        11.223435595706786     
   13.564000000004890        9.4776289200784571     
   13.584000000004890        7.8672071958117700     
   13.604000000004890        6.4021902839105920     
   13.624000000004889        5.0231919173070523     
   13.644000000004890        3.8994668810224540     
   13.664000000004890        2.9221294331360661     
   13.684000000004890        2.1172120929437077     
   13.704000000004889        1.4766914173256609     
   13.724000000004891       0.99585984260471661     
   13.744000000004890       0.67094717006637938     
   13.764000000004890       0.54114354807740217     
   13.784000000004889       0.57431890243665407     
   13.804000000004891       0.77576612093048469     
   13.824000000004890        1.1503437386848263     
   13.844000000004890        1.7019554372065122     
   13.864000000004889        2.4324148497701485     
   13.884000000004889        3.3416174535420882     
   13.904000000004890        4.4306470115055339     
   13.924000000004890        5.7000168041935533     
   13.944000000004889        6.5259532842142729     
   13.964000000004889        7.9835169124426200     
   13.984000000004890        9.4107194260494591     
   14.004000000004890        11.147780676082435     
   14.024000000004889        13.039116584674970     
   14.044000000004889        15.087552345550971     
   14.064000000004890        17.295358879899720     
   14.084000000004890        19.656196497867960     
   14.104000000004890        22.153675073532089     
   14.124000000004889        24.786264793668323     
   14.144000000004890        27.574919989514733     
   14.164000000004890        30.522381847770486     
   14.184000000004890        33.630282750282106     
   14.204000000004889        36.900060923445942     
   14.224000000004891        40.329720270605485     
   14.244000000004890        43.918200409722324     
   14.264000000004890        47.682219698104646     
   14.284000000004889        51.630061315433998     
   14.304000000004891        51.652072438900944     
   14.324000000004890        55.585347726169680     
   14.344000000004890        54.826436180608361     
   14.364000000004889        59.066231407696549     
   14.384000000004889        57.870027237205491     
   14.404000000004890        61.643997182425117     
   14.424000000004890        65.552967573419167     
   14.444000000004889        69.563877023040078     
   14.464000000004889        72.008804321971340     
   14.484000000004890        76.049479874141255     
   14.504000000004890        80.163838500849877     
   14.524000000004889        84.963883853053943     
   14.544000000004889        89.363090174603443     
   14.564000000004890        93.914526658210676     
   14.584000000004890        98.617111258646290     
   14.604000000004890        103.52013713908022     
   14.624000000004889        108.66205468824145     
   14.644000000004890        104.95962463344144     
   14.664000000004890        109.72422528473022     
   14.684000000004890        114.52123945549052     
   14.704000000004889        119.34038421037577     
   14.724000000004891        124.87831191099566     
   14.744000000004890        130.46603765788254     
   14.764000000004890        135.32686842112116     
   14.784000000004889        140.21604808161220     
   14.804000000004891        145.13624499457069     
   14.824000000004890        150.17959707090881     
   14.844000000004890        156.19519271587964     
   14.864000000004889        161.45226882663508     
   14.884000000004889        166.72574060348762     
   14.904000000004890        172.04278508121661     
   14.924000000004890        177.39126872299403     
   14.944000000004889        182.71756167470224     
   14.964000000004889        188.10550389205110     
   14.984000000004890        193.58017144780743     
   15.004000000004890        199.13473093975611     
   15.024000000004889        204.75226136489871     
   15.044000000004889        211.35065193656169     
   15.064000000004890        217.11650654321281     
   15.084000000004890        222.93150102987724     
   15.104000000004890        228.85233277766534     
   15.124000000004889        234.92250162546736     
   15.144000000004890        241.05946657569973     
   15.164000000004890        247.19370627836989     
   15.184000000004890        253.45906300166573     
   15.204000000004889        259.89327297835723     
   15.224000000004891        266.48579377633831     
   15.244000000004890        273.22531105432557     
   15.264000000004890        280.09767068572557     
   15.284000000004889        287.07958644215967     
   15.304000000004891        294.14988342562026     
   15.324000000004890        301.28207582500846     
   15.344000000004890        308.44838314110370     
   15.364000000004889        315.62769408996479     
   15.384000000004889        322.80361675076580     
   15.404000000004890        329.96575378936933     
   15.424000000004890        337.10638729922965     
   15.444000000004889        344.22864556401657     
   15.464000000004889        351.36394980154785     
   15.484000000004890        351.80067293064457     
   15.504000000004890        358.79144640738440     
   15.524000000004889        365.85176670751247     
   15.544000000004889        367.03694554381389     
   15.564000000004890        375.68633417875702     
   15.584000000004890        382.82861679910292     
   15.604000000004890        382.92080537316014     
   15.624000000004889        382.32940403770118     
   15.644000000004890        389.52469368119347     
   15.664000000004890        397.50538210538173     
   15.684000000004890        404.56490765407892     
   15.704000000004889        411.63219556864021     
   15.724000000004891        418.80056188650832     
   15.744000000004890        427.10447766651617     
   15.764000000004890        434.67578652872538     
   15.784000000004889        442.49646589265052     
   15.804000000004891        453.12836807002651     
   15.824000000004890        458.81949988989373     
   15.844000000004890        466.75844423861327     
   15.864000000004889        466.30479875483724     
   15.884000000004891        473.59685338087064     
   15.904000000004890        480.86948026574345     
   15.924000000004890        488.10404212041482     
   15.944000000004889        495.14872024654665     
   15.964000000004889        503.10405617670807     
   15.984000000004890        509.79018369956771     
   16.004000000004890        516.30441382379126     
   16.024000000004889        522.79166283188772     
   16.044000000004889        532.13108316980822     
   16.064000000004889        539.09977522516624     
   16.084000000004888        547.38533167546439     
   16.104000000004891        554.39196417660764     
   16.124000000004891        561.61586854449899     
   16.144000000004890        569.03178073897811     
   16.164000000004890        576.58338423571035     
   16.184000000004890        584.13860792514015     
   16.204000000004889        591.58334137205895     
   16.224000000004889        601.16966954724148     
   16.244000000004888        608.35180121132112     
   16.264000000004891        615.51707592292371     
   16.284000000004891        622.65869126455198     
   16.304000000004891        625.14542871291883     
   16.324000000004890        634.21213016615741     
   16.344000000004890        634.99575842143759     
   16.364000000004889        645.28644865948047     
   16.384000000004889        651.70400694785303     
   16.404000000004888        658.17348345013215     
   16.424000000004888        664.57615934848457     
   16.444000000004891        670.76695586754920     
   16.464000000004891        676.83332059625354     
   16.484000000004890        682.84914387282504     
   16.504000000004890        688.81421719603895     
   16.524000000004889        694.65587344283017     
   16.544000000004889        700.13894774475853     
   16.564000000004889        705.22411798481096     
   16.584000000004888        710.34221311618774     
   16.604000000004891        715.50932166150244     
   16.624000000004891        720.67958663413776     
   16.644000000004890        725.84376759467830     
   16.664000000004890        730.96328865000112     
   16.684000000004890        736.00200193852561     
   16.704000000004889        740.97859892463237     
   16.724000000004889        745.91597163367817     
   16.744000000004888        750.82630763076850     
   16.764000000004891        755.73833569105341     
   16.784000000004891        760.71069317274419     
   16.804000000004891        765.77323054149463     
   16.824000000004890        770.97662354521538     
   16.844000000004890        776.39280431262148     
   16.864000000004889        784.48677159303872     
   16.884000000004889        792.50243290943467     
   16.904000000004888        797.97277724079163     
   16.924000000004888        803.21467563673298     
   16.944000000004891        802.78427711660754     
   16.964000000004891        809.45203057253343     
   16.984000000004890        813.52060462203826     
   17.004000000004890        820.08353685325051     
   17.024000000004889        824.28285181011154     
   17.044000000004889        828.68874181669514     
   17.064000000004889        833.25872232725430     
   17.084000000004888        837.85274943418415     
   17.104000000004891        849.77725872067322     
   17.124000000004891        853.77572922774084     
   17.144000000004890        857.82120782679658     
   17.164000000004890        861.88221294975472     
   17.184000000004890        865.91834615537994     
   17.204000000004889        869.93039964762420     
   17.224000000004889        870.95926704757790     
   17.244000000004888        876.78070249691234     
   17.264000000004891        880.75611508502880     
   17.284000000004891        893.33505076062545     
   17.304000000004891        897.42242482084305     
   17.324000000004890        901.43137596177894     
   17.344000000004890        905.11505465887967     
   17.364000000004889        908.51982625007759     
   17.384000000004889        911.91492718673226     
   17.404000000004888        915.31221995813348     
   17.424000000004892        918.71804105802232     
   17.444000000004891        922.13141482421156     
   17.464000000004891        925.51994015559478     
   17.484000000004890        928.88550603792146     
   17.504000000004890        941.42758056235289     
   17.524000000004889        944.35407180829418     
   17.544000000004889        947.15461374471681     
   17.564000000004889        949.88816063610386     
   17.584000000004888        952.56509972647859     
   17.604000000004891        955.19668567166616     
   17.624000000004891        967.61641213577093     
   17.644000000004890        970.17180717150563     
   17.664000000004890        972.70411706977040     
   17.684000000004890        975.20430414859982     
   17.704000000004889        977.67283989476596     
   17.724000000004889        980.14061913342323     
   17.744000000004888        982.46449720179362     
   17.764000000004891        984.81709532284742     
   17.784000000004891        987.07527254929073     
   17.804000000004891        989.23563304648815     
   17.824000000004890        991.29529037746272     
   17.844000000004890        993.25448814220317     
   17.864000000004889        1005.5395295365698     
   17.884000000004889        1007.1899271263668     
   17.904000000004888        1004.7819995494057     
   17.924000000004892        1006.0259239546762     
   17.944000000004891        1007.1005714970019     
   17.964000000004891        1008.0229265487810     
   17.984000000004890        1008.8037826303922     
   18.004000000004890        1009.4626809800593     
   18.024000000004889        1010.0278732665081     
   18.044000000004889        1010.5197688661916     
   18.064000000004889        1010.9457620720850     
   18.084000000004888        1011.3038937346818     
   18.104000000004891        1011.5893631558755     
   18.124000000004891        1011.8044355609488     
   18.144000000004890        1011.9599768876759     
   18.164000000004890        1009.0137103417195     
   18.184000000004890        1006.0927804128473     
   18.204000000004889        1006.5316237699727     
   18.224000000004889        1007.2170069346830     
   18.244000000004888        1008.1109874881500     
   18.264000000004891        1005.6375518424669     
   18.284000000004891        1006.7959960879354     
   18.304000000004891        1007.6707413331366     
   18.324000000004890        993.72455559746220     
   18.344000000004890        993.25720543307398     
   18.364000000004889        992.74512447556890     
   18.384000000004889        992.32836490408852     
   18.404000000004888        992.00988359404789     
   18.424000000004892        991.79362407120925     
   18.444000000004891        991.69125008563890     
   18.464000000004891        991.71340253652056     
   18.484000000004890        991.86152836209544     
   18.504000000004890        992.13149012350868     
   18.524000000004889        992.53368163553705     
   18.544000000004889        1001.0356482599501     
   18.564000000004889        1002.2111784190731     
   18.584000000004888        1003.7504771605297     
   18.604000000004891        1005.7183569317801     
   18.624000000004891        1008.0724551128415     
   18.644000000004890        1010.7758739597959     
   18.664000000004890        1013.7212674907623     
   18.684000000004890        1013.0839269269665     
   18.704000000004889        1016.1401484204506     
   18.724000000004889        1015.3239904433211     
   18.744000000004888        1026.4084130932777     
   18.764000000004891        1028.6455807679067     
   18.784000000004891        1036.1449887267736     
   18.804000000004891        1038.7124898331720     
   18.824000000004890        1041.0998741166584     
   18.844000000004890        1043.3045340052659     
   18.864000000004889        1045.2003831971913     
   18.884000000004889        1046.5238292778574     
   18.904000000004888        1047.3090493660254     
   18.924000000004892        1047.9301670862340     
   18.944000000004891        1048.6563818796217     
   18.964000000004891        1049.7045860826258     
   18.984000000004890        1051.0380522391197     
   19.004000000004890        1052.6149341232297     
   19.024000000004889        1054.3955513667809     
   19.044000000004889        1056.3404848420646     
   19.064000000004889        1058.4106188008436     
   19.084000000004888        1060.5939621354080     
   19.104000000004891        1062.9015897414120     
   19.124000000004891        1065.3437585799475     
   19.144000000004890        1067.9306646782004     
   19.164000000004890        1070.6589751324796     
   19.184000000004890        1073.5188647614814     
   19.204000000004889        1076.5026359068231     
   19.224000000004889        1079.6003773714135     
   19.244000000004888        1082.7977534639829     
   19.264000000004891        1085.9917549924808     
   19.284000000004891        1089.0856392319520     
   19.304000000004891        1092.0827763264019     
   19.324000000004890        1094.9954808243995     
   19.344000000004890        1097.8363195415347     
   19.364000000004889        1100.6053973467494     
   19.384000000004889        1103.3280192727250     
   19.404000000004888        1116.0604588504279     
   19.424000000004892        1119.0391181085479     
   19.444000000004891        1121.8088070638623     
   19.464000000004891        1136.8932381989207     
   19.484000000004890        1139.6343149221448     
   19.504000000004890        1142.3663657228101     
   19.524000000004889        1158.0658420127372     
   19.544000000004889        1160.4507483604550     
   19.564000000004889        1162.6626367717704     
   19.584000000004888        1164.7160109895601     
   19.604000000004891        1166.6375389251350     
   19.624000000004891        1168.4639887060059     
   19.644000000004890        1160.7385297127926     
   19.664000000004890        1163.0964782119656     
   19.684000000004890        1165.5577779539524     
   19.704000000004889        1180.9862535143980     
   19.724000000004889        1183.6362613972005     
