   3.3000000006722985E-002   644.21155738142261     
   5.3000000006722989E-002   644.39802365010348     
   7.3000000006722993E-002   644.62146052531261     
   9.3000000006722983E-002   644.90672738458079     
  0.11300000000672299        645.23102546801636     
  0.13300000000672299        645.31858554682083     
  0.15300000000672298        645.56996244921947     
  0.17300000000672300        645.75113227006113     
  0.19300000000672299        645.80173262490382     
  0.21300000000672298        646.28821605094970     
  0.23300000000672300        646.53568843032895     
  0.25300000000672296        646.45326514471287     
  0.27300000000672298        646.91481399614622     
  0.29300000000672299        647.31191442053205     
  0.31300000000672301        647.24480316857523     
  0.33300000000672297        647.72099669757768     
  0.35300000000672299        647.68871273984189     
  0.37300000000672301        648.32459722700617     
  0.39300000000672297        648.52469417719385     
  0.41300000000672299        649.05389087033143     
  0.43300000000672301        648.22203797806992     
  0.45300000000672297        649.28535018723335     
  0.47300000000672299        649.72213337588278     
  0.49300000000672300        649.77109258327471     
  0.51300000000672297        650.18533545527953     
  0.53300000000672298        650.32889459239345     
  0.55300000000672300        650.79626806230510     
  0.57300000000672302        650.86204295053756     
  0.59300000000672304        650.62084530282846     
  0.61300000000672294        651.10571773347363     
  0.63300000000672296        651.18429852342149     
  0.65300000000672298        650.98377835004806     
  0.67300000000672300        651.51343579950651     
  0.69300000000672302        653.50566248803534     
  0.71300000000672303        652.29704339198543     
  0.73300000000672305        653.22747013198364     
  0.75300000000672296        652.46075371268785     
  0.77300000000672298        653.49280058948636     
  0.79300000000672299        652.85088248564318     
  0.81300000000672301        653.33701690052760     
  0.83300000000672303        653.54004650650540     
  0.85300000000672305        653.14593001252342     
  0.87300000000672295        654.82893317299408     
  0.89300000000672297        655.12807184314943     
  0.91300000000672299        654.69022312885727     
  0.93300000000672301        654.97480200320604     
  0.95300000000672302        654.40434366494628     
  0.97300000000672304        656.16704788229015     
  0.99300000000672295        655.47924546468494     
   1.0130000000067230        656.16320573021267     
   1.0330000000067230        656.16597787352998     
   1.0530000000067230        655.56978283276601     
   1.0730000000067230        656.30833246934526     
   1.0930000000067230        658.45337836437488     
   1.1130000000067231        657.91293695107368     
   1.1330000000067231        656.75056090246005     
   1.1530000000067231        656.71451608193797     
   1.1730000000067231        657.94775359200401     
   1.1930000000067229        657.79147582719963     
   1.2130000000067229        658.29633728758517     
   1.2330000000067229        659.14423584686688     
   1.2530000000067230        658.94581762315988     
   1.2730000000067230        659.13115771024206     
   1.2930000000067230        658.70629180576577     
   1.3130000000067230        661.40437317182091     
   1.3330000000067230        660.40745415337869     
   1.3530000000067230        659.12622026399458     
   1.3730000000067231        659.36543323439514     
   1.3930000000067231        662.56780895063559     
   1.4130000000067231        659.94184833464374     
   1.4330000000067231        661.44452299817169     
   1.4530000000067229        660.56391583686457     
   1.4730000000067229        663.33200203891511     
   1.4930000000067229        662.52622537302375     
   1.5130000000067230        660.39499012203396     
   1.5330000000067230        661.42762583269916     
   1.5530000000067230        662.99044628661443     
   1.5730000000067230        661.82959384210676     
   1.5930000000067230        663.80719817510271     
   1.6130000000067231        664.16577559007771     
   1.6330000000067231        662.62042906160400     
   1.6530000000067231        663.14624235018130     
   1.6730000000067231        664.18078038991894     
   1.6930000000067231        664.54540040740665     
   1.7130000000067229        662.88705727075592     
   1.7330000000067229        663.63282033716564     
   1.7530000000067230        663.94337935633416     
   1.7730000000067230        664.44354257912664     
   1.7930000000067230        665.15346341728980     
   1.8130000000067230        668.14391124109841     
   1.8330000000067230        668.46200164876780     
   1.8530000000067230        669.15202464459787     
   1.8730000000067231        669.21481028752419     
   1.8930000000067231        668.44013173360042     
   1.9130000000067231        667.27397384486426     
   1.9330000000067231        667.37449714644765     
   1.9530000000067229        668.53670650766458     
   1.9730000000067229        670.68097834891500     
   1.9930000000067229        668.15840053861484     
   2.0130000000067230        669.01876165229794     
   2.0330000000067230        669.94478686295508     
   2.0530000000067230        668.72173638886375     
   2.0730000000067230        666.87301388643914     
   2.0930000000067230        666.23395098571689     
   2.1130000000067231        667.79016408219786     
   2.1330000000067231        669.49180059855598     
   2.1530000000067231        670.79962598395014     
   2.1730000000067231        671.92217247189535     
   2.1930000000067231        670.06852407028180     
   2.2130000000067231        673.20771029536661     
   2.2330000000067232        673.66216193819321     
   2.2530000000067232        671.15965459398569     
   2.2730000000067232        669.57802067847081     
   2.2930000000067232        669.75795406807856     
   2.3130000000067232        669.69306694463785     
   2.3330000000067233        671.07130311361425     
   2.3530000000067228        671.00406510859830     
   2.3730000000067228        673.42877127928398     
   2.3930000000067229        673.22349046623310     
   2.4130000000067229        672.91274154513201     
   2.4330000000067229        675.78895485960868     
   2.4530000000067229        676.75313833789903     
   2.4730000000067229        676.23528336244613     
   2.4930000000067229        678.08744283545434     
   2.5130000000067230        674.92684262712442     
   2.5330000000067230        674.90328759271188     
   2.5530000000067230        671.15325646703855     
   2.5730000000067230        671.60113243836611     
   2.5930000000067230        671.17682982947008     
   2.6130000000067231        672.39403598072408     
   2.6330000000067231        672.60586277740629     
   2.6530000000067231        673.43606375944807     
   2.6730000000067231        679.16019429128016     
   2.6930000000067231        677.86969030953333     
   2.7130000000067231        682.90208401729501     
   2.7330000000067232        685.57847608389432     
   2.7530000000067232        679.11356761487559     
   2.7730000000067232        681.84226719771937     
   2.7930000000067232        678.93953602987438     
   2.8130000000067232        675.91491689973270     
   2.8330000000067233        675.32050341106356     
   2.8530000000067228        676.03170512853205     
   2.8730000000067228        677.27041201277473     
   2.8930000000067229        681.19212594353178     
   2.9130000000067229        678.86181273222769     
   2.9330000000067229        683.01003403180971     
   2.9530000000067229        683.31530707684874     
   2.9730000000067229        678.24021735266649     
   2.9930000000067229        677.90604025315395     
   3.0130000000067230        676.09364403558891     
   3.0330000000067230        675.94776951486892     
   3.0530000000067230        680.52939209211513     
   3.0730000000067230        684.94454275281009     
   3.0930000000067230        686.56369888637221     
   3.1130000000067231        690.40998012301623     
   3.1330000000067231        691.01974772469111     
   3.1530000000067231        690.73583607585715     
   3.1730000000067231        690.82213153401938     
   3.1930000000067231        690.26177124629908     
   3.2130000000067231        688.86207947302739     
   3.2330000000067232        685.61974271723841     
   3.2530000000067232        681.69706502762915     
   3.2730000000067232        683.09159614300063     
   3.2930000000067232        675.57076041330492     
   3.3130000000067232        678.24029329188943     
   3.3330000000067233        680.17476476402987     
   3.3530000000067233        682.24404524592751     
   3.3730000000067228        681.56146920826416     
   3.3930000000067229        682.18577459985738     
   3.4130000000067229        685.18401533980784     
   3.4330000000067229        685.70763575688193     
   3.4530000000067229        686.26788627675910     
   3.4730000000067229        689.61712041523026     
   3.4930000000067229        687.07014465784766     
   3.5130000000067230        688.45638308325192     
   3.5330000000067230        686.89027455370740     
   3.5530000000067230        690.46199343434000     
   3.5730000000067230        687.46762996346217     
   3.5930000000067230        687.71099039643093     
   3.6130000000067231        690.55212280931607     
   3.6330000000067231        690.62456133204250     
   3.6530000000067231        692.80119625552595     
   3.6730000000067231        695.45437769919920     
   3.6930000000067231        696.61309658322239     
   3.7130000000067231        695.55006238880435     
   3.7330000000067232        695.24143665210590     
   3.7530000000067232        694.94976572774442     
   3.7730000000067232        692.35740985333371     
   3.7930000000067232        690.15285711015849     
   3.8130000000067232        691.57296727375444     
   3.8330000000067233        686.92237620227536     
   3.8530000000067233        684.22337962203085     
   3.8730000000067228        686.69439925785173     
   3.8930000000067229        685.13502471457821     
   3.9130000000067229        685.79997766530641     
   3.9330000000067229        687.91480693158940     
   3.9530000000067229        688.18872605438321     
   3.9730000000067229        685.60978949918342     
   3.9930000000067229        688.07208137261546     
   4.0130000000067234        691.81369067053413     
   4.0330000000067230        691.61526048807696     
   4.0530000000067234        692.36374515159605     
   4.0730000000067230        694.46314406974830     
   4.0930000000067235        697.74240396374262     
   4.1130000000067231        695.84010747830575     
   4.1330000000067226        696.59039429597351     
   4.1530000000067231        699.56926724227162     
   4.1730000000067227        700.86649991204706     
   4.1930000000067231        699.17893324554166     
   4.2130000000067227        700.26255133124573     
   4.2330000000067232        702.84670462316376     
   4.2530000000067227        704.72697604941879     
   4.2730000000067232        706.17248685042011     
   4.2930000000067228        708.05955096131595     
   4.3130000000067232        709.90077797444849     
   4.3330000000067228        708.63816418289707     
   4.3530000000067233        710.49529448426426     
   4.3730000000067228        708.14283827039128     
   4.3930000000067233        704.87598072012850     
   4.4130000000067229        705.80997599941861     
   4.4330000000067233        705.85524302227395     
   4.4530000000067229        703.84534999788264     
   4.4730000000067234        703.04468703223392     
   4.4930000000067229        695.90134385319186     
   4.5130000000067234        692.08630926212413     
   4.5330000000067230        691.80083268565545     
   4.5530000000067234        689.69219184368944     
   4.5730000000067230        691.25110032892883     
   4.5930000000067235        689.49700662262455     
   4.6130000000067231        690.63813578174802     
   4.6330000000067235        693.61936307394660     
   4.6530000000067231        696.47264322807393     
   4.6730000000067227        698.86518823399877     
   4.6930000000067231        701.96700314590953     
   4.7130000000067227        700.96513810839281     
   4.7330000000067232        704.66644743922893     
   4.7530000000067227        705.65617289696559     
   4.7730000000067232        707.88968234447191     
   4.7930000000067228        710.06276529247646     
   4.8130000000067232        714.12324818379568     
   4.8330000000067228        714.26622273429291     
   4.8530000000067233        715.34640014717093     
   4.8730000000067228        715.59980494223498     
   4.8930000000067233        713.07108858798210     
   4.9130000000067229        715.26100508468846     
   4.9330000000067233        711.75086949684271     
   4.9530000000067229        712.02289324616288     
   4.9730000000067234        713.05395418512717     
   4.9930000000067229        711.76112327082012     
   5.0130000000067234        710.09943584883217     
   5.0330000000067230        711.97480243672226     
   5.0530000000067234        706.80012119388914     
   5.0730000000067230        707.96160206107766     
   5.0930000000067235        704.64237825599866     
   5.1130000000067231        706.50052209312730     
   5.1330000000067235        707.55064084996161     
   5.1530000000067231        708.76124363412907     
   5.1730000000067227        706.36155379990248     
   5.1930000000067231        708.14118964060583     
   5.2130000000067227        710.07994437726745     
   5.2330000000067232        714.38005240699215     
   5.2530000000067227        714.52310182755218     
   5.2730000000067232        716.19056966186713     
   5.2930000000067228        715.98018245907849     
   5.3130000000067232        718.34929125417761     
   5.3330000000067228        724.39478584278936     
   5.3530000000067233        726.47294324204972     
   5.3730000000067228        725.48401503711455     
   5.3930000000067233        722.98769462630514     
   5.4130000000067229        725.90946404114277     
   5.4330000000067233        730.79372458471551     
   5.4530000000067229        732.62094560165951     
   5.4730000000067234        729.63712277178490     
   5.4930000000067229        723.72359557035111     
   5.5130000000067234        723.27384185834228     
   5.5330000000067230        723.17994068859377     
   5.5530000000067234        722.79761765742251     
   5.5730000000067230        720.83604467401187     
   5.5930000000067235        716.80697569380868     
   5.6130000000067231        715.09126685484796     
   5.6330000000067235        711.28723098981322     
   5.6530000000067231        709.65736821494284     
   5.6730000000067227        711.14767501500114     
   5.6930000000067231        709.06217000920185     
   5.7130000000067227        709.83501500621571     
   5.7330000000067232        709.17332655698101     
   5.7530000000067227        708.30498836369350     
   5.7730000000067232        710.75444647709526     
   5.7930000000067228        712.19712852701718     
   5.8130000000067232        712.66094574416047     
   5.8330000000067228        712.01645652411059     
   5.8530000000067233        712.66564232455994     
   5.8730000000067228        713.57131461769029     
   5.8930000000067233        714.95908322738012     
   5.9130000000067229        716.18666978093916     
   5.9330000000067233        710.58402245536627     
   5.9530000000067229        707.82600505813730     
   5.9730000000067234        706.96376636959189     
   5.9930000000067229        707.69721299601611     
   6.0130000000067234        707.79325652894988     
   6.0330000000067230        702.84973569803901     
   6.0530000000067234        703.46388223070448     
   6.0730000000067230        704.54939923505628     
   6.0930000000067235        709.64831416596132     
   6.1130000000067231        709.78281941112527     
   6.1330000000067235        713.61142158775601     
   6.1530000000067231        716.78528310638535     
   6.1730000000067236        712.79317165200246     
   6.1930000000067231        715.15932281564028     
   6.2130000000067227        716.68238104703278     
   6.2330000000067232        720.10466613012181     
   6.2530000000067227        719.15830618475184     
   6.2730000000067232        720.76871596650972     
   6.2930000000067228        716.22188539892466     
   6.3130000000067232        720.15115284101250     
   6.3330000000067228        726.35474634785726     
   6.3530000000067233        728.35897080363634     
   6.3730000000067228        731.92843045591826     
   6.3930000000067233        730.98128089825309     
   6.4130000000067229        734.07468736228020     
   6.4330000000067233        733.94283193038143     
   6.4530000000067229        737.10268965816681     
   6.4730000000067234        739.08297715532444     
   6.4930000000067229        738.66750252054919     
   6.5130000000067234        740.98047620436319     
   6.5330000000067230        740.40159506636724     
   6.5530000000067234        744.41108170644577     
   6.5730000000067230        746.15799549289204     
   6.5930000000067235        748.67552880884637     
   6.6130000000067231        750.44596787946750     
   6.6330000000067235        753.31815353960042     
   6.6530000000067231        756.19180025443575     
   6.6730000000067236        757.11964436181324     
   6.6930000000067231        759.65583080438148     
   6.7130000000067227        758.52181968200478     
   6.7330000000067232        760.12322434082273     
   6.7530000000067227        761.41792942038728     
   6.7730000000067232        763.74677321280672     
   6.7930000000067228        764.62662925843301     
   6.8130000000067232        765.31317974596277     
   6.8330000000067228        767.04667458120377     
   6.8530000000067233        768.52553495879977     
   6.8730000000067228        767.79340142445574     
   6.8930000000067233        767.74486650348558     
   6.9130000000067229        767.97629882341710     
   6.9330000000067233        769.02956633755059     
   6.9530000000067229        770.10297787949980     
   6.9730000000067234        769.82455535027418     
   6.9930000000067229        763.39837875262481     
   7.0130000000067234        764.10518176256346     
   7.0330000000067230        765.74440811501211     
   7.0530000000067234        757.51895984349892     
   7.0730000000067230        756.60627888793692     
   7.0930000000067235        756.75391632230264     
   7.1130000000067231        761.62320539813334     
   7.1330000000067235        754.71076309701232     
   7.1530000000067231        752.90038274485119     
   7.1730000000067236        754.28841672707483     
   7.1930000000067231        750.80364546290537     
   7.2130000000067227        753.48887226336581     
   7.2330000000067232        753.33825159144044     
   7.2530000000067227        753.79816376739029     
   7.2730000000067232        754.41440055574560     
   7.2930000000067228        758.73914514470164     
   7.3130000000067232        755.35946489172625     
   7.3330000000067228        757.88610155961862     
   7.3530000000067233        759.04944150978008     
   7.3730000000067228        755.71758001670480     
   7.3930000000067233        756.75399767374552     
   7.4130000000067229        757.86436625587794     
   7.4330000000067233        757.71010214435842     
   7.4530000000067229        758.78548868235737     
   7.4730000000067234        754.32956695105452     
   7.4930000000067229        756.56801462912222     
   7.5130000000067234        752.20568167434578     
   7.5330000000067230        745.20484337201356     
   7.5530000000067234        747.69578922997061     
   7.5730000000067230        748.19323516164354     
   7.5930000000067235        746.64020877627877     
   7.6130000000067231        747.30295983251744     
   7.6330000000067235        751.23195889191049     
   7.6530000000067231        747.23538620959027     
   7.6730000000067236        738.20802410860631     
   7.6930000000067231        738.80293670550270     
   7.7130000000067227        735.93598568349603     
   7.7330000000067232        741.76195749389785     
   7.7530000000067227        743.29088585792852     
   7.7730000000067232        744.37887972674275     
   7.7930000000067228        742.15219934977870     
   7.8130000000067232        742.50245717786538     
   7.8330000000067228        742.56641233985499     
   7.8530000000067233        745.69879580943064     
   7.8730000000067228        744.19415180533042     
   7.8930000000067233        745.01299412020637     
   7.9130000000067229        742.92428066047819     
   7.9330000000067233        743.33739780683254     
   7.9530000000067229        742.87044031533469     
   7.9730000000067234        746.36748055214548     
   7.9930000000067229        749.89612789089608     
   8.0130000000067234        750.12984149725412     
   8.0330000000067230        754.12800128031961     
   8.0530000000067226        753.10720421005203     
   8.0730000000067239        753.99438934488023     
   8.0930000000067235        754.60543229824339     
   8.1130000000067231        755.26917379078611     
   8.1330000000067226        757.44813775520856     
   8.1530000000067240        757.07867848978219     
   8.1730000000067236        758.26310183052237     
   8.1930000000067231        759.74156177680777     
   8.2130000000067227        755.10197866059775     
   8.2330000000067223        751.81217916360902     
   8.2530000000067236        752.27608803751548     
   8.2730000000067232        751.56570805082481     
   8.2930000000067228        753.55118784652734     
   8.3130000000067223        756.72280979622894     
   8.3330000000067237        751.80452314077229     
   8.3530000000067233        751.81824494361751     
   8.3730000000067228        751.89644441398866     
   8.3930000000067224        747.61417190057887     
   8.4130000000067238        750.10055420439846     
   8.4330000000067233        750.46310255122148     
   8.4530000000067229        751.43045807096678     
   8.4730000000067225        750.37776832892223     
   8.4930000000067238        750.58717874448212     
   8.5130000000067234        752.23565993810348     
   8.5330000000067230        756.56563170751247     
   8.5530000000067226        756.80705463485390     
   8.5730000000067239        759.90312026482468     
   8.5930000000067235        762.28010572163453     
   8.6130000000067231        762.45052124672441     
   8.6330000000067226        763.76637001945664     
   8.6530000000067240        763.91180036125149     
   8.6730000000067236        765.57136734332244     
   8.6930000000067231        766.87058481121380     
   8.7130000000067227        766.54637007600866     
   8.7330000000067241        764.09869483423188     
   8.7530000000067236        764.05322501702983     
   8.7730000000067232        764.23771192266247     
   8.7930000000067228        764.54117392863452     
   8.8130000000067223        766.05461186935997     
   8.8330000000067237        765.16480268429154     
   8.8530000000067233        768.36881291397049     
   8.8730000000067228        769.78185005262708     
   8.8930000000067224        769.77729387277213     
   8.9130000000067238        760.47290002661646     
   8.9330000000067233        761.66881938942277     
   8.9530000000067229        758.58204885067005     
   8.9730000000067225        758.32834167157273     
   8.9930000000067238        758.23492415901978     
   9.0130000000067234        759.56651675046214     
   9.0330000000067230        760.94269357418375     
   9.0530000000067226        755.91049642392215     
   9.0730000000067239        756.23987284322664     
   9.0930000000067235        759.11081831997512     
   9.1130000000067231        760.78232973348463     
   9.1330000000067226        763.21405239640626     
   9.1530000000067240        765.79022391231945     
   9.1730000000067236        766.97329517245794     
   9.1930000000067231        769.66293578717318     
   9.2130000000067227        773.11732860686709     
   9.2330000000067241        774.25007586406696     
   9.2530000000067236        777.00946787448152     
   9.2730000000067232        779.73160004635292     
   9.2930000000067228        780.89989784588897     
   9.3130000000067223        782.24873349849690     
   9.3330000000067237        783.70802583408260     
   9.3530000000067233        785.18575880453750     
   9.3730000000067228        789.50318632487506     
   9.3930000000067224        790.84163108981772     
   9.4130000000067238        792.37376008180399     
   9.4330000000067233        788.21274315296591     
   9.4530000000067229        790.93953970691643     
   9.4730000000067225        792.64630807597075     
   9.4930000000067238        796.36290972887764     
   9.5130000000067234        797.15199225769379     
   9.5330000000067230        796.69500411600393     
   9.5530000000067226        799.44481760808935     
   9.5730000000067239        802.02443122606894     
   9.5930000000067235        799.68541695432032     
   9.6130000000067231        800.74998156662070     
   9.6330000000067226        796.90768943771786     
   9.6530000000067240        795.39107342004058     
   9.6730000000067236        796.38788783849191     
   9.6930000000067231        796.83832759226459     
   9.7130000000067227        797.24109392826654     
   9.7330000000067241        795.64332803868558     
   9.7530000000067236        796.02199765678097     
   9.7730000000067232        798.02274462566368     
   9.7930000000067228        794.52906131617056     
   9.8130000000067223        794.42030796480731     
   9.8330000000067237        794.11910191110633     
   9.8530000000067233        787.98741516908160     
   9.8730000000067228        783.99669694215504     
   9.8930000000067224        783.87387830041291     
   9.9130000000067238        783.59640763621360     
   9.9330000000067233        785.29930766428993     
   9.9530000000067229        788.11963558222533     
   9.9730000000067225        789.97378176841301     
   9.9930000000067238        785.12381768905414     
   10.013000000006723        785.02768196641762     
   10.033000000006723        785.83557851291823     
   10.053000000006723        788.48832341030652     
   10.073000000006724        783.92574114916385     
   10.093000000006723        783.77986091359901     
   10.113000000006723        781.44277243475619     
   10.133000000006723        781.48365436225833     
   10.153000000006724        783.42136203422262     
   10.173000000006724        783.59776737795994     
   10.193000000006723        785.71728575757811     
   10.213000000006723        785.99590035038614     
   10.233000000006724        786.33533325788687     
   10.253000000006724        786.76251544004049     
   10.273000000006723        787.22886514617323     
   10.293000000006723        788.95752663077349     
   10.313000000006722        788.10675594732709     
   10.333000000006724        788.75634951661959     
   10.353000000006723        789.46220778157397     
   10.373000000006723        791.02176674516943     
   10.393000000006722        791.78722826587705     
   10.413000000006724        792.57280834931089     
   10.433000000006723        793.39620233543724     
   10.453000000006723        797.20261546466122     
   10.473000000006722        794.66935444861610     
   10.493000000006724        795.59328390569237     
   10.513000000006723        796.55294084949946     
   10.533000000006723        798.67877704890543     
   10.553000000006723        800.71857597445012     
   10.573000000006724        801.54910192133525     
   10.593000000006723        800.84973543169895     
   10.613000000006723        802.75395729212630     
   10.633000000006723        805.32552511791073     
   10.653000000006724        814.01602984825342     
   10.673000000006724        815.83884541147211     
   10.693000000006723        817.55508175844398     
   10.713000000006723        820.37719055502203     
   10.733000000006724        822.11612887945682     
   10.753000000006724        822.39876896573014     
   10.773000000006723        823.03928114730513     
   10.793000000006723        825.93015466731219     
   10.813000000006722        826.52371584109915     
   10.833000000006724        832.05532133806093     
   10.853000000006723        836.76940693709753     
   10.873000000006723        837.31689318934264     
   10.893000000006722        839.13563744275427     
   10.913000000006724        839.99787159942218     
   10.933000000006723        840.65872923117081     
   10.953000000006723        834.51642327657635     
   10.973000000006722        834.66366808311989     
   10.993000000006724        835.34368728075037     
   11.013000000006723        838.19528855548924     
   11.033000000006723        838.61479658609517     
   11.053000000006723        834.26340726247429     
   11.073000000006724        836.56957682188045     
   11.093000000006723        835.29177141665025     
   11.113000000006723        835.20909937501108     
   11.133000000006723        835.08960002431843     
   11.153000000006724        836.48589195659599     
   11.173000000006724        836.24687098014238     
   11.193000000006723        829.04617547217094     
   11.213000000006723        830.26424881519006     
   11.233000000006724        828.37644125173051     
   11.253000000006724        820.98315928492593     
   11.273000000006723        813.51607648272329     
   11.293000000006723        815.24185070876740     
   11.313000000006722        814.85149839268320     
   11.333000000006724        814.46749352446159     
   11.353000000006723        813.90394687944433     
   11.373000000006723        806.18567480049467     
   11.393000000006722        805.48651123699142     
   11.413000000006724        803.07294300581918     
   11.433000000006723        802.06208941926604     
   11.453000000006723        802.95979566729386     
   11.473000000006722        796.34607794712372     
   11.493000000006724        787.73095887029410     
   11.513000000006723        788.23709111359244     
   11.533000000006723        786.72069806897127     
   11.553000000006723        785.18628076942173     
   11.573000000006724        783.48607993030942     
   11.593000000006723        783.28561713358965     
   11.613000000006723        781.50717536452942     
   11.633000000006723        779.88218565996419     
   11.653000000006724        771.11275017545609     
   11.673000000006724        768.99621080092766     
   11.693000000006723        766.66951798581863     
   11.713000000006723        762.80039506981313     
   11.733000000006724        760.39125512276735     
   11.753000000006724        757.96102149436354     
   11.773000000006723        757.29387678089086     
   11.793000000006723        754.60645669629548     
   11.813000000006722        751.92996821672489     
   11.833000000006724        748.79416086607182     
   11.853000000006723        739.02301069140026     
   11.873000000006723        728.21596296112500     
   11.893000000006722        718.12886496298518     
   11.913000000006724        712.04144068019320     
   11.933000000006723        710.48644124226234     
   11.953000000006723        708.50231990142413     
   11.973000000006722        705.97641481248581     
   11.993000000006724        702.04176048317845     
   12.013000000006723        695.83011500856287     
   12.033000000006723        691.83443051359097     
   12.053000000006723        679.10516890872327     
   12.073000000006724        669.62021492662814     
   12.093000000006723        665.63477522129494     
   12.113000000006723        660.98910014378816     
   12.133000000006723        659.92388431326913     
   12.153000000006724        655.19248362886947     
   12.173000000006724        652.30928854854244     
   12.193000000006723        647.62675425549310     
   12.213000000006723        641.15113182546088     
   12.233000000006724        638.26813812262890     
   12.253000000006724        633.72515575083162     
   12.273000000006723        630.57284858137814     
   12.293000000006723        625.26163202446583     
   12.313000000006724        616.43701246390322     
   12.333000000006724        600.28320182908215     
   12.353000000006723        595.51862946268432     
   12.373000000006723        590.49754051650359     
   12.393000000006722        585.33871692412686     
   12.413000000006724        577.72409933593758     
   12.433000000006723        574.40119547497090     
   12.453000000006723        571.01568199670260     
   12.473000000006722        565.66130791924138     
   12.493000000006724        554.25344966397017     
   12.513000000006723        548.39737787978470     
   12.533000000006723        542.62778226530656     
   12.553000000006723        528.09617800546766     
   12.573000000006724        522.12566427961531     
   12.593000000006723        509.38749782077673     
   12.613000000006723        503.58008106791345     
   12.633000000006723        494.88937293132136     
   12.653000000006724        492.08956001696828     
   12.673000000006724        486.59843972242265     
   12.693000000006723        480.87816594484644     
   12.713000000006723        472.17458543326228     
   12.733000000006724        466.43846583389137     
   12.753000000006724        462.12276032231438     
   12.773000000006723        448.19705431251737     
   12.793000000006723        442.39343654245118     
   12.813000000006724        436.47446666834782     
   12.833000000006724        430.40545723664957     
   12.853000000006723        416.56206803272352     
   12.873000000006723        408.98487209155115     
   12.893000000006722        403.09870640949225     
   12.913000000006724        397.19421901806271     
   12.933000000006723        389.40638626616646     
   12.953000000006723        383.44964599670959     
   12.973000000006722        377.37370495671752     
   12.993000000006724        364.07534304937809     
   13.013000000006723        357.75716100463364     
   13.033000000006723        351.39068136311255     
   13.053000000006723        338.45302017568889     
   13.073000000006724        332.04535839905890     
   13.093000000006723        326.56426579985470     
   13.113000000006723        314.17055957566072     
   13.133000000006723        307.89902934801376     
   13.153000000006724        301.78332243461892     
   13.173000000006724        295.81349565821483     
   13.193000000006723        289.68633414771415     
   13.213000000006723        283.36616402727191     
   13.233000000006724        277.06493434102549     
   13.253000000006724        268.00624617597180     
   13.273000000006723        261.70656145295322     
   13.293000000006723        256.22565625068216     
   13.313000000006724        250.19570860533645     
   13.333000000006724        244.16018183872293     
   13.353000000006723        238.18251273579745     
   13.373000000006723        232.26556359437342     
   13.393000000006722        225.54484446428745     
   13.413000000006724        212.05474862812738     
   13.433000000006723        196.60088406986949     
   13.453000000006723        190.68018328180045     
   13.473000000006722        184.87900816430749     
   13.493000000006724        179.20449576701566     
   13.513000000006723        173.61540997568090     
   13.533000000006723        168.14706679608108     
   13.553000000006723        162.64549873638080     
   13.573000000006724        157.18774314780376     
   13.593000000006723        151.79141781687858     
   13.613000000006723        146.46788977207214     
   13.633000000006723        141.19894782910288     
   13.653000000006724        131.29101111210284     
   13.673000000006724        124.28287863959257     
   13.693000000006723        119.32297126561924     
   13.713000000006723        114.45185119448004     
   13.733000000006724        109.67316879148615     
   13.753000000006724        104.94490684190177     
   13.773000000006723        100.27338887418664     
   13.793000000006723        95.675082991479997     
   13.813000000006724        91.162226861704994     
   13.833000000006724        86.736443992444435     
   13.853000000006723        82.409732866135485     
   13.873000000006723        78.298808533700338     
   13.893000000006722        74.176922592836547     
   13.913000000006724        70.150618949148367     
   13.933000000006723        66.228641015141847     
   13.953000000006723        62.425468293059502     
   13.973000000006722        58.745850948154200     
   13.993000000006724        55.193047154193025     
   14.013000000006723        51.761052022862479     
   14.033000000006723        48.449790809270972     
   14.053000000006723        45.353367273219341     
   14.073000000006724        42.238552048001175     
   14.093000000006723        39.236069640791960     
   14.113000000006723        36.351797056496572     
   14.133000000006723        33.551940612853038     
   14.153000000006724        30.843059771848708     
   14.173000000006724        28.229091683781977     
   14.193000000006723        25.714067557522050     
   14.213000000006723        23.136593146032723     
   14.233000000006724        20.834165154787438     
   14.253000000006724        18.652498451930100     
   14.273000000006723        16.606932109250746     
   14.293000000006723        14.715877792099015     
   14.313000000006724        12.960034208536346     
   14.333000000006724        11.318628830831230     
   14.353000000006723        9.6029068097444945     
   14.373000000006723        8.1752145350665835     
   14.393000000006722        6.8941648721630786     
   14.413000000006724        5.6592772173061228     
   14.433000000006723        4.6080912786273851     
   14.453000000006723        3.7009783209103420     
   14.473000000006722        2.8628487183046158     
   14.493000000006724        2.1607337343642636     
   14.513000000006723        1.5690318885507963     
   14.533000000006723        1.0911463890716957     
   14.553000000006723       0.72861393192386603     
   14.573000000006724       0.47872703839279912     
   14.593000000006723       0.33974656945748083     
   14.613000000006723       0.31586058090311853     
   14.633000000006723       0.40780155764211823     
   14.653000000006724       0.62262760726762045     
   14.673000000006724       0.96033673203934755     
   14.693000000006723        1.4124016872548641     
   14.713000000006723        1.9807427727165041     
   14.733000000006724        2.6642489948112957     
   14.753000000006724        3.4374191795686189     
   14.773000000006723        4.3318706756315990     
   14.793000000006723        5.3657521042632812     
   14.813000000006724        6.5239996927899506     
   14.833000000006724        7.8391833896938525     
   14.853000000006723        9.2986117546371716     
   14.873000000006723        10.921353341341318     
   14.893000000006722        12.627119544719616     
   14.913000000006724        14.471314761167642     
   14.933000000006723        16.447886603868120     
   14.953000000006723        18.544866261084863     
   14.973000000006722        20.763681476773439     
   14.993000000006724        23.108421778941675     
   15.013000000006723        25.578211623062092     
   15.033000000006723        28.170357948183447     
   15.053000000006723        30.852261700804384     
   15.073000000006724        33.770545063416584     
   15.093000000006723        36.719280279250420     
   15.113000000006723        39.805801833503757     
   15.133000000006723        43.025885784863739     
   15.153000000006724        46.367766357110540     
   15.173000000006724        49.841356127686609     
   15.193000000006723        53.432547810540200     
   15.213000000006723        57.111548221279826     
   15.233000000006724        60.946193719118241     
   15.253000000006724        64.706479974864550     
   15.273000000006723        68.644673769522655     
   15.293000000006723        72.708278081209642     
   15.313000000006724        76.891820314835499     
   15.333000000006724        81.198771736957326     
   15.353000000006723        85.604330502225565     
   15.373000000006723        90.171152434120515     
   15.393000000006722        94.866638986890095     
   15.413000000006724        99.671038416494909     
   15.433000000006723        103.87179807236660     
   15.453000000006723        108.95324123089665     
   15.473000000006722        113.99445532635187     
   15.493000000006724        119.14191398741127     
   15.513000000006723        124.48455488580163     
   15.533000000006723        129.93523516973036     
   15.553000000006723        135.38263131056013     
   15.573000000006724        140.87703648877820     
   15.593000000006723        146.12365437924549     
   15.613000000006723        151.31345621391657     
   15.633000000006723        156.74576989490706     
   15.653000000006724        162.20786521030786     
   15.673000000006724        168.03765968490202     
   15.693000000006723        174.24448965502432     
   15.713000000006723        180.28869542796693     
   15.733000000006724        186.29539105326512     
   15.753000000006724        192.50782973818409     
   15.773000000006723        195.99511694726411     
   15.793000000006723        202.18114588606753     
   15.813000000006724        207.42092510331483     
   15.833000000006724        209.45564246115592     
   15.853000000006723        215.80934408891153     
   15.873000000006723        218.36766905603696     
   15.893000000006724        220.98688519595572     
   15.913000000006724        226.77398564208949     
   15.933000000006723        233.74192439041391     
   15.953000000006723        240.08063336441938     
   15.973000000006722        247.09841715703288     
   15.993000000006724        254.44556718338231     
   16.013000000006723        255.06690206173772     
   16.033000000006723        260.79953578745659     
   16.053000000006723        267.40631284813543     
   16.073000000006722        274.03493316207562     
   16.093000000006722        268.75649906430635     
   16.113000000006725        275.75521487906502     
   16.133000000006724        282.44654804208102     
   16.153000000006724        288.85733192213610     
   16.173000000006724        295.30407386939936     
   16.193000000006723        301.92018150907313     
   16.213000000006723        308.57871502845813     
   16.233000000006722        315.30473725127069     
   16.253000000006722        321.93742240602506     
   16.273000000006725        328.58601924317122     
   16.293000000006725        335.17398225454087     
   16.313000000006724        341.72230003734256     
   16.333000000006724        348.26262829403237     
   16.353000000006723        354.50640363880183     
   16.373000000006723        362.12651512088877     
   16.393000000006722        368.26636052142101     
   16.413000000006722        376.05738469008531     
   16.433000000006722        364.12866232618768     
   16.453000000006725        358.41168669960189     
   16.473000000006724        365.09361225288205     
   16.493000000006724        371.52791276474306     
   16.513000000006723        377.86600536351557     
   16.533000000006723        384.29360385425827     
   16.553000000006723        390.78548833755872     
   16.573000000006722        397.29567980104747     
   16.593000000006722        405.57059117774440     
   16.613000000006725        415.56991184551475     
   16.633000000006724        421.95872845873868     
   16.653000000006724        424.24190384212011     
   16.673000000006724        419.42024823858293     
   16.693000000006723        425.71318781781122     
   16.713000000006723        431.97612531149343     
   16.733000000006722        438.20851452042723     
   16.753000000006722        444.42660842512890     
   16.773000000006725        450.63388648742801     
   16.793000000006725        444.77558196979419     
   16.813000000006724        453.78329577004769     
   16.833000000006724        459.96849877680847     
   16.853000000006723        468.34774860410715     
   16.873000000006723        474.51832049669008     
   16.893000000006722        480.66297726155443     
   16.913000000006722        487.38204446635513     
   16.933000000006722        493.53256120901727     
   16.953000000006725        499.72570166189257     
   16.973000000006724        505.96613732716992     
   16.993000000006724        514.64383907376850     
   17.013000000006723        520.84281837758897     
   17.033000000006723        526.92952697459100     
   17.053000000006723        533.06585124234834     
   17.073000000006722        539.24140285263354     
   17.093000000006722        545.42490496835433     
   17.113000000006725        551.59304654632933     
   17.133000000006724        557.72535817020844     
   17.153000000006724        566.08958170292681     
   17.173000000006724        572.12123637683794     
   17.193000000006723        580.16103510637561     
   17.213000000006723        586.03874525586718     
   17.233000000006722        591.88661663876553     
   17.253000000006722        597.70886006802561     
   17.273000000006725        603.51056236392753     
   17.293000000006725        609.28846338305959     
   17.313000000006724        615.05548399482836     
   17.333000000006724        620.80935769233088     
   17.353000000006723        626.40978258447444     
   17.373000000006723        631.65226827829099     
   17.393000000006722        636.62223795669581     
   17.413000000006722        641.54587468424802     
   17.433000000006725        646.47435290087844     
   17.453000000006725        644.75689276482410     
   17.473000000006724        649.76430529803963     
   17.493000000006724        654.78710577764389     
   17.513000000006723        659.86769998414252     
   17.533000000006723        665.05283286262932     
   17.553000000006723        670.37322721424971     
   17.573000000006722        675.70058397208334     
   17.593000000006722        680.81846236697152     
   17.613000000006725        685.72358074435635     
   17.633000000006724        690.37821707644912     
   17.653000000006724        695.00983138000390     
   17.673000000006724        699.74243172931597     
   17.693000000006723        704.52871907151712     
   17.713000000006723        709.29756038535675     
   17.733000000006722        716.97402232311140     
   17.753000000006722        721.55459078354215     
   17.773000000006725        726.00523001126999     
   17.793000000006725        730.32818879710749     
   17.813000000006724        723.21268498796280     
   17.833000000006724        715.94967413854431     
   17.853000000006723        720.08533723278981     
   17.873000000006723        718.42421303386800     
   17.893000000006722        726.06371731285071     
   17.913000000006722        727.80942143007144     
   17.933000000006725        731.61334636222728     
   17.953000000006725        735.43533717085666     
   17.973000000006724        739.29588949232516     
   17.993000000006724        743.18834049897225     
   18.013000000006723        747.08261859040078     
   18.033000000006723        754.06985928633014     
   18.053000000006723        757.95106531572253     
   18.073000000006722        748.04345700019803     
   18.093000000006722        751.88932798282599     
   18.113000000006725        755.72024299227553     
   18.133000000006724        759.54725293899946     
   18.153000000006724        763.38228628264676     
   18.173000000006724        770.08906606426945     
   18.193000000006723        773.76448036473198     
   18.213000000006723        781.77304577680366     
   18.233000000006722        784.62688406716291     
   18.253000000006722        792.76451781837216     
   18.273000000006725        797.05582691609504     
   18.293000000006725        801.37973851361164     
   18.313000000006724        805.73464339823261     
   18.333000000006724        810.12026431576089     
   18.353000000006723        818.47999052499063     
   18.373000000006723        822.99470348911575     
   18.393000000006722        827.35112135842542     
   18.413000000006722        831.57778106590411     
   18.433000000006725        838.42158322512705     
   18.453000000006725        842.66896048587535     
   18.473000000006724        846.90746230624939     
   18.493000000006724        851.11959736541110     
   18.513000000006723        855.29911028802962     
   18.533000000006723        859.44337920912426     
   18.553000000006723        863.53901651202921     
   18.573000000006722        867.58186019616073     
   18.593000000006722        871.58033112343605     
   18.613000000006725        875.54615117439448     
   18.633000000006724        879.50341403705386     
   18.653000000006724        883.48138825742706     
   18.673000000006724        887.49473726048768     
   18.693000000006723        891.52234197985842     
   18.713000000006723        899.88488475805195     
   18.733000000006722        903.61994684166473     
   18.753000000006722        907.32749196033808     
   18.773000000006725        911.06639036543436     
   18.793000000006725        914.81385265230460     
   18.813000000006724        915.52948449646067     
   18.833000000006724        905.93427589109808     
   18.853000000006723        909.29895134331321     
   18.873000000006723        912.65233654856434     
   18.893000000006722        920.40289895683634     
   18.913000000006722        923.77873201568627     
   18.933000000006725        930.76898289364874     
   18.953000000006725        934.19530913692449     
   18.973000000006724        941.33610732119519     
   18.993000000006724        949.36773346783423     
   19.013000000006723        952.87547082562264     
   19.033000000006723        956.20133205127001     
   19.053000000006723        959.43381342042869     
   19.073000000006722        962.72118260464447     
   19.093000000006722        966.06185001431743     
   19.113000000006725        969.36186538782204     
   19.133000000006724        972.49382035146550     
   19.153000000006724        975.57484901293446     
   19.173000000006724        967.57551826193696     
   19.193000000006723        970.75196822902126     
   19.213000000006723        973.84207987391699     
   19.233000000006722        976.75188028239279     
   19.253000000006722        979.62082226641087     
   19.273000000006725        971.90763923771590     
   19.293000000006725        979.00935781123906     
   19.313000000006724        981.82640487977915     
   19.333000000006724        984.57393062599886     
   19.353000000006723        987.28433699223706     
   19.373000000006723        989.96855784044328     
   19.393000000006722        992.62574872034679     
   19.413000000006722        995.25122196979862     
   19.433000000006725        997.81445435144792     
   19.453000000006725        1000.2777070953567     
   19.473000000006724        993.86422076479539     
   19.493000000006724        996.08323958377105     
   19.513000000006723        998.16073102786595     
   19.533000000006723        1000.1124934913187     
   19.553000000006723        1001.9634740003805     
   19.573000000006722        996.08622188160814     
   19.593000000006722        997.79650241584386     
   19.613000000006725        999.45520728977249     
   19.633000000006724        1001.0759143808926     
   19.653000000006724        1002.6729971578695     
   19.673000000006724        1002.5758264151353     
   19.693000000006723        1004.1380273192290     
   19.713000000006723        1005.7148373784069     
   19.733000000006722        1007.2779047498635     
   19.753000000006722        1008.8257217785213     
   19.773000000006725        1010.3775889592997     
   19.793000000006725        1011.9358739416932     
   19.813000000006724        1013.4937830769248     
   19.833000000006724        1015.0442987488286     
   19.853000000006723        1016.5825111968214     
   19.873000000006723        1018.1045341539053     
   19.893000000006722        1023.5780520781769     
   19.913000000006722        1025.1142424453838     
   19.933000000006725        1026.6181593298591     
   19.953000000006725        1028.1030499194931     
   19.973000000006724        1029.5559702148262     
   19.993000000006724        1030.9622386858896     
   20.013000000006723        1032.3041376495694     
   20.033000000006723        1033.5646226099682     
   20.053000000006723        1034.7348731449972     
   20.073000000006722        1039.9157021148969     
   20.093000000006722        1045.1526150192810     
   20.113000000006725        1046.2571909024700     
   20.133000000006724        1051.5475905839760     
   20.153000000006724        1052.6240600589251     
   20.173000000006724        1053.6581890960142     
   20.193000000006723        1045.8056733616679     
   20.213000000006723        1046.8123257022773     
   20.233000000006722        1047.8242283284776     
   20.253000000006722        1048.8581581062135     
   20.273000000006725        1049.9158871490404     
   20.293000000006725        1050.9916776811287     
   20.313000000006724        1052.0785294784553     
   20.333000000006724        1053.1580907740511     
   20.353000000006723        1054.2014756634760     
   20.373000000006723        1055.1879052548848     
   20.393000000006722        1056.0979318687043     
   20.413000000006722        1056.9510504149157     
   20.433000000006725        1057.7504739775886     
   20.453000000006725        1058.4951519742403     
   20.473000000006724        1059.2085007711723     
   20.493000000006724        1059.8988617130697     
   20.513000000006723        1060.5344470617285     
   20.533000000006723        1061.1202237988252     
   20.553000000006723        1061.6766895035225     
   20.573000000006722        1062.2090390492720     
   20.593000000006722        1062.7218263775533     
   20.613000000006725        1063.2197362539189     
   20.633000000006724        1063.7084465678658     
   20.653000000006724        1064.1942971967508     
   20.673000000006724        1064.6830064943088     
   20.693000000006723        1065.1795601246358     
   20.713000000006723        1065.6878851471922     
   20.733000000006722        1066.2176959571798     
   20.753000000006722        1066.7733548341669     
   20.773000000006725        1067.3545833449775     
   20.793000000006725        1067.9610159940885     
   20.813000000006724        1068.5832853359273     
   20.833000000006724        1069.2141336889026     
   20.853000000006723        1069.8386541900668     
   20.873000000006723        1070.4420245278184     
   20.893000000006722        1071.0388332091011     
   20.913000000006722        1071.6307993412686     
   20.933000000006725        1072.2089812144820     
   20.953000000006725        1061.3704629241383     
   20.973000000006724        1061.8437512172657     
   20.993000000006724        1062.2141883566462     
   21.013000000006723        1062.4612314186561     
   21.033000000006723        1062.6286196810065     
   21.053000000006723        1062.7674674825244     
   21.073000000006722        1062.8860727313256     
   21.093000000006722        1062.9830158276895     
   21.113000000006725        1063.0548455466476     
   21.133000000006724        1063.1078018155279     
   21.153000000006724        1063.1267301962046     
   21.173000000006724        1063.0628088023134     
   21.193000000006723        1062.8904757467196     
   21.213000000006723        1062.6113122706374     
   21.233000000006722        1062.2794680328204     
   21.253000000006722        1061.9458993298747     
   21.273000000006725        1061.6167350221397     
   21.293000000006725        1074.3815331236560     
   21.313000000006724        1087.0740392568555     
   21.333000000006724        1086.7890549715944     
   21.353000000006723        1086.5167289935771     
   21.373000000006723        1086.2687428013307     
   21.393000000006722        1086.0533582579214     
   21.413000000006722        1085.8718535101318     
   21.433000000006725        1092.5756713634080     
   21.453000000006725        1092.4327436112922     
   21.473000000006724        1099.2417924212382     
   21.493000000006724        1099.0210398364843     
   21.513000000006723        1098.7269858059917     
   21.533000000006723        1098.3970488432085     
   21.553000000006723        1098.0906503511035     
   21.573000000006722        1097.7981455948131     
   21.593000000006722        1104.5598094112186     
   21.613000000006725        1104.1895716467641     
   21.633000000006724        1103.7301866652006     
   21.653000000006724        1103.1970289523797     
   21.673000000006724        1116.8110281045808     
   21.693000000006723        1116.2809536637562     
   21.713000000006723        1123.1113979927877     
   21.733000000006722        1122.7362805927778     
   21.753000000006722        1122.4328574171748     
   21.773000000006725        1122.1990271706838     
   21.793000000006725        1122.0252308428060     
   21.813000000006724        1121.8865588319077     
   21.833000000006724        1121.7514751319572     
   21.853000000006723        1121.5895159140791     
   21.873000000006723        1121.3822657074325     
   21.893000000006722        1106.3246005761539     
   21.913000000006722        1106.1570972836009     
   21.933000000006725        1106.0251474304093     
   21.953000000006725        1105.9192236572489     
   21.973000000006724        1105.8200510515885     
   21.993000000006724        1113.0632273687791     
   22.013000000006723        1112.8663929228289     
   22.033000000006723        1112.5594350009947     
   22.053000000006723        1112.1086735967751     
   22.073000000006722        1111.5365046735301     
   22.093000000006722        1095.7478441059222     
   22.113000000006725        1102.3360670517513     
   22.133000000006724        1109.0172372317734     
   22.153000000006724        1108.2115575885866     
   22.173000000006724        1107.4135475136618     
   22.193000000006723        1106.6246696738044     
   22.213000000006723        1105.8453283503534     
   22.233000000006722        1105.0736468939178     
   22.253000000006722        1104.2997510016507     
   22.273000000006725        1103.5129730101437     
   22.293000000006725        1102.7103550533393     
   22.313000000006724        1101.8904793847084     
   22.333000000006724        1101.0542711837902     
   22.353000000006723        1100.2046982903632     
   22.373000000006723        1099.3422770935365     
   22.393000000006722        1082.9576104667462     
   22.413000000006722        1082.0895570701268     
   22.433000000006725        1081.2439515460226     
   22.453000000006725        1080.4245974528119     
   22.473000000006724        1079.6319440560985     
   22.493000000006724        1078.8668935212127     
   22.513000000006723        1062.3692750364928     
   22.533000000006723        1061.6686158308844     
   22.553000000006723        1052.0715014823134     
   22.573000000006722        1051.4459620830123     
   22.593000000006722        1050.8645423540322     
   22.613000000006725        1050.3249955296119     
   22.633000000006724        1049.8269481263756     
   22.653000000006724        1049.3745067146228     
   22.673000000006724        1048.9650239167145     
   22.693000000006723        1048.5878915182830     
   22.713000000006723        1048.2283765256784     
   22.733000000006722        1047.8841725157429     
   22.753000000006722        1031.2328137312752     
   22.773000000006725        1030.8700100288168     
   22.793000000006725        1030.4541746005780     
   22.813000000006724        1029.9527781339730     
   22.833000000006724        1029.3499544023091     
   22.853000000006723        1028.7026367657791     
   22.873000000006723        1028.0501241330014     
   22.893000000006722        1034.0803194509670     
   22.913000000006722        1033.3774471470967     
   22.933000000006725        1016.0133530107495     
   22.953000000006725        1015.2864266010569     
   22.973000000006724        997.65046268252706     
   22.993000000006724        996.90846266604478     
   23.013000000006723        996.16352706609246     
   23.033000000006723        1001.9512963019083     
   23.053000000006723        1001.1787441519202     
   23.073000000006722        1000.4108971143314     
   23.093000000006722        999.64147020727557     
   23.113000000006725        998.86295121098726     
   23.133000000006724        998.08855016111102     
   23.153000000006724        997.33847351014583     
   23.173000000006724        1003.1410661115988     
   23.193000000006723        1002.2909160046650     
   23.213000000006723        1004.4593252813780     
   23.233000000006722        1003.5965220182494     
   23.253000000006722        1002.8101840530030     
   23.273000000006725        1005.3155774077047     
   23.293000000006725        1004.6747426537389     
   23.313000000006724        1003.9283893300035     
   23.333000000006724        1003.1939240013357     
   23.353000000006723        1002.4640095693441     
   23.373000000006723        1001.5264604255850     
   23.393000000006722        1000.2851873288606     
   23.413000000006722        998.99593547305574     
   23.433000000006725        997.78239498996857     
   23.453000000006725        996.64937878543321     
   23.473000000006724        995.59734308133716     
   23.493000000006724        994.62663062626621     
   23.513000000006723        993.73480749429291     
   23.533000000006723        999.55890802312842     
   23.553000000006723        998.68759784194162     
   23.573000000006722        997.66181843557979     
   23.593000000006722        996.53987238541959     
   23.613000000006725        995.49515793461342     
   23.633000000006724        994.52983088701023     
   23.653000000006724        994.29049859708914     
   23.673000000006724        993.14682817580990     
   23.693000000006723        991.65889351146211     
   23.713000000006723        974.65996592239503     
   23.733000000006722        973.13830788226164     
   23.753000000006722        971.26892813371001     
   23.773000000006725        969.80308799547174     
   23.793000000006725        968.31523698733827     
   23.813000000006724        965.33150554904853     
   23.833000000006724        962.25948810239049     
   23.853000000006723        960.62423171120429     
   23.873000000006723        958.92855676591432     
   23.893000000006722        963.90956820926658     
   23.913000000006722        962.04545897105913     
   23.933000000006725        960.13542778874398     
   23.953000000006725        965.06909174494547     
   23.973000000006724        962.99712632023227     
   23.993000000006724        960.87552468210004     
   24.013000000006723        954.87375833820408     
   24.033000000006723        952.69920452274744     
   24.053000000006723        950.53632078738940     
   24.073000000006722        948.40320500785083     
   24.093000000006725        946.31403893526442     
   24.113000000006725        938.42655989526475     
   24.133000000006724        931.17444655795157     
   24.153000000006724        929.40685727547941     
   24.173000000006724        927.58548408483671     
   24.193000000006723        925.33928364228404     
   24.213000000006723        922.61116572651633     
   24.233000000006722        919.69402594566679     
   24.253000000006722        916.71376687772704     
   24.273000000006725        913.83613679851067     
   24.293000000006725        911.02684219789887     
   24.313000000006724        908.25498396260173     
   24.333000000006724        905.49213554474341     
   24.353000000006723        902.70971336844730     
   24.373000000006723        899.87886016807533     
   24.393000000006722        896.97831663760360     
   24.413000000006722        894.02290827086460     
   24.433000000006725        888.38271983947732     
   24.453000000006725        885.50377206511735     
   24.473000000006724        882.60885346737200     
   24.493000000006724        879.68004869971367     
   24.513000000006723        876.68853697389909     
   24.533000000006723        873.47018267536089     
   24.553000000006723        876.80109977408597     
   24.573000000006722        873.05543356416626     
   24.593000000006725        869.39214279137934     
   24.613000000006725        872.84023644498654     
   24.633000000006724        843.40487211087122     
   24.653000000006724        840.03397372444419     
   24.673000000006724        823.46774948678842     
   24.693000000006723        820.39181993612965     
   24.713000000006723        817.31649809924454     
   24.733000000006722        813.96477467490251     
   24.753000000006722        810.39652147541653     
   24.773000000006725        806.86879869346330     
   24.793000000006725        803.37399033245686     
   24.813000000006724        799.87919801991882     
   24.833000000006724        791.52268789344066     
   24.853000000006723        788.05127330065011     
   24.873000000006723        791.22305266934347     
   24.893000000006722        787.54298990644099     
   24.913000000006722        790.60365502003879     
   24.933000000006725        786.67131677413556     
   24.953000000006725        782.58386683759932     
   24.973000000006724        778.35050131534047     
   24.993000000006724        755.98825788103659     
   25.013000000006723        751.53645981889156     
   25.033000000006723        747.08912346323393     
   25.053000000006723        742.66407907108328     
   25.073000000006722        738.27330195079651     
   25.093000000006725        733.92116633143075     
   25.113000000006725        729.58108616599679     
   25.133000000006724        725.24817114963696     
   25.153000000006724        720.92181085873437     
   25.173000000006724        696.00244488165470     
   25.193000000006723        691.70162156741640     
   25.213000000006723        687.45390016445037     
   25.233000000006722        683.26313453711623     
   25.253000000006722        679.12544751642054     
   25.273000000006725        674.21959726076125     
   25.293000000006725        670.16047986315800     
   25.313000000006724        666.06486216512940     
   25.333000000006724        661.93156542641646     
   25.353000000006723        657.75662487029388     
   25.373000000006723        653.54416900092451     
   25.393000000006722        649.30156879581887     
   25.413000000006722        638.39408506729376     
   25.433000000006725        634.07664470549309     
   25.453000000006725        629.76131334529964     
   25.473000000006724        625.46371602084616     
   25.493000000006724        626.87518669482768     
   25.513000000006723        622.61954218163567     
   25.533000000006723        618.39852114421876     
   25.553000000006723        614.21344976820285     
   25.573000000006722        610.03424910100921     
   25.593000000006725        605.82677280609141     
   25.613000000006725        601.58839117380762     
   25.633000000006724        597.32938655233500     
   25.653000000006724        593.06594585185553     
   25.673000000006724        588.81655192550704     
   25.693000000006723        584.59797781537623     
   25.713000000006723        580.41694070809035     
   25.733000000006722        576.27700791962411     
   25.753000000006722        567.34331650353192     
   25.773000000006725        563.19294778356152     
   25.793000000006725        559.01252552141204     
   25.813000000006724        554.82098228910502     
   25.833000000006724        550.63814043320542     
   25.853000000006723        546.46327856567086     
   25.873000000006723        538.32928904341827     
   25.893000000006722        534.07729458565098     
   25.913000000006722        529.78736100620540     
   25.933000000006725        525.45425587129500     
   25.953000000006725        521.07934859004945     
   25.973000000006724        516.66729253019957     
   25.993000000006724        512.22142122371781     
   26.013000000006723        507.74441104417082     
   26.033000000006723        503.23819814925417     
   26.053000000006723        498.70519940542397     
   26.073000000006722        494.15673991699265     
   26.093000000006725        489.61208509983447     
   26.113000000006725        485.08891757970997     
   26.133000000006724        480.59351141605867     
   26.153000000006724        476.12701296887622     
   26.173000000006724        471.68797220796540     
   26.193000000006723        471.18573713409381     
   26.213000000006723        466.78968284051570     
   26.233000000006722        462.44683892212669     
   26.253000000006722        458.17847435165970     
   26.273000000006725        454.00580145666316     
   26.293000000006725        449.94884438036456     
   26.313000000006724        446.02313731711251     
   26.333000000006724        442.22642299698896     
   26.353000000006723        438.41001622667449     
   26.373000000006723        434.35782585102032     
   26.393000000006722        430.17789890417623     
   26.413000000006722        425.84137159892884     
   26.433000000006725        421.32950947303584     
   26.453000000006725        416.91878370816704     
   26.473000000006724        412.60165284265662     
   26.493000000006724        401.30296909278854     
   26.513000000006723        397.20582340184052     
   26.533000000006723        393.11861288045998     
   26.553000000006723        389.01403175132702     
   26.573000000006722        384.87194170683381     
   26.593000000006725        383.37461256674897     
   26.613000000006725        379.14246107467369     
   26.633000000006724        374.88404090572476     
   26.653000000006724        370.62090323650102     
   26.673000000006724        366.37532135984173     
   26.693000000006723        362.16774911942292     
   26.713000000006723        357.99089560786473     
   26.733000000006722        353.82547510332796     
   26.753000000006722        349.67928065026990     
   26.773000000006725        345.56581924906993     
   26.793000000006725        341.49680509388281     
   26.813000000006724        319.13542940185778     
   26.833000000006724        314.95891018446031     
   26.853000000006723        285.41848057538220     
   26.873000000006723        282.56146222580128     
   26.893000000006722        278.24266868143707     
   26.913000000006722        273.99518547065486     
   26.933000000006725        269.82523012277244     
   26.953000000006725        265.73833861632284     
   26.973000000006724        261.72683648445775     
   26.993000000006724        257.77250015616534     
   27.013000000006723        253.85684770921819     
   27.033000000006723        249.96136561455040     
   27.053000000006723        247.08523583067677     
   27.073000000006722        243.19428904305542     
   27.093000000006725        239.30843616101217     
   27.113000000006725        235.43193225434621     
   27.133000000006724        231.56832949889494     
   27.153000000006724        227.72084657805135     
   27.173000000006724        223.89195744995698     
   27.193000000006723        220.08262216446960     
   27.213000000006723        216.29149491043100     
   27.233000000006722        212.52022236288659     
   27.253000000006722        209.45443191239806     
   27.273000000006725        205.69339852386136     
