   1.8000000025494955E-002   1171.1289857437425     
   3.8000000025494959E-002   1171.9984249212459     
   5.8000000025494956E-002   1172.9863354327997     
   7.8000000025494953E-002   1173.9073886612325     
   9.8000000025494957E-002   1174.3285006810436     
  0.11800000002549496        1175.7309458282302     
  0.13800000002549495        1176.4713367578281     
  0.15800000002549497        1178.1479657736616     
  0.17800000002549496        1177.3959527726552     
  0.19800000002549495        1180.1281893826351     
  0.21800000002549497        1179.8048035786437     
  0.23800000002549496        1180.1321075887081     
  0.25800000002549495        1181.8947693903738     
  0.27800000002549496        1181.5368180350140     
  0.29800000002549498        1182.3796329041670     
  0.31800000002549494        1184.6014331812114     
  0.33800000002549496        1185.0698667367765     
  0.35800000002549498        1186.4352574810473     
  0.37800000002549494        1187.5041353048532     
  0.39800000002549496        1188.1858841100052     
  0.41800000002549498        1186.4561850494051     
  0.43800000002549494        1190.0102949074833     
  0.45800000002549496        1189.7019200837140     
  0.47800000002549498        1192.9028994896059     
  0.49800000002549494        1192.3816633012379     
  0.51800000002549496        1193.4832582489369     
  0.53800000002549497        1194.6223787364290     
  0.55800000002549499        1196.4722552448125     
  0.57800000002549501        1193.9775611194875     
  0.59800000002549492        1195.9059232022496     
  0.61800000002549493        1199.9863351005026     
  0.63800000002549495        1196.9770715252378     
  0.65800000002549497        1200.1832808561715     
  0.67800000002549499        1201.5344663554927     
  0.69800000002549500        1201.4472467885091     
  0.71800000002549502        1204.2650238572721     
  0.73800000002549493        1199.8874290741264     
  0.75800000002549495        1203.6824927929708     
  0.77800000002549496        1201.1361059319693     
  0.79800000002549498        1207.4389403588696     
  0.81800000002549500        1206.5678665911066     
  0.83800000002549502        1206.7420872516525     
  0.85800000002549492        1210.9432070457447     
  0.87800000002549494        1208.9285924207952     
  0.89800000002549496        1211.1714568259831     
  0.91800000002549498        1206.7095740139578     
  0.93800000002549500        1209.4483689109500     
  0.95800000002549501        1211.6733663295702     
  0.97800000002549492        1211.6838011750974     
  0.99800000002549494        1214.6591937431938     
   1.0180000000254950        1223.2586797282709     
   1.0380000000254950        1219.5148471723517     
   1.0580000000254950        1216.1253247558438     
   1.0780000000254950        1217.9003675391143     
   1.0980000000254950        1217.9103750506592     
   1.1180000000254950        1220.4627314100142     
   1.1380000000254951        1213.0131704583353     
   1.1580000000254951        1214.2441290603776     
   1.1780000000254949        1224.9273413507685     
   1.1980000000254949        1228.8158293769613     
   1.2180000000254949        1226.2759515234973     
   1.2380000000254949        1230.4082872689150     
   1.2580000000254949        1223.2170864048242     
   1.2780000000254950        1223.0224754680387     
   1.2980000000254950        1226.4624346042715     
   1.3180000000254950        1234.7860638922955     
   1.3380000000254950        1229.2171983042463     
   1.3580000000254950        1230.0191543797143     
   1.3780000000254951        1225.4351098627628     
   1.3980000000254951        1229.3507552274421     
   1.4180000000254951        1233.3728816780933     
   1.4380000000254949        1243.9724665818030     
   1.4580000000254949        1239.3429074218977     
   1.4780000000254949        1241.7850689073150     
   1.4980000000254949        1240.0192979375020     
   1.5180000000254950        1239.8455072004829     
   1.5380000000254950        1237.6164322371048     
   1.5580000000254950        1236.4891931689929     
   1.5780000000254950        1243.3273386071571     
   1.5980000000254950        1243.8288351410263     
   1.6180000000254950        1242.6927826820508     
   1.6380000000254951        1241.7056416648825     
   1.6580000000254951        1244.0647168169955     
   1.6780000000254951        1244.5474453814782     
   1.6980000000254949        1248.4490518378609     
   1.7180000000254949        1244.1908515778773     
   1.7380000000254949        1238.0568434324173     
   1.7580000000254949        1240.8105011082375     
   1.7780000000254950        1248.8921355430402     
   1.7980000000254950        1252.4503998143266     
   1.8180000000254950        1249.9902095500142     
   1.8380000000254950        1248.3767569754227     
   1.8580000000254950        1249.1088186369136     
   1.8780000000254951        1251.1624830257388     
   1.8980000000254951        1251.5900921008968     
   1.9180000000254951        1260.4441110026137     
   1.9380000000254949        1267.4432958683767     
   1.9580000000254949        1267.8303436593403     
   1.9780000000254949        1269.4044979528771     
   1.9980000000254949        1273.1446924078691     
   2.0180000000254950        1274.8279835000221     
   2.0380000000254950        1282.9097912041927     
   2.0580000000254950        1284.2931109627641     
   2.0780000000254950        1276.2667070792779     
   2.0980000000254950        1268.8990540088673     
   2.1180000000254950        1263.8454406885060     
   2.1380000000254951        1262.1407453411721     
   2.1580000000254951        1262.2665694946256     
   2.1780000000254951        1260.1508539809802     
   2.1980000000254951        1257.7217564777663     
   2.2180000000254951        1262.3310257880557     
   2.2380000000254952        1268.9302257570471     
   2.2580000000254952        1273.2017990106458     
   2.2780000000254952        1273.9039783850374     
   2.2980000000254952        1273.1980687832402     
   2.3180000000254952        1268.3320078765494     
   2.3380000000254948        1265.0007737606975     
   2.3580000000254948        1270.4627307154449     
   2.3780000000254948        1273.2448374279988     
   2.3980000000254948        1271.3134991964723     
   2.4180000000254949        1272.8422386081043     
   2.4380000000254949        1270.7590466463853     
   2.4580000000254949        1273.2836732628309     
   2.4780000000254949        1280.7802955936920     
   2.4980000000254949        1274.1337188334460     
   2.5180000000254950        1274.8523000888729     
   2.5380000000254950        1277.2952997474913     
   2.5580000000254950        1281.7059096059440     
   2.5780000000254950        1284.8020737344757     
   2.5980000000254950        1281.6493335972314     
   2.6180000000254950        1288.0352971572358     
   2.6380000000254951        1291.9057586468734     
   2.6580000000254951        1291.0477823990943     
   2.6780000000254951        1295.5546693106271     
   2.6980000000254951        1306.1046932289337     
   2.7180000000254951        1310.3562187658729     
   2.7380000000254952        1308.6709073198406     
   2.7580000000254952        1309.0536130993960     
   2.7780000000254952        1314.9835901124591     
   2.7980000000254952        1315.1695340555782     
   2.8180000000254952        1318.7946543648991     
   2.8380000000254948        1317.2138546136614     
   2.8580000000254948        1317.3836090184122     
   2.8780000000254948        1316.8880132037661     
   2.8980000000254948        1315.0194690484036     
   2.9180000000254949        1301.8216469557499     
   2.9380000000254949        1299.9067933082874     
   2.9580000000254949        1296.3227948880206     
   2.9780000000254949        1293.9105169877048     
   2.9980000000254949        1295.8301109524832     
   3.0180000000254950        1301.0427633412062     
   3.0380000000254950        1309.3079156977847     
   3.0580000000254950        1319.4549357538197     
   3.0780000000254950        1319.1072405048442     
   3.0980000000254950        1323.4214859560755     
   3.1180000000254950        1322.6977131094193     
   3.1380000000254951        1326.0553909036755     
   3.1580000000254951        1331.5477519827036     
   3.1780000000254951        1332.9229645462472     
   3.1980000000254951        1333.9010557686158     
   3.2180000000254951        1339.4588059210739     
   3.2380000000254952        1341.1924015417969     
   3.2580000000254952        1343.4968980653343     
   3.2780000000254952        1339.3131499709627     
   3.2980000000254952        1343.9313305675084     
   3.3180000000254952        1345.6666954496066     
   3.3380000000254952        1336.9334261066983     
   3.3580000000254948        1340.5825851177794     
   3.3780000000254948        1338.4003297216636     
   3.3980000000254948        1344.0665608843915     
   3.4180000000254949        1336.3576134310954     
   3.4380000000254949        1328.0969136445553     
   3.4580000000254949        1327.7789167926489     
   3.4780000000254949        1335.9199223075580     
   3.4980000000254949        1332.3433809761700     
   3.5180000000254950        1337.5756771033277     
   3.5380000000254950        1346.9386473302436     
   3.5580000000254950        1353.1240639792184     
   3.5780000000254950        1356.3548073056829     
   3.5980000000254950        1362.6458722638235     
   3.6180000000254950        1363.4270635395726     
   3.6380000000254951        1346.6807743538830     
   3.6580000000254951        1341.5278091560274     
   3.6780000000254951        1339.6040902928460     
   3.6980000000254951        1331.8017797157738     
   3.7180000000254951        1328.1101974295502     
   3.7380000000254952        1323.2022270535019     
   3.7580000000254952        1316.0617758203334     
   3.7780000000254952        1310.9063449339142     
   3.7980000000254952        1303.7975261009938     
   3.8180000000254952        1299.5553177168156     
   3.8380000000254952        1297.3288979679155     
   3.8580000000254948        1291.0777239973920     
   3.8780000000254948        1289.9762731481583     
   3.8980000000254948        1279.6235742081822     
   3.9180000000254949        1274.9978409039084     
   3.9380000000254949        1278.4704376012162     
   3.9580000000254949        1272.8926650793087     
   3.9780000000254949        1267.2516698923039     
   3.9980000000254949        1261.6890064705792     
   4.0180000000254950        1260.9519312725397     
   4.0380000000254954        1263.8852381213385     
   4.0580000000254950        1267.3585486920631     
   4.0780000000254955        1267.6979888945500     
   4.0980000000254950        1264.1778115458123     
   4.1180000000254946        1265.2947957359470     
   4.1380000000254951        1264.1615275141780     
   4.1580000000254946        1261.3150510837495     
   4.1780000000254951        1257.0380028181530     
   4.1980000000254947        1262.6081125643600     
   4.2180000000254951        1271.5022511556544     
   4.2380000000254947        1274.5357215469967     
   4.2580000000254952        1280.8335293295286     
   4.2780000000254947        1290.3474049188494     
   4.2980000000254952        1295.7250019896410     
   4.3180000000254948        1298.2717344780101     
   4.3380000000254952        1303.8430188034285     
   4.3580000000254948        1307.1186012399128     
   4.3780000000254953        1307.7771399885662     
   4.3980000000254948        1318.8205584351817     
   4.4180000000254953        1332.2746796653676     
   4.4380000000254949        1325.8040185960679     
   4.4580000000254953        1335.1839071761251     
   4.4780000000254949        1341.2962792007143     
   4.4980000000254954        1345.9585202460437     
   4.5180000000254950        1349.5885023660742     
   4.5380000000254954        1354.8712970589354     
   4.5580000000254950        1353.3033772621841     
   4.5780000000254955        1358.3344327916450     
   4.5980000000254950        1350.4864009083863     
   4.6180000000254955        1346.9398763762958     
   4.6380000000254951        1349.6964212563319     
   4.6580000000254946        1353.0406596271750     
   4.6780000000254951        1346.0869493705331     
   4.6980000000254947        1351.4232502441575     
   4.7180000000254951        1357.9622085104486     
   4.7380000000254947        1363.0456552192336     
   4.7580000000254952        1370.3623408336416     
   4.7780000000254947        1372.5659620532858     
   4.7980000000254952        1374.0245386903800     
   4.8180000000254948        1379.7452671456322     
   4.8380000000254952        1386.3454435240362     
   4.8580000000254948        1381.1229704242037     
   4.8780000000254953        1381.5435118351054     
   4.8980000000254948        1391.1998088572689     
   4.9180000000254953        1389.5797801423239     
   4.9380000000254949        1400.0011182307865     
   4.9580000000254953        1409.2876545415784     
   4.9780000000254949        1400.1929140656794     
   4.9980000000254954        1408.2017983905564     
   5.0180000000254950        1416.4675101127220     
   5.0380000000254954        1423.1718078305657     
   5.0580000000254950        1429.5896516197322     
   5.0780000000254955        1431.9806539519263     
   5.0980000000254950        1434.3207108260744     
   5.1180000000254955        1438.3528015428708     
   5.1380000000254951        1440.4706741861146     
   5.1580000000254946        1442.6010699321980     
   5.1780000000254951        1445.2653207310168     
   5.1980000000254947        1433.9079410827180     
   5.2180000000254951        1433.5203099673217     
   5.2380000000254947        1438.0161494067434     
   5.2580000000254952        1443.1277201934645     
   5.2780000000254947        1444.3128258667473     
   5.2980000000254952        1447.9132388121736     
   5.3180000000254948        1452.3985992991115     
   5.3380000000254952        1457.3401335601031     
   5.3580000000254948        1466.6740014020088     
   5.3780000000254953        1467.6534826681402     
   5.3980000000254948        1473.0789462519588     
   5.4180000000254953        1478.6807026130523     
   5.4380000000254949        1468.8761799298541     
   5.4580000000254953        1469.1878262379505     
   5.4780000000254949        1465.7743157535510     
   5.4980000000254954        1466.1503467895325     
   5.5180000000254950        1466.0655793981200     
   5.5380000000254954        1463.0501157857416     
   5.5580000000254950        1462.4163677779982     
   5.5780000000254955        1463.4570071245500     
   5.5980000000254950        1465.9518465340889     
   5.6180000000254955        1463.2451776245882     
   5.6380000000254951        1460.3796354636329     
   5.6580000000254946        1457.5398752791884     
   5.6780000000254951        1454.7720441957285     
   5.6980000000254947        1454.9532577023642     
   5.7180000000254951        1456.6781571801389     
   5.7380000000254947        1454.8457903372491     
   5.7580000000254952        1453.7940157053247     
   5.7780000000254947        1452.2361356607021     
   5.7980000000254952        1452.8986808151483     
   5.8180000000254948        1451.7497295010380     
   5.8380000000254952        1448.3334685762686     
   5.8580000000254948        1449.3066468114216     
   5.8780000000254953        1455.9050383813453     
   5.8980000000254948        1459.7711023268487     
   5.9180000000254953        1459.3222463378654     
   5.9380000000254949        1461.9784616999257     
   5.9580000000254953        1459.1772171673654     
   5.9780000000254949        1462.9044144052821     
   5.9980000000254954        1463.3437037700437     
   6.0180000000254950        1465.6559585459327     
   6.0380000000254954        1473.8390741551916     
   6.0580000000254950        1479.9674325252595     
   6.0780000000254955        1493.7356431364597     
   6.0980000000254950        1502.8409406666503     
   6.1180000000254955        1513.3938607143168     
   6.1380000000254951        1514.5789987037022     
   6.1580000000254955        1516.6913504901222     
   6.1780000000254951        1523.2055621810464     
   6.1980000000254947        1528.5371285358572     
   6.2180000000254951        1528.1668340047959     
   6.2380000000254947        1527.5596712877059     
   6.2580000000254952        1520.8911980013693     
   6.2780000000254947        1535.1778861067755     
   6.2980000000254952        1536.9808981384217     
   6.3180000000254948        1542.8052498306022     
   6.3380000000254952        1547.4857280050483     
   6.3580000000254948        1537.8627814181036     
   6.3780000000254953        1532.6992247809953     
   6.3980000000254948        1532.5842801344127     
   6.4180000000254953        1539.8958864554995     
   6.4380000000254949        1530.1758706806199     
   6.4580000000254953        1529.8779428864673     
   6.4780000000254949        1538.6628026040207     
   6.4980000000254954        1537.3724535996519     
   6.5180000000254950        1535.0383497426826     
   6.5380000000254954        1527.2571118444478     
   6.5580000000254950        1516.0546278316599     
   6.5780000000254955        1522.9415519987162     
   6.5980000000254950        1519.3029042410810     
   6.6180000000254955        1515.4065830812353     
   6.6380000000254951        1511.1685287632133     
   6.6580000000254955        1486.3262699289021     
   6.6780000000254951        1486.2665904779258     
   6.6980000000254947        1488.2304710298263     
   6.7180000000254951        1480.3962547753215     
   6.7380000000254947        1463.9068973433418     
   6.7580000000254952        1462.2915814563903     
   6.7780000000254947        1461.6214992387606     
   6.7980000000254952        1455.6346169774820     
   6.8180000000254948        1425.8658987173985     
   6.8380000000254952        1413.7558265183266     
   6.8580000000254948        1400.1963568618251     
   6.8780000000254953        1365.9183267793007     
   6.8980000000254948        1346.0583820397262     
   6.9180000000254953        1330.6958229977242     
   6.9380000000254949        1316.7107489066070     
   6.9580000000254953        1299.6912236306384     
   6.9780000000254949        1285.4539436247489     
   6.9980000000254954        1250.9119831518494     
   7.0180000000254950        1236.1200252655758     
   7.0380000000254954        1220.7485719387973     
   7.0580000000254950        1209.2069499517679     
   7.0780000000254955        1193.4026538895237     
   7.0980000000254950        1177.4477369777317     
   7.1180000000254955        1161.0347591312823     
   7.1380000000254951        1143.6373428998622     
   7.1580000000254955        1125.3526629411188     
   7.1780000000254951        1105.5558055721119     
   7.1980000000254947        1086.5780193441917     
   7.2180000000254951        1060.4365760150031     
   7.2380000000254947        1041.1384261427897     
   7.2580000000254952        1004.5487300809507     
   7.2780000000254947        967.38322196916647     
   7.2980000000254952        924.57035602461110     
   7.3180000000254948        904.47855011250158     
   7.3380000000254952        884.75642316260928     
   7.3580000000254948        864.16098387383977     
   7.3780000000254953        823.07216990165887     
   7.3980000000254948        802.25684722523329     
   7.4180000000254953        780.82805117956423     
   7.4380000000254949        759.23410697277268     
   7.4580000000254953        724.62269005877351     
   7.4780000000254949        702.29828391475974     
   7.4980000000254954        675.68478981666760     
   7.5180000000254950        638.63236134961585     
   7.5380000000254954        612.41911342603805     
   7.5580000000254950        589.97120119435328     
   7.5780000000254955        563.73928297557654     
   7.5980000000254950        537.79085951408047     
   7.6180000000254955        511.60626431564634     
   7.6380000000254951        489.21496412047827     
   7.6580000000254955        463.21976735426614     
   7.6780000000254951        439.03671053890588     
   7.6980000000254947        407.43145794506239     
   7.7180000000254951        379.63182559547943     
   7.7380000000254947        355.38006055108377     
   7.7580000000254952        333.24733314484422     
   7.7780000000254947        311.52712683966979     
   7.7980000000254952        290.36638812660442     
   7.8180000000254948        266.48244477006119     
   7.8380000000254952        247.66764243264768     
   7.8580000000254948        226.72914299756218     
   7.8780000000254953        208.33879262839409     
   7.8980000000254948        190.73548961006972     
   7.9180000000254953        173.12200797123432     
   7.9380000000254949        157.45533305981701     
   7.9580000000254953        141.10337505901845     
   7.9780000000254949        126.79838889253782     
   7.9980000000254954        113.26983776518426     
   8.0180000000254950        100.51396274763394     
   8.0380000000254945        88.565223628313817     
   8.0580000000254959        76.635466285225107     
   8.0780000000254955        65.520868319815307     
   8.0980000000254950        55.438895770531310     
   8.1180000000254946        46.688990864782639     
   8.1380000000254960        38.902285814994052     
   8.1580000000254955        31.525388827139132     
   8.1780000000254951        25.279961769799154     
   8.1980000000254947        19.823174582481787     
   8.2180000000254942        15.093653567337180     
   8.2380000000254956        10.974677844305488     
   8.2580000000254952        7.4910695863972583     
   8.2780000000254947        4.8687295991808019     
   8.2980000000254943        2.8377452327046031     
   8.3180000000254957        1.4261811322705806     
   8.3380000000254952       0.62112233374796899     
   8.3580000000254948       0.44664556385026954     
   8.3780000000254944       0.87993756819071167     
   8.3980000000254957        1.9261580151444502     
   8.4180000000254953        3.5056990382198276     
   8.4380000000254949        5.7181456209304784     
   8.4580000000254945        8.5119273500588957     
   8.4780000000254958        11.920555393973180     
   8.4980000000254954        15.953835441518748     
   8.5180000000254950        20.730522369276311     
   8.5380000000254945        25.867525275384612     
   8.5580000000254959        32.061607755803990     
   8.5780000000254955        38.933928346275344     
   8.5980000000254950        46.466895099584001     
   8.6180000000254946        54.627912471167342     
   8.6380000000254960        63.700969296359133     
   8.6580000000254955        73.101509004958274     
   8.6780000000254951        82.441096466684272     
   8.6980000000254947        92.888487449430286     
   8.7180000000254960        104.01933234490134     
   8.7380000000254956        115.87217150977324     
   8.7580000000254952        128.95517770243848     
   8.7780000000254947        142.75635324798665     
   8.7980000000254943        156.39803933646709     
   8.8180000000254957        171.15030509303716     
   8.8380000000254952        186.11657756300514     
   8.8580000000254948        201.35257324277319     
   8.8780000000254944        217.23698432467904     
   8.8980000000254957        233.65105202933185     
   8.9180000000254953        247.33044419165165     
   8.9380000000254949        258.66703523362173     
   8.9580000000254945        273.89230450468233     
   8.9780000000254958        288.39093403954223     
   8.9980000000254954        303.35001452194268     
   9.0180000000254950        321.76353154084046     
   9.0380000000254945        338.45889148409248     
   9.0580000000254959        356.84847235092059     
   9.0780000000254955        375.41630676776003     
   9.0980000000254950        395.88679773411627     
   9.1180000000254946        415.02321669262608     
   9.1380000000254960        434.14270843024889     
   9.1580000000254955        451.10047295260830     
   9.1780000000254951        472.43041243026624     
   9.1980000000254947        491.38947266229945     
   9.2180000000254960        510.56138124246314     
   9.2380000000254956        529.78642803197693     
   9.2580000000254952        549.06826104022366     
   9.2780000000254947        568.04618916286745     
   9.2980000000254943        586.87123931866438     
   9.3180000000254957        608.17199268660249     
   9.3380000000254952        627.66808584699288     
   9.3580000000254948        647.08718327720362     
   9.3780000000254944        666.26290890337441     
   9.3980000000254957        685.68228019247204     
   9.4180000000254953        705.30067462181273     
   9.4380000000254949        725.00493146163865     
   9.4580000000254945        745.71341155734171     
   9.4780000000254958        764.95120171087274     
   9.4980000000254954        783.97852330671219     
   9.5180000000254950        805.80980500356486     
   9.5380000000254945        824.83735419976722     
   9.5580000000254959        843.62014208646633     
   9.5780000000254955        861.92126578547084     
   9.5980000000254950        879.97898156112342     
   9.6180000000254946        903.90227026627156     
   9.6380000000254960        922.06082726979048     
   9.6580000000254955        940.49574841244203     
   9.6780000000254951        958.93820126382150     
   9.6980000000254947        981.84040461409495     
   9.7180000000254960        1004.4708645929900     
   9.7380000000254956        1022.8296550090848     
   9.7580000000254952        1041.0013690596486     
   9.7780000000254947        1058.8539207457284     
   9.7980000000254943        1076.4592600029885     
   9.8180000000254957        1093.9020477154911     
   9.8380000000254952        1111.3849263896434     
   9.8580000000254948        1135.0171118915964     
   9.8780000000254944        1152.0456301559145     
   9.8980000000254957        1168.7261098930505     
   9.9180000000254953        1185.3872186434244     
   9.9380000000254949        1202.1241233184412     
   9.9580000000254945        1220.8572806833174     
   9.9780000000254958        1237.1464850732370     
   9.9980000000254954        1252.9175461170478     
   10.018000000025495        1276.8011657471775     
   10.038000000025495        1291.0754179796363     
   10.058000000025496        1304.9146722569874     
   10.078000000025495        1318.5585727600794     
   10.098000000025495        1331.9402795100643     
   10.118000000025495        1344.9939785628778     
   10.138000000025496        1361.7986588348040     
   10.158000000025496        1374.3538077399976     
   10.178000000025495        1390.5365879861783     
   10.198000000025495        1403.4139472450170     
   10.218000000025496        1416.0500630923759     
   10.238000000025496        1428.2940376627425     
   10.258000000025495        1440.9237518767311     
   10.278000000025495        1452.7687397146726     
   10.298000000025494        1464.1098907715523     
   10.318000000025496        1475.1262300136755     
   10.338000000025495        1486.3608684397821     
   10.358000000025495        1494.3535649327382     
   10.378000000025494        1505.7697431736337     
   10.398000000025496        1516.9336417965462     
   10.418000000025495        1527.7281567067803     
   10.438000000025495        1535.2731479974170     
   10.458000000025494        1546.0137018450550     
   10.478000000025496        1556.5929347020874     
   10.498000000025495        1567.0028590177324     
   10.518000000025495        1577.0437233503969     
   10.538000000025495        1586.5576140333399     
   10.558000000025496        1595.6696651335308     
   10.578000000025495        1604.6487717849038     
   10.598000000025495        1613.4826462436617     
   10.618000000025495        1622.0700687802457     
   10.638000000025496        1630.5752207612984     
   10.658000000025496        1639.0107183801920     
   10.678000000025495        1647.3769976425322     
   10.698000000025495        1655.5113374287582     
   10.718000000025496        1663.3404499339570     
   10.738000000025496        1670.6733823529391     
   10.758000000025495        1681.8303434295658     
   10.778000000025495        1688.8056515078108     
   10.798000000025494        1695.7509744041383     
   10.818000000025496        1694.8767396089988     
   10.838000000025495        1702.2471102748043     
   10.858000000025495        1709.3031036681855     
   10.878000000025494        1715.8594578593336     
   10.898000000025496        1721.8390266953943     
   10.918000000025495        1729.4731357018422     
   10.938000000025495        1734.7032143701360     
   10.958000000025494        1733.9909062678892     
   10.978000000025496        1739.5890166592744     
   10.998000000025495        1744.8703612511772     
   11.018000000025495        1749.6729910906818     
   11.038000000025495        1753.9875829797252     
   11.058000000025496        1755.1867380587387     
   11.078000000025495        1759.2977556711330     
   11.098000000025495        1762.8092243023179     
   11.118000000025495        1765.8644814034831     
   11.138000000025496        1769.5266354348828     
   11.158000000025496        1771.7132855999273     
   11.178000000025495        1784.2327930410975     
   11.198000000025495        1785.6993018485064     
   11.218000000025496        1786.7705295597677     
   11.238000000025496        1786.8696469000677     
   11.258000000025495        1787.2117124217500     
   11.278000000025495        1786.8854476275123     
   11.298000000025494        1786.9505873730295     
   11.318000000025496        1786.1128057900280     
   11.338000000025495        1784.6254951868173     
   11.358000000025495        1784.5239566648722     
   11.378000000025494        1784.3404612125760     
   11.398000000025496        1782.3296600785170     
   11.418000000025495        1780.1773684492409     
   11.438000000025495        1780.2475495035635     
   11.458000000025494        1778.0191745454079     
   11.478000000025496        1778.3745137938479     
   11.498000000025495        1780.4682790315223     
   11.518000000025495        1777.7291603432147     
   11.538000000025495        1774.6369482675111     
   11.558000000025496        1775.0712727482187     
   11.578000000025495        1771.2706805534870     
   11.598000000025495        1766.8796548478103     
   11.618000000025495        1768.8269270226315     
   11.638000000025496        1771.3751551327721     
   11.658000000025496        1763.3927533234360     
   11.678000000025495        1758.4944577800454     
   11.698000000025495        1763.8074683239681     
   11.718000000025496        1759.0423556038688     
   11.738000000025496        1769.6400614614390     
   11.758000000025495        1765.5371191137240     
   11.778000000025495        1778.2953210525923     
   11.798000000025494        1774.7076619314664     
   11.818000000025496        1771.2130007127139     
   11.838000000025495        1767.7695944836680     
   11.858000000025495        1764.2570935334213     
   11.878000000025494        1770.3514551107237     
   11.898000000025496        1767.2572366224083     
   11.918000000025495        1758.7143115126516     
   11.938000000025495        1756.4990792595622     
   11.958000000025494        1754.5916568855607     
   11.978000000025496        1746.1097853281724     
   11.998000000025495        1744.8160013223273     
   12.018000000025495        1743.7713716541584     
   12.038000000025495        1748.5342605822279     
   12.058000000025496        1759.3276316688091     
   12.078000000025495        1758.6255545676240     
   12.098000000025495        1760.8790025642434     
   12.118000000025495        1771.8654492849435     
   12.138000000025496        1771.2012379022162     
   12.158000000025496        1795.4273713323926     
   12.178000000025495        1811.7782924418802     
   12.198000000025495        1811.6412219069384     
   12.218000000025496        1811.7509959017359     
   12.238000000025496        1839.0590033260189     
   12.258000000025495        1842.7073389404031     
   12.278000000025495        1843.4322108284007     
   12.298000000025496        1844.2394941786783     
   12.318000000025496        1845.1908520115408     
   12.338000000025495        1847.8648780035833     
   12.358000000025495        1863.9911108974745     
   12.378000000025494        1866.5097912247188     
   12.398000000025496        1883.6249587386003     
   12.418000000025495        1901.2444468141184     
   12.438000000025495        1903.2305497568814     
   12.458000000025494        1905.8480247715236     
   12.478000000025496        1906.9656131357617     
   12.498000000025495        1909.0688180434709     
   12.518000000025495        1892.8887236659250     
   12.538000000025495        1911.5816646931603     
   12.558000000025496        1945.6081301766228     
   12.578000000025495        1948.1829592686699     
   12.598000000025495        1950.6702868100692     
   12.618000000025495        1970.4487807349929     
   12.638000000025496        1972.6013285464085     
   12.658000000025496        1974.6145350917723     
   12.678000000025495        1976.5803839100136     
   12.698000000025495        1978.5372723077742     
   12.718000000025496        1980.4702998049938     
   12.738000000025496        1982.4070163680742     
   12.758000000025495        2002.4465874505538     
   12.778000000025495        2004.6121724542027     
   12.798000000025496        2006.9586688818083     
   12.818000000025496        2009.4573501835259     
   12.838000000025495        2012.0888810721390     
   12.858000000025495        2014.7595949127810     
   12.878000000025494        2017.3952818050193     
   12.898000000025496        2019.9894269026245     
   12.918000000025495        2022.5308805884965     
   12.938000000025495        2025.0150655788809     
   12.958000000025494        2045.9500739539933     
   12.978000000025496        2048.0236138011801     
   12.998000000025495        2049.6290967538425     
   13.018000000025495        2050.8017794980478     
   13.038000000025495        2051.7052020115825     
   13.058000000025496        2052.4099757796203     
   13.078000000025495        2044.2288803075689     
   13.098000000025495        2045.2864610339029     
   13.118000000025495        2046.3002328277269     
   13.138000000025496        2066.3348179205418     
   13.158000000025496        2067.3934835152904     
   13.178000000025495        2068.5252482421160     
   13.198000000025495        2069.7151901997827     
   13.218000000025496        2070.8800626410275     
   13.238000000025496        2071.9185921051148     
   13.258000000025495        2072.7300323597024     
   13.278000000025495        2073.2633871400872     
   13.298000000025496        2035.8814309098682     
   13.318000000025496        2026.8623347100597     
   13.338000000025495        2027.2389595294085     
   13.358000000025495        2038.6441993942624     
   13.378000000025494        2038.0803529134553     
   13.398000000025496        2078.9863532371223     
   13.418000000025495        2076.8326015776811     
   13.438000000025495        2066.0883556989806     
   13.458000000025494        2063.9715078067361     
   13.478000000025496        2073.3629333230306     
   13.498000000025495        2069.8721284687631     
   13.518000000025495        2086.4654237463501     
