   1.2000000002444722E-002   3081.1457439357905     
   3.2000000002444726E-002   3082.3638562383758     
   5.2000000002444723E-002   3084.1586085912732     
   7.2000000002444720E-002   3085.6007589585015     
   9.2000000002444723E-002   3088.6200169699882     
  0.11200000000244473        3089.1337912121166     
  0.13200000000244472        3092.1878266813974     
  0.15200000000244474        3092.6223584803461     
  0.17200000000244473        3093.4382181889250     
  0.19200000000244472        3095.4656774711352     
  0.21200000000244473        3095.3890852195927     
  0.23200000000244472        3097.8272872620091     
  0.25200000000244471        3099.9750752432092     
  0.27200000000244473        3101.1493962554900     
  0.29200000000244475        3104.3397380436277     
  0.31200000000244471        3105.7627266414374     
  0.33200000000244473        3107.5242897317758     
  0.35200000000244475        3109.8428255004583     
  0.37200000000244471        3113.0572019816923     
  0.39200000000244473        3110.7040016628416     
  0.41200000000244474        3113.2827253497153     
  0.43200000000244471        3114.5717702664938     
  0.45200000000244472        3117.5678833890738     
  0.47200000000244474        3120.9567013021815     
  0.49200000000244470        3120.6334896319104     
  0.51200000000244472        3127.4689568067724     
  0.53200000000244474        3126.8768247669782     
  0.55200000000244476        3127.0611657996815     
  0.57200000000244478        3122.5297958614956     
  0.59200000000244468        3118.7025358204755     
  0.61200000000244470        3133.3798908024341     
  0.63200000000244472        3129.6742778950629     
  0.65200000000244474        3123.6254848726448     
  0.67200000000244475        3133.1528383508535     
  0.69200000000244477        3141.6678628188788     
  0.71200000000244479        3137.6182626171712     
  0.73200000000244470        3135.9646289519619     
  0.75200000000244471        3142.6985175053746     
  0.77200000000244473        3135.2416003053959     
  0.79200000000244475        3145.3904964680878     
  0.81200000000244477        3145.2087281056288     
  0.83200000000244478        3153.3842406298004     
  0.85200000000244469        3153.8059118976948     
  0.87200000000244471        3155.0953762935919     
  0.89200000000244473        3159.1223434640474     
  0.91200000000244474        3157.1153338165996     
  0.93200000000244476        3153.6891651436968     
  0.95200000000244478        3162.2086573424554     
  0.97200000000244469        3169.0540984584218     
  0.99200000000244470        3169.9811566940489     
   1.0120000000024447        3168.0085701194512     
   1.0320000000024447        3155.2015025803285     
   1.0520000000024448        3166.8582007783079     
   1.0720000000024448        3173.7986420213560     
   1.0920000000024448        3152.2469971571081     
   1.1120000000024448        3167.3361322869537     
   1.1320000000024448        3178.3299730399149     
   1.1520000000024448        3170.5046300670047     
   1.1720000000024446        3171.4178795266880     
   1.1920000000024447        3187.4913759341489     
   1.2120000000024447        3179.8230883246301     
   1.2320000000024447        3189.8070720223959     
   1.2520000000024447        3192.7706222798920     
   1.2720000000024447        3184.2342975595921     
   1.2920000000024447        3185.5570153674485     
   1.3120000000024448        3186.9182660518836     
   1.3320000000024448        3188.2948185182786     
   1.3520000000024448        3174.1297613407742     
   1.3720000000024448        3185.2129187191499     
   1.3920000000024448        3202.2193416040946     
   1.4120000000024449        3195.7554918941214     
   1.4320000000024447        3193.9537179299541     
   1.4520000000024447        3204.7338781412122     
   1.4720000000024447        3207.5585296784157     
   1.4920000000024447        3193.3742632407725     
   1.5120000000024447        3198.3786390304808     
   1.5320000000024447        3200.7911613103020     
   1.5520000000024448        3205.1478340947256     
   1.5720000000024448        3224.0517775591197     
   1.5920000000024448        3228.7345781098215     
   1.6120000000024448        3223.9068025470456     
   1.6320000000024448        3225.9614160127499     
   1.6520000000024448        3207.8206707937520     
   1.6720000000024449        3202.7712618268756     
   1.6920000000024447        3215.9475404146174     
   1.7120000000024447        3217.2634222725223     
   1.7320000000024447        3224.3356294064447     
   1.7520000000024447        3229.4431556824934     
   1.7720000000024447        3221.6698521577191     
   1.7920000000024447        3240.6056875738363     
   1.8120000000024448        3219.9398422592317     
   1.8320000000024448        3219.4561070595669     
   1.8520000000024448        3233.1321851028533     
   1.8720000000024448        3237.3705749227470     
   1.8920000000024448        3231.9046646531201     
   1.9120000000024449        3233.9797387708495     
   1.9320000000024447        3227.9837341555935     
   1.9520000000024447        3225.0481859517604     
   1.9720000000024447        3251.1493787129393     
   1.9920000000024447        3249.3220559037045     
   2.0120000000024447        3260.8380358167983     
   2.0320000000024447        3243.7275323028484     
   2.0520000000024448        3259.6169991222478     
   2.0720000000024448        3250.6132138686471     
   2.0920000000024448        3268.2563804249157     
   2.1120000000024448        3264.7438102365427     
   2.1320000000024448        3291.2905358484068     
   2.1520000000024448        3281.7690266344189     
   2.1720000000024449        3285.0651765726443     
   2.1920000000024449        3259.8304109780915     
   2.2120000000024449        3257.1174077194191     
   2.2320000000024449        3255.2390731058495     
   2.2520000000024449        3274.4627598641700     
   2.2720000000024450        3277.2066335111249     
   2.2920000000024450        3280.3070829092749     
   2.3120000000024450        3275.0173159668243     
   2.3320000000024446        3283.0342179274294     
   2.3520000000024446        3298.0107487644395     
   2.3720000000024446        3282.2272364490836     
   2.3920000000024446        3304.1786239584126     
   2.4120000000024446        3289.0928191584276     
   2.4320000000024447        3298.5796062338827     
   2.4520000000024447        3301.8560100239388     
   2.4720000000024447        3308.4532161227512     
   2.4920000000024447        3328.9866561941699     
   2.5120000000024447        3301.0815983358816     
   2.5320000000024447        3297.7670395938676     
   2.5520000000024448        3305.2318817555997     
   2.5720000000024448        3302.2868341512517     
   2.5920000000024448        3276.1433997243530     
   2.6120000000024448        3284.5123630599919     
   2.6320000000024448        3294.6787852942002     
   2.6520000000024448        3280.8709382485449     
   2.6720000000024449        3297.4159452093118     
   2.6920000000024449        3295.7833358994235     
   2.7120000000024449        3283.3725699675842     
   2.7320000000024449        3289.5124815581144     
   2.7520000000024449        3288.9403464803659     
   2.7720000000024450        3313.1471994476537     
   2.7920000000024450        3322.7539547309098     
   2.8120000000024450        3326.4193513964638     
   2.8320000000024446        3331.0412523937207     
   2.8520000000024446        3328.4120433337071     
   2.8720000000024446        3330.9022879397940     
   2.8920000000024446        3327.4680752695240     
   2.9120000000024446        3338.9473804346499     
   2.9320000000024447        3315.6425426701198     
   2.9520000000024447        3325.0936849175941     
   2.9720000000024447        3317.9105833567614     
   2.9920000000024447        3332.0349178613010     
   3.0120000000024447        3333.7411360774986     
   3.0320000000024447        3337.4811096518574     
   3.0520000000024448        3346.3290965379383     
   3.0720000000024448        3348.0384323199723     
   3.0920000000024448        3324.2576029465226     
   3.1120000000024448        3345.5332359622676     
   3.1320000000024448        3357.1717657987115     
   3.1520000000024448        3324.8483764188977     
   3.1720000000024449        3315.6176483995696     
   3.1920000000024449        3319.5903762558764     
   3.2120000000024449        3316.9904944783052     
   3.2320000000024449        3307.6434623867281     
   3.2520000000024449        3281.8928723632321     
   3.2720000000024450        3279.8057513910512     
   3.2920000000024450        3290.5610513735610     
   3.3120000000024450        3310.2747368512096     
   3.3320000000024450        3336.7536983606478     
   3.3520000000024446        3361.0789487034144     
   3.3720000000024446        3360.9858795974365     
   3.3920000000024446        3394.4444599019225     
   3.4120000000024446        3422.3256717653539     
   3.4320000000024447        3414.4327681442574     
   3.4520000000024447        3419.4576471493328     
   3.4720000000024447        3443.7709901038697     
   3.4920000000024447        3445.8750687888787     
   3.5120000000024447        3429.3097942469740     
   3.5320000000024447        3426.8236442405996     
   3.5520000000024448        3413.5051769537413     
   3.5720000000024448        3423.1528895828214     
   3.5920000000024448        3420.1049386428936     
   3.6120000000024448        3412.0932243789098     
   3.6320000000024448        3373.0162811497294     
   3.6520000000024448        3376.8972263963483     
   3.6720000000024449        3376.5773929630527     
   3.6920000000024449        3382.6679230239793     
   3.7120000000024449        3378.3670832549415     
   3.7320000000024449        3393.4584834456346     
   3.7520000000024449        3392.9036463470252     
   3.7720000000024450        3386.5671042724939     
   3.7920000000024450        3389.0809703771010     
   3.8120000000024450        3400.9278263957749     
   3.8320000000024450        3390.0330050582133     
   3.8520000000024446        3383.5915786333085     
   3.8720000000024446        3404.1158786849278     
   3.8920000000024446        3406.7181521264938     
   3.9120000000024446        3430.9864412666020     
   3.9320000000024447        3444.5750741187503     
   3.9520000000024447        3462.3379329459772     
   3.9720000000024447        3469.1457478802918     
   3.9920000000024447        3457.6756493514754     
   4.0120000000024447        3475.2854127288047     
   4.0320000000024452        3485.2398776228774     
   4.0520000000024448        3441.1207824976727     
   4.0720000000024452        3467.3491663509408     
   4.0920000000024448        3463.4481180010503     
   4.1120000000024444        3452.8044570560523     
   4.1320000000024448        3445.4548772032440     
   4.1520000000024444        3452.8564079374883     
   4.1720000000024449        3468.7369072336714     
   4.1920000000024444        3462.5383486426567     
   4.2120000000024449        3460.9849919847316     
   4.2320000000024445        3447.7629891754668     
   4.2520000000024449        3467.3642312051688     
   4.2720000000024445        3464.6596959424855     
   4.2920000000024450        3473.4412105764518     
   4.3120000000024445        3482.6739497321951     
   4.3320000000024450        3501.0067583550072     
   4.3520000000024446        3499.6791261262042     
   4.3720000000024450        3519.4909694772082     
   4.3920000000024446        3510.8356052021663     
   4.4120000000024451        3507.0411283604549     
   4.4320000000024447        3527.2565546871510     
   4.4520000000024451        3535.6621148717059     
   4.4720000000024447        3545.5461662880807     
   4.4920000000024451        3561.7122456753632     
   4.5120000000024447        3581.5608722155171     
   4.5320000000024452        3578.8091891290605     
   4.5520000000024448        3576.2660547235973     
   4.5720000000024452        3578.6312968506113     
   4.5920000000024448        3591.3409710810006     
   4.6120000000024453        3602.0239637994518     
   4.6320000000024448        3592.9606738908883     
   4.6520000000024444        3575.7720427036056     
   4.6720000000024449        3581.3074031967690     
   4.6920000000024444        3593.1563980658643     
   4.7120000000024449        3586.7062173826480     
   4.7320000000024445        3536.9623995496313     
   4.7520000000024449        3529.6144345543867     
   4.7720000000024445        3546.8436355586273     
   4.7920000000024450        3557.6323277765878     
   4.8120000000024445        3515.9808950202782     
   4.8320000000024450        3499.5086790406799     
   4.8520000000024446        3506.1045609520947     
   4.8720000000024450        3512.3499358739750     
   4.8920000000024446        3513.5359699814562     
   4.9120000000024451        3496.2765967547944     
   4.9320000000024447        3478.2086611398240     
   4.9520000000024451        3485.8051143599114     
   4.9720000000024447        3489.3581102104740     
   4.9920000000024451        3490.8161640028729     
   5.0120000000024447        3465.9259619872209     
   5.0320000000024452        3473.2144082474952     
   5.0520000000024448        3508.6194557923459     
   5.0720000000024452        3505.0852641579495     
   5.0920000000024448        3519.5262483196038     
   5.1120000000024453        3516.5801797070071     
   5.1320000000024448        3515.3467650885514     
   5.1520000000024444        3502.3123884826059     
   5.1720000000024449        3506.2340028257413     
   5.1920000000024444        3522.8148525220340     
   5.2120000000024449        3530.9189348102018     
   5.2320000000024445        3560.0327329285078     
   5.2520000000024449        3571.4157098571945     
   5.2720000000024445        3571.5795392451796     
   5.2920000000024450        3572.0423727475668     
   5.3120000000024445        3577.6958642650870     
   5.3320000000024450        3585.5320048014955     
   5.3520000000024446        3602.9154767146401     
   5.3720000000024450        3580.0492004993293     
   5.3920000000024446        3571.3570158486109     
   5.4120000000024451        3553.2767921319592     
   5.4320000000024447        3547.4146889099161     
   5.4520000000024451        3535.3703393424207     
   5.4720000000024447        3546.0807868579127     
   5.4920000000024451        3530.3740452763755     
   5.5120000000024447        3534.6778810117871     
   5.5320000000024452        3552.8181060685652     
   5.5520000000024448        3571.0056085156052     
   5.5720000000024452        3565.3797439816854     
   5.5920000000024448        3548.2125490594285     
   5.6120000000024453        3550.2055818332865     
   5.6320000000024448        3559.2110374330146     
   5.6520000000024444        3561.7694310483416     
   5.6720000000024449        3522.4015369524054     
   5.6920000000024444        3530.4023151117563     
   5.7120000000024449        3503.8831812970375     
   5.7320000000024445        3504.4862838634331     
   5.7520000000024449        3518.7123628290415     
   5.7720000000024445        3508.9622489214262     
   5.7920000000024450        3515.9920065948027     
   5.8120000000024445        3509.3552835641281     
   5.8320000000024450        3516.5835054428653     
   5.8520000000024446        3492.0304784398668     
   5.8720000000024450        3485.5140224201768     
   5.8920000000024446        3495.2899557975875     
   5.9120000000024451        3507.9412688281845     
   5.9320000000024447        3515.1395621574266     
   5.9520000000024451        3517.6195021425251     
   5.9720000000024447        3523.9937763248763     
   5.9920000000024451        3534.0146041673515     
   6.0120000000024447        3541.6629087661945     
   6.0320000000024452        3529.1394222245453     
   6.0520000000024448        3513.9942909342471     
   6.0720000000024452        3532.2656756311862     
   6.0920000000024448        3532.6346404478304     
   6.1120000000024453        3539.3118430522318     
   6.1320000000024448        3551.5770284055689     
   6.1520000000024453        3554.9244248126474     
   6.1720000000024449        3528.3608930206196     
   6.1920000000024444        3539.7788449388254     
   6.2120000000024449        3558.0822669928471     
   6.2320000000024445        3576.4665507659897     
   6.2520000000024449        3590.1900891814503     
   6.2720000000024445        3576.0016255932196     
   6.2920000000024450        3563.9319970818351     
   6.3120000000024445        3569.4171625489644     
   6.3320000000024450        3541.6600578010712     
   6.3520000000024446        3548.2582817793595     
   6.3720000000024450        3564.1686822291986     
   6.3920000000024446        3576.2823136481547     
   6.4120000000024451        3564.5117092319456     
   6.4320000000024447        3568.1395684197055     
   6.4520000000024451        3564.8524917173340     
   6.4720000000024447        3568.7721610786439     
   6.4920000000024451        3545.0027875016121     
   6.5120000000024447        3542.5914532175534     
   6.5320000000024452        3548.7911419739917     
   6.5520000000024448        3564.0061511421845     
   6.5720000000024452        3564.5476964749300     
   6.5920000000024448        3573.1575394363285     
   6.6120000000024453        3580.3372100109150     
   6.6320000000024448        3596.7506505716747     
   6.6520000000024453        3612.1980835782210     
   6.6720000000024449        3637.7974603588623     
   6.6920000000024444        3655.7260217012849     
   6.7120000000024449        3652.7081566910970     
   6.7320000000024445        3669.1998471405750     
   6.7520000000024449        3676.1861752176956     
   6.7720000000024445        3692.7158264118498     
   6.7920000000024450        3717.7693223336923     
   6.8120000000024445        3734.4558544139031     
   6.8320000000024450        3750.8511988824857     
   6.8520000000024446        3754.6168411704857     
   6.8720000000024450        3761.3386765539735     
   6.8920000000024446        3776.7177046536940     
   6.9120000000024451        3790.6313543689635     
   6.9320000000024447        3795.7745794683001     
   6.9520000000024451        3799.3052418536786     
   6.9720000000024447        3776.6525247879367     
   6.9920000000024451        3789.9859452556193     
   7.0120000000024447        3801.8525275136881     
   7.0320000000024452        3804.9961195425735     
   7.0520000000024448        3808.0849428628908     
   7.0720000000024452        3786.4591830652835     
   7.0920000000024448        3745.7129056507852     
   7.1120000000024453        3746.9347962552347     
   7.1320000000024448        3748.3490015951588     
   7.1520000000024453        3749.9334694795011     
   7.1720000000024449        3760.0037015066086     
   7.1920000000024444        3739.9114900142758     
   7.2120000000024449        3702.5916376599325     
   7.2320000000024445        3712.8837130668899     
   7.2520000000024449        3681.7641180052669     
   7.2720000000024445        3682.1729255411874     
   7.2920000000024450        3671.8314634435424     
   7.3120000000024445        3680.4677601795242     
   7.3320000000024450        3681.6018228522862     
   7.3520000000024446        3682.6405086329019     
   7.3720000000024450        3674.4245193694483     
   7.3920000000024446        3687.0763428684631     
   7.4120000000024451        3647.3751932440641     
   7.4320000000024447        3657.8992831659784     
   7.4520000000024451        3666.3409688024503     
   7.4720000000024447        3668.5225441271086     
   7.4920000000024451        3639.3483774856436     
   7.5120000000024447        3652.0237961533808     
   7.5320000000024452        3634.1920536469252     
   7.5520000000024448        3613.6476020228129     
   7.5720000000024452        3615.6952057145795     
   7.5920000000024448        3597.6875652249346     
   7.6120000000024453        3605.5913744704726     
   7.6320000000024448        3594.6257480272243     
   7.6520000000024453        3573.5350644995710     
   7.6720000000024449        3581.2085117992901     
   7.6920000000024444        3537.5097761483976     
   7.7120000000024449        3539.2646339434264     
   7.7320000000024445        3559.7414849660045     
   7.7520000000024449        3562.8362132321504     
   7.7720000000024445        3564.8275400057114     
   7.7920000000024450        3568.9564259436725     
   7.8120000000024445        3573.6194321251096     
   7.8320000000024450        3604.2177244791824     
   7.8520000000024446        3609.0128932467460     
   7.8720000000024450        3613.9486882159722     
   7.8920000000024446        3633.4287595397655     
   7.9120000000024451        3646.5917137578917     
   7.9320000000024447        3651.8863839446526     
   7.9520000000024451        3668.0500502099658     
   7.9720000000024447        3677.9972082942350     
   7.9920000000024451        3665.5612685543269     
   8.0120000000024447        3682.9197702720480     
   8.0320000000024443        3695.6467523781330     
   8.0520000000024456        3702.1650810452725     
   8.0720000000024452        3709.0521321019514     
   8.0920000000024448        3684.1195557276710     
   8.1120000000024444        3691.8017547223753     
   8.1320000000024457        3700.2696153742504     
   8.1520000000024453        3718.3114445838037     
   8.1720000000024449        3687.3577629459401     
   8.1920000000024444        3707.4002803749472     
   8.2120000000024440        3716.0891529405244     
   8.2320000000024454        3725.3139611989718     
   8.2520000000024449        3736.5235829078438     
   8.2720000000024445        3746.1852143853525     
   8.2920000000024441        3767.9829302644534     
   8.3120000000024454        3778.7525957975690     
   8.3320000000024450        3813.6235631631589     
   8.3520000000024446        3818.8575517348568     
   8.3720000000024442        3841.9888254688844     
   8.3920000000024455        3822.3546958759785     
   8.4120000000024451        3832.7040686215983     
   8.4320000000024447        3842.6083615856032     
   8.4520000000024442        3833.1047831846322     
   8.4720000000024456        3842.4596080064657     
   8.4920000000024451        3864.4610312834479     
   8.5120000000024447        3886.0615914461205     
   8.5320000000024443        3907.1671366482474     
   8.5520000000024456        3916.0000278761245     
   8.5720000000024452        3924.5618141655386     
   8.5920000000024448        3932.7368467411738     
   8.6120000000024444        3942.2157490400846     
   8.6320000000024457        3949.2711174476681     
   8.6520000000024453        3966.8957006380397     
   8.6720000000024449        3959.5465889583029     
   8.6920000000024444        3970.1566072769319     
   8.7120000000024458        3975.3226037989789     
   8.7320000000024454        3980.1492847472296     
   8.7520000000024449        3996.0942834356288     
   8.7720000000024445        3943.3173132658685     
   8.7920000000024441        3903.6249727990125     
   8.8120000000024454        3904.0324851831087     
   8.8320000000024450        3911.0475896728722     
   8.8520000000024446        3916.4935366316427     
   8.8720000000024442        3914.5135552241850     
   8.8920000000024455        3911.8219601318233     
   8.9120000000024451        3910.3191195969953     
   8.9320000000024447        3918.7310185962428     
   8.9520000000024442        3884.2465550509842     
   8.9720000000024456        3885.5931357803011     
   8.9920000000024451        3877.3356389767991     
   9.0120000000024447        3881.2125205085631     
   9.0320000000024443        3869.4420870593481     
   9.0520000000024456        3829.9312315714774     
   9.0720000000024452        3783.4784605308382     
   9.0920000000024448        3767.6506743419213     
   9.1120000000024444        3746.6034716666586     
   9.1320000000024457        3737.8753631757963     
   9.1520000000024453        3689.0895956672834     
   9.1720000000024449        3668.1610324011767     
   9.1920000000024444        3645.8695670247171     
   9.2120000000024458        3620.7858767352236     
   9.2320000000024454        3595.3186908524476     
   9.2520000000024449        3515.5680251829708     
   9.2720000000024445        3440.7378763146603     
   9.2920000000024441        3405.7020329729980     
   9.3120000000024454        3381.1677976377828     
   9.3320000000024450        3347.1368651843795     
   9.3520000000024446        3311.9646957891000     
   9.3720000000024442        3275.6784987779611     
   9.3920000000024455        3238.5727848381621     
   9.4120000000024451        3171.9839501360366     
   9.4320000000024447        3079.9682767368809     
   9.4520000000024442        2948.7261940624421     
   9.4720000000024456        2915.4785512975805     
   9.4920000000024451        2831.8880728180784     
   9.5120000000024447        2790.3159720205854     
   9.5320000000024443        2738.6767439335067     
   9.5520000000024456        2694.6578241595112     
   9.5720000000024452        2645.9188326413669     
   9.5920000000024448        2596.8731660554135     
   9.6120000000024444        2451.2345857702276     
   9.6320000000024457        2399.8046509387450     
   9.6520000000024453        2357.4871145212101     
   9.6720000000024449        2262.7780372745792     
   9.6920000000024444        2203.6223492152453     
   9.7120000000024458        2151.0873099283176     
   9.7320000000024454        2098.8111966580213     
   9.7520000000024449        2046.8907956427549     
   9.7720000000024445        1995.4369929690570     
   9.7920000000024441        1944.5365159921262     
   9.8120000000024454        1890.1562909141123     
   9.8320000000024450        1839.8345181871630     
   9.8520000000024446        1785.9249161085927     
   9.8720000000024442        1736.0549295489934     
   9.8920000000024455        1686.6684532326503     
   9.9120000000024451        1637.7664412955155     
   9.9320000000024447        1589.3868566255539     
   9.9520000000024442        1541.5608665982202     
   9.9720000000024456        1497.9599411604161     
   9.9920000000024451        1451.0136354674576     
   10.012000000002445        1404.7039181361342     
   10.032000000002444        1359.0295419013037     
   10.052000000002446        1314.0796088636516     
   10.072000000002445        1269.9826607397808     
   10.092000000002445        1235.4431648720902     
   10.112000000002444        1197.1351878505404     
   10.132000000002446        1154.8908341748499     
   10.152000000002445        1117.3148331523710     
   10.172000000002445        1083.5479215012647     
   10.192000000002444        1042.7964250558455     
   10.212000000002446        1002.6819746638150     
   10.232000000002445        960.32964674712684     
   10.252000000002445        920.83548952313629     
   10.272000000002445        881.86360566173812     
   10.292000000002444        843.46342540509499     
   10.312000000002445        805.74552970530317     
   10.332000000002445        768.81979877390131     
   10.352000000002445        732.69476730172732     
   10.372000000002444        698.66115948785955     
   10.392000000002446        663.46367338702976     
   10.412000000002445        629.00956540817356     
   10.432000000002445        599.09625025029914     
   10.452000000002444        566.04284890637791     
   10.472000000002446        536.11008015215964     
   10.492000000002445        504.81669314816827     
   10.512000000002445        474.53100913615555     
   10.532000000002444        445.20494171646942     
   10.552000000002446        416.62518419946872     
   10.572000000002445        388.79315932725223     
   10.592000000002445        361.71609892359186     
   10.612000000002444        338.21298186934462     
   10.632000000002446        313.89173115905930     
   10.652000000002445        291.68935915732862     
   10.672000000002445        268.88743718588216     
   10.692000000002444        245.75282801902750     
   10.712000000002446        223.56300272621746     
   10.732000000002445        202.30883788038423     
   10.752000000002445        181.98071592463512     
   10.772000000002445        162.63695529507837     
   10.792000000002444        144.32004138049166     
   10.812000000002445        127.08054527645869     
   10.832000000002445        111.00670695772494     
   10.852000000002445        96.434661946143621     
   10.872000000002444        82.576082159092437     
   10.892000000002446        69.697253789655193     
   10.912000000002445        57.921553065509606     
   10.932000000002445        46.992261728714276     
   10.952000000002444        37.144580635715215     
   10.972000000002446        28.452547543063520     
   10.992000000002445        20.980196604473431     
   11.012000000002445        14.735401052942757     
   11.032000000002444        9.6466635551865316     
   11.052000000002446        5.6609445321172061     
   11.072000000002445        2.7972234664818503     
   11.092000000002445        1.0340138631691180     
   11.112000000002444       0.34994144447668818     
   11.132000000002446       0.75792470299567660     
   11.152000000002445        2.2781135690136858     
   11.172000000002445        4.9070402955131334     
   11.192000000002444        8.6054210084996647     
   11.212000000002446        13.400892612169487     
   11.232000000002445        19.282003713971719     
   11.252000000002445        26.198725984429458     
   11.272000000002445        34.187517336539266     
   11.292000000002444        43.243782365938159     
   11.312000000002445        53.348876766062098     
   11.332000000002445        64.481952187348341     
   11.352000000002445        76.254697619074761     
   11.372000000002444        88.885996289955983     
   11.392000000002446        102.99922098595398     
   11.412000000002445        118.04326947224800     
   11.432000000002445        133.98224028206070     
   11.452000000002444        150.83323975234919     
   11.472000000002446        169.29053480303065     
   11.492000000002445        187.78863136849333     
   11.512000000002445        207.48825132076644     
   11.532000000002444        226.03945542387220     
   11.552000000002446        247.61548109622939     
   11.572000000002445        270.05787037149526     
   11.592000000002445        291.54861433370058     
   11.612000000002444        315.62321015361795     
   11.632000000002446        341.37626679595058     
   11.652000000002445        367.08700427739473     
   11.672000000002445        392.89778816901344     
   11.692000000002444        420.19378153826000     
   11.712000000002446        448.23974302754050     
   11.732000000002445        478.49548236766242     
   11.752000000002445        504.99982906320020     
   11.772000000002445        529.25174550416716     
   11.792000000002444        553.12258589474391     
   11.812000000002445        584.23629454976412     
   11.832000000002445        610.02747963135118     
   11.852000000002445        640.87817215242717     
   11.872000000002444        673.97845518474128     
   11.892000000002446        707.76048801934974     
   11.912000000002445        741.91102758534953     
   11.932000000002445        758.52071726837573     
   11.952000000002444        792.53000576277316     
   11.972000000002446        818.37405608221218     
   11.992000000002445        854.37245632779411     
   12.012000000002445        877.91924087904056     
   12.032000000002444        912.11685564740026     
   12.052000000002446        950.70728618367161     
   12.072000000002445        990.09847112172918     
   12.092000000002445        1030.3422486238132     
   12.112000000002444        1071.4457814314214     
   12.132000000002446        1108.7528620628275     
   12.152000000002445        1137.3529062230014     
   12.172000000002445        1182.9784225146157     
   12.192000000002444        1229.5373777683997     
   12.212000000002446        1274.2388976184448     
   12.232000000002445        1318.8493829281701     
   12.252000000002445        1363.1575953323206     
   12.272000000002445        1409.9994979802268     
   12.292000000002446        1426.4739528900650     
   12.312000000002445        1470.6949622008374     
   12.332000000002445        1452.6197226695892     
   12.352000000002445        1499.4576846009434     
   12.372000000002444        1544.5745489031056     
   12.392000000002446        1580.9159527650809     
   12.412000000002445        1634.4319515144766     
   12.432000000002445        1685.6318968563671     
   12.452000000002444        1732.7290306033613     
   12.472000000002446        1769.6030333550134     
   12.492000000002445        1817.6186887970066     
   12.512000000002445        1866.0098109998564     
   12.532000000002444        1844.2967703816539     
   12.552000000002446        1892.3558458469345     
   12.572000000002445        1940.4974219784790     
   12.592000000002445        1934.0218442187800     
   12.612000000002444        1981.6086662400908     
   12.632000000002446        2028.9564125104616     
   12.652000000002445        1988.4800066672483     
   12.672000000002445        2007.4283627410121     
   12.692000000002444        2055.8540036358090     
   12.712000000002446        2102.1732977086817     
   12.732000000002445        2151.2146718765057     
   12.752000000002445        2197.6149137081293     
   12.772000000002445        2243.9957561467108     
   12.792000000002446        2290.5812934448554     
   12.812000000002445        2261.5557674490078     
   12.832000000002445        2308.0882470898141     
   12.852000000002445        2354.7961999407303     
   12.872000000002444        2401.5879132844175     
   12.892000000002446        2448.4202346816587     
   12.912000000002445        2468.1779633464198     
   12.932000000002445        2514.8905432012361     
   12.952000000002444        2561.4857240160891     
   12.972000000002446        2608.0708352028601     
   12.992000000002445        2654.8037803570728     
   13.012000000002445        2669.4443700410852     
   13.032000000002444        2717.5129489990354     
   13.052000000002446        2764.1936996030468     
   13.072000000002445        2810.8123815650124     
   13.092000000002445        2857.3447811100596     
   13.112000000002444        2909.5298658773663     
   13.132000000002446        2956.0394043184801     
   13.152000000002445        2969.2452353419962     
   13.172000000002445        3015.1938170491303     
   13.192000000002444        3060.7296477442123     
   13.212000000002446        3106.2683114908564     
   13.232000000002445        3151.9409962320242     
   13.252000000002445        3197.5672693674646     
   13.272000000002445        3242.9494201805664     
   13.292000000002446        3287.9366517194862     
   13.312000000002445        3332.4606396039194     
   13.332000000002445        3376.6117139216954     
   13.352000000002445        3420.3677424642297     
   13.372000000002444        3464.5776709655288     
   13.392000000002446        3513.3176534778609     
   13.412000000002445        3497.4462512885316     
   13.432000000002445        3539.4569816700109     
   13.452000000002444        3580.8300684643345     
   13.472000000002446        3621.6881243685984     
   13.492000000002445        3662.2542095505451     
   13.512000000002445        3698.4314928789017     
   13.532000000002444        3737.3823146703344     
   13.552000000002446        3775.7027409642674     
   13.572000000002445        3813.5966884442246     
   13.592000000002445        3851.1107928392980     
   13.612000000002444        3888.1921238848599     
   13.632000000002446        3924.7823393975300     
   13.652000000002445        3960.8257113633349     
   13.672000000002445        3996.3499399412508     
   13.692000000002444        4026.2881271315946     
   13.712000000002446        4060.6262370570930     
   13.732000000002445        4094.5204618973926     
   13.752000000002445        4127.8703714869753     
   13.772000000002445        4160.5553200239510     
   13.792000000002446        4192.5149617123543     
   13.812000000002445        4223.7100615468744     
   13.832000000002445        4254.0807854573350     
   13.852000000002445        4283.5684837086119     
   13.872000000002444        4312.3079727219747     
   13.892000000002446        4340.2972827629483     
   13.912000000002445        4283.3718317294533     
   13.932000000002445        4308.9277500768394     
   13.952000000002444        4333.8723232995499     
   13.972000000002446        4358.2902003009003     
   13.992000000002445        4382.0454634857042     
   14.012000000002445        4405.0699713411941     
   14.032000000002444        4427.4041468373825     
   14.052000000002446        4449.0979875092053     
   14.072000000002445        4470.3574630290368     
   14.092000000002445        4491.2432807896485     
   14.112000000002444        4511.8009446248470     
   14.132000000002446        4532.0268236540114     
   14.152000000002445        4468.9594523902124     
   14.172000000002445        4489.5142751160392     
   14.192000000002444        4410.4892716042414     
   14.212000000002446        4427.6226376172408     
   14.232000000002445        4444.4116871267506     
   14.252000000002445        4460.8087602832184     
   14.272000000002445        4476.7853120441932     
   14.292000000002446        4492.3603072423284     
   14.312000000002445        4507.5375794746233     
   14.332000000002445        4522.3127422585358     
   14.352000000002445        4536.7064308292738     
   14.372000000002444        4550.7767624411681     
   14.392000000002446        4545.4104003377970     
   14.412000000002445        4489.9818468972826     
   14.432000000002445        4502.2394224832651     
   14.452000000002444        4514.2302127203729     
   14.472000000002446        4525.9631353310915     
   14.492000000002445        4467.2102617407963     
   14.512000000002445        4477.6819285785796     
   14.532000000002444        4487.9501294422280     
   14.552000000002446        4498.0410974630377     
   14.572000000002445        4507.9769804011594     
   14.592000000002445        4503.4602871529814     
   14.612000000002444        4512.9707753521498     
   14.632000000002446        4522.3330556255241     
   14.652000000002445        4531.5059631574404     
   14.672000000002445        4540.4349219502592     
   14.692000000002444        4549.0536110464391     
   14.712000000002446        4557.3746032605950     
   14.732000000002445        4576.6443588747061     
   14.752000000002445        4553.0112507632984     
   14.772000000002445        4572.8548310098231     
   14.792000000002446        4580.2183561941511     
   14.812000000002445        4532.7380864534216     
   14.832000000002445        4539.9702918376188     
   14.852000000002445        4547.4569777328825     
   14.872000000002444        4555.1930749180974     
   14.892000000002446        4563.1744514529992     
   14.912000000002445        4571.3843048413255     
   14.932000000002445        4579.8006618447007     
   14.952000000002444        4588.3905394301810     
   14.972000000002446        4569.1603948502016     
   14.992000000002445        4536.7435115178678     
   15.012000000002445        4544.9289307416784     
   15.032000000002444        4553.1697284248412     
   15.052000000002446        4561.4493356701596     
   15.072000000002445        4569.7408652855511     
   15.092000000002445        4578.0044238858218     
   15.112000000002444        4586.2029375001212     
   15.132000000002446        4594.3297452332827     
   15.152000000002445        4626.4868970494545     
   15.172000000002445        4634.4009036940333     
   15.192000000002444        4642.3567315025157     
   15.212000000002446        4650.2496021173120     
   15.232000000002445        4658.0430442029192     
   15.252000000002445        4665.8277471722931     
   15.272000000002445        4632.7041498993285     
   15.292000000002446        4587.9967810348980     
   15.312000000002445        4594.7108386483087     
   15.332000000002445        4623.5503865435894     
   15.352000000002445        4629.8026541727058     
   15.372000000002444        4636.1471586361777     
   15.392000000002446        4586.0462953052720     
   15.412000000002445        4592.0252123629789     
   15.432000000002445        4598.1438121432784     
   15.452000000002444        4604.4249149777652     
   15.472000000002446        4610.8805432053732     
   15.492000000002445        4617.5120563456085     
   15.512000000002445        4624.2962681291974     
   15.532000000002444        4631.1894095372772     
   15.552000000002446        4670.8803863397698     
   15.572000000002445        4677.8009726597520     
   15.592000000002445        4684.6983715293991     
   15.612000000002444        4691.5267915926333     
   15.632000000002446        4731.8570901567009     
   15.652000000002445        4738.3179412351083     
   15.672000000002445        4744.5659116145152     
   15.692000000002444        4750.6572698073369     
   15.712000000002446        4756.7009797201972     
   15.732000000002445        4762.7132077806336     
   15.752000000002445        4768.6836633794674     
   15.772000000002445        4774.6009700625909     
   15.792000000002446        4780.4643160350333     
   15.812000000002445        4786.2784837741847     
   15.832000000002445        4792.0464570289314     
   15.852000000002445        4797.7560581542884     
   15.872000000002446        4803.4395115385350     
   15.892000000002446        4809.2073315981734     
   15.912000000002445        4852.0534118359501     
   15.932000000002445        4858.1923940743327     
   15.952000000002444        4864.5218267442988     
   15.972000000002446        4794.7653551424255     
   15.992000000002445        4838.1336169724864     
   16.012000000002445        4881.9831087115590     
   16.032000000002444        4887.4351805455899     
   16.052000000002444        4892.4963143142631     
   16.072000000002443        4897.0902479820379     
   16.092000000002447        4901.4050680079163     
   16.112000000002446        4905.5046968174511     
   16.132000000002446        4909.3086396976969     
   16.152000000002445        4913.0422933554628     
   16.172000000002445        4916.8822361791972     
   16.192000000002444        4833.4445228346676     
   16.212000000002444        4836.8371906655429     
   16.232000000002444        4840.4370076516389     
   16.252000000002447        4844.2595891248311     
   16.272000000002446        4848.2777085657253     
   16.292000000002446        4852.3983930375107     
   16.312000000002445        4764.3642809190014     
   16.332000000002445        4768.2389332021876     
   16.352000000002445        4772.1977339907289     
   16.372000000002444        4814.5839220256794     
   16.392000000002444        4818.8176675434652     
   16.412000000002443        4823.1808833454552     
   16.432000000002446        4827.6932507844213     
   16.452000000002446        4832.3724447306595     
   16.472000000002446        4837.2362831984901     
   16.492000000002445        4842.2871259007579     
   16.512000000002445        4847.5134505890255     
   16.532000000002444        4852.8676795119500     
   16.552000000002444        4858.3349564175560     
   16.572000000002443        4903.3758727483728     
   16.592000000002447        4909.0665512329488     
   16.612000000002446        4914.7642329553337     
   16.632000000002446        4920.4197269603219     
   16.652000000002445        4966.3542857638095     
   16.672000000002445        5012.9098724589185     
   16.692000000002444        5018.2167752386076     
   16.712000000002444        5065.1989143408373     
   16.732000000002444        5070.4105151184922     
   16.752000000002447        5075.6368240532893     
   16.772000000002446        5021.1533300159126     
   16.792000000002446        5025.5717229260272     
   16.812000000002445        5029.9618845160885     
   16.832000000002445        5034.2873990947219     
   16.852000000002445        5038.6400183270052     
   16.872000000002444        5043.1990658649938     
   16.892000000002444        5047.9358448908333     
   16.912000000002443        5052.8275926247343     
   16.932000000002446        5057.8384296708737     
   16.952000000002446        5062.9182909806732     
   16.972000000002446        5068.0065988342394     
   16.992000000002445        5115.8783326832418     
   17.012000000002445        5163.5941704428496     
   17.032000000002444        5168.1370674560449     
   17.052000000002444        5215.5274203605559     
   17.072000000002443        5219.3645067221705     
   17.092000000002447        5223.0007180706798     
   17.112000000002446        5226.4183700309040     
   17.132000000002446        5229.6042007638680     
   17.152000000002445        5232.5654692255839     
   17.172000000002445        5235.2912361032859     
   17.192000000002444        5237.7467493401073     
   17.212000000002444        5239.9259026561895     
   17.232000000002444        5285.9081063301719     
   17.252000000002447        5287.7463338919169     
   17.272000000002446        5289.4798608379697     
   17.292000000002446        5332.2067205334151     
   17.312000000002445        5333.5313367736517     
   17.332000000002445        5334.7378028125831     
   17.352000000002445        5335.8335798458911     
   17.372000000002444        5336.8135949269663     
   17.392000000002444        5337.6722561515817     
   17.412000000002447        5338.4299703897968     
   17.432000000002446        5339.1263873163425     
   17.452000000002446        5339.8042675514653     
   17.472000000002446        5340.4845679869859     
   17.492000000002445        5384.0821332467776     
   17.512000000002445        5287.6834580561717     
   17.532000000002444        5287.1291157725555     
   17.552000000002444        5286.4136914274286     
   17.572000000002443        5186.9638488095579     
   17.592000000002447        5185.1103206876478     
   17.612000000002446        5183.0842237581401     
   17.632000000002446        5180.8255424408144     
   17.652000000002445        5209.3380208493900     
   17.672000000002445        5236.3193767243683     
   17.692000000002444        5232.4092060165067     
   17.712000000002444        5228.3189712160211     
   17.732000000002444        5224.0720686679779     
   17.752000000002447        5219.6844898411400     
   17.772000000002446        5215.1353541074732     
   17.792000000002446        5210.4089487663487     
   17.812000000002445        5205.5120165905701     
   17.832000000002445        5200.4989297319007     
   17.852000000002445        5195.3056709298880     
   17.872000000002444        5189.8575895695503     
   17.892000000002444        5184.0985389645539     
   17.912000000002447        5197.7241968022527     
   17.932000000002446        5228.9141131108618     
   17.952000000002446        5221.5642985960758     
   17.972000000002446        5214.0720989287720     
   17.992000000002445        5222.7630489314352     
   18.012000000002445        5214.3819963887127     
   18.032000000002444        5205.8317010129467     
   18.052000000002444        5197.0693471633940     
   18.072000000002443        5188.0422649276898     
   18.092000000002447        5118.4023780761681     
   18.112000000002446        5108.2895474696179     
   18.132000000002446        5097.9086611222456     
   18.152000000002445        5009.9746421550581     
   18.172000000002445        4998.0164754397956     
   18.192000000002444        4985.8119542245622     
   18.212000000002444        4973.9760453380932     
   18.232000000002444        4960.8556307330537     
   18.252000000002447        4947.7353813087793     
   18.272000000002446        4975.5987934821442     
   18.292000000002446        4892.1907245551502     
   18.312000000002445        4877.4744610038124     
   18.332000000002445        4862.5694464837006     
   18.352000000002445        4847.2972510543495     
   18.372000000002444        4831.6831068842985     
   18.392000000002444        4815.8118506095498     
   18.412000000002447        4838.7537404704508     
   18.432000000002446        4802.3791671771369     
   18.452000000002446        4784.6694849241167     
   18.472000000002446        4766.7423953861708     
   18.492000000002445        4690.1160889040548     
   18.512000000002445        4612.0884330339359     
   18.532000000002444        4628.3881270406100     
   18.552000000002444        4606.6225633875247     
   18.572000000002443        4584.7582615824831     
   18.592000000002447        4562.7681131344707     
   18.612000000002446        4540.6553870626331     
   18.632000000002446        4554.4601864606066     
   18.652000000002445        4531.6047686285510     
   18.672000000002445        4508.5636352256233     
   18.692000000002444        4485.3659644062891     
   18.712000000002444        4461.9753087585959     
   18.732000000002444        4438.3518329468334     
   18.752000000002447        4414.5161770965215     
   18.772000000002446        4390.5003557559012     
   18.792000000002446        4366.3118796922972     
   18.812000000002445        4270.8359866095871     
   18.832000000002445        4244.9386860623154     
   18.852000000002445        4218.7324786952368     
   18.872000000002444        4109.7334852454214     
   18.892000000002444        4081.6258213055280     
   18.912000000002447        4053.3007405436319     
   18.932000000002446        4024.6994215582376     
   18.952000000002446        3995.8540123210942     
   18.972000000002446        3865.6773462081201     
   18.992000000002445        3835.0436802450872     
   19.012000000002445        3804.3236428278828     
   19.032000000002444        3797.8663575293572     
   19.052000000002444        3766.5284326900851     
   19.072000000002443        3756.0193388923030     
   19.092000000002447        3723.1501618318257     
   19.112000000002446        3690.1457927093288     
   19.132000000002446        3657.0434111382115     
   19.152000000002445        3623.8825321473328     
   19.172000000002445        3590.7064305872432     
   19.192000000002444        3557.5534996956621     
   19.212000000002444        3524.4541844171372     
