   1.2000000002444722E-002   4383.9076342866410     
   3.2000000002444726E-002   4386.7526663793533     
   5.2000000002444723E-002   4390.4734903641838     
   7.2000000002444720E-002   4392.5735845416621     
   9.2000000002444723E-002   4396.9517258411279     
  0.11200000000244473        4399.5757220464848     
  0.13200000000244472        4402.2599913633039     
  0.15200000000244474        4405.4620829804280     
  0.17200000000244473        4409.3373527966241     
  0.19200000000244472        4409.3396658345773     
  0.21200000000244473        4415.3933153760681     
  0.23200000000244472        4419.8672897034803     
  0.25200000000244471        4423.3661040206534     
  0.27200000000244473        4425.8142784224228     
  0.29200000000244475        4427.1787579691581     
  0.31200000000244471        4432.0980589147503     
  0.33200000000244473        4433.4870761436505     
  0.35200000000244475        4437.4767041523637     
  0.37200000000244471        4443.7388193551606     
  0.39200000000244473        4447.4759513319732     
  0.41200000000244474        4449.1918688739370     
  0.43200000000244471        4450.7906832458957     
  0.45200000000244472        4455.7626748589300     
  0.47200000000244474        4457.0974562506726     
  0.49200000000244470        4459.2252805847493     
  0.51200000000244472        4459.8223959271636     
  0.53200000000244474        4467.7139332433026     
  0.55200000000244476        4464.5974531732036     
  0.57200000000244478        4476.0807913855242     
  0.59200000000244468        4476.3791953752179     
  0.61200000000244470        4479.7668570326914     
  0.63200000000244472        4490.0993098146910     
  0.65200000000244474        4484.3558106364990     
  0.67200000000244475        4492.5763730476010     
  0.69200000000244477        4494.5367789557813     
  0.71200000000244479        4492.5154537608105     
  0.73200000000244470        4502.2222861756800     
  0.75200000000244471        4502.1695543177484     
  0.77200000000244473        4513.0232802799646     
  0.79200000000244475        4503.3311578761613     
  0.81200000000244477        4518.7245484328741     
  0.83200000000244478        4510.8710853743842     
  0.85200000000244469        4517.9566875195169     
  0.87200000000244471        4529.1057846073445     
  0.89200000000244473        4525.1708557382181     
  0.91200000000244474        4528.3786136428735     
  0.93200000000244476        4540.5202651608670     
  0.95200000000244478        4539.0903766236861     
  0.97200000000244469        4533.8876517203125     
  0.99200000000244470        4543.0975141831577     
   1.0120000000024447        4548.5529595343887     
   1.0320000000024447        4565.7241574575764     
   1.0520000000024448        4545.5440165487098     
   1.0720000000024448        4557.6036210346674     
   1.0920000000024448        4571.7915166228522     
   1.1120000000024448        4570.0422219177672     
   1.1320000000024448        4573.1618056875823     
   1.1520000000024448        4550.5072378652358     
   1.1720000000024446        4562.5480922906554     
   1.1920000000024447        4568.7597833472291     
   1.2120000000024447        4586.9214233065222     
   1.2320000000024447        4582.5904926396206     
   1.2520000000024447        4581.1944932609713     
   1.2720000000024447        4582.2417333771191     
   1.2920000000024447        4595.3864990008278     
   1.3120000000024448        4589.6448657057063     
   1.3320000000024448        4598.5881668141346     
   1.3520000000024448        4620.4287166324866     
   1.3720000000024448        4599.0031605190889     
   1.3920000000024448        4616.5793435297328     
   1.4120000000024449        4608.9988965678540     
   1.4320000000024447        4628.2618568799726     
   1.4520000000024447        4625.0183378360243     
   1.4720000000024447        4615.1740402329251     
   1.4920000000024447        4626.8480588493258     
   1.5120000000024447        4637.3524194363008     
   1.5320000000024447        4638.0127077173474     
   1.5520000000024448        4626.1148898713636     
   1.5720000000024448        4603.2499788749237     
   1.5920000000024448        4613.1905956699266     
   1.6120000000024448        4637.8745356973750     
   1.6320000000024448        4659.7511534857804     
   1.6520000000024448        4654.5270860548571     
   1.6720000000024449        4662.9209377010511     
   1.6920000000024447        4662.6188231483911     
   1.7120000000024447        4671.6584795383806     
   1.7320000000024447        4663.7671092231640     
   1.7520000000024447        4663.4585362161679     
   1.7720000000024447        4650.4772672406270     
   1.7920000000024447        4658.5319251589790     
   1.8120000000024448        4676.2611737623365     
   1.8320000000024448        4677.3720795821137     
   1.8520000000024448        4686.2885112266422     
   1.8720000000024448        4691.8871120923050     
   1.8920000000024448        4706.9114200908198     
   1.9120000000024449        4690.4213262434960     
   1.9320000000024447        4696.0572824648352     
   1.9520000000024447        4709.0389898565709     
   1.9720000000024447        4722.5784572677221     
   1.9920000000024447        4722.9850567827689     
   2.0120000000024447        4733.6793478494073     
   2.0320000000024447        4720.2883016759633     
   2.0520000000024448        4727.0837046031847     
   2.0720000000024448        4735.4781459138603     
   2.0920000000024448        4754.9300464239968     
   2.1120000000024448        4721.4879519491560     
   2.1320000000024448        4735.3732648496953     
   2.1520000000024448        4741.2747738011349     
   2.1720000000024449        4747.0421856157991     
   2.1920000000024449        4729.1358355613029     
   2.2120000000024449        4721.0890329824597     
   2.2320000000024449        4735.9876034257077     
   2.2520000000024449        4752.9465322329042     
   2.2720000000024450        4758.5073239643962     
   2.2920000000024450        4771.8192972289407     
   2.3120000000024450        4770.0587900863056     
   2.3320000000024446        4769.0684125976722     
   2.3520000000024446        4793.6430247282187     
   2.3720000000024446        4777.8033957675780     
   2.3920000000024446        4788.3863112393701     
   2.4120000000024446        4803.4807652998516     
   2.4320000000024447        4792.9927622186297     
   2.4520000000024447        4803.3830566288152     
   2.4720000000024447        4793.3785073442577     
   2.4920000000024447        4784.6987897004583     
   2.5120000000024447        4803.5947880696640     
   2.5320000000024447        4804.2056677657611     
   2.5520000000024448        4802.5276095045137     
   2.5720000000024448        4801.1842061069083     
   2.5920000000024448        4789.2866183983197     
   2.6120000000024448        4787.2012212894051     
   2.6320000000024448        4783.6458019394513     
   2.6520000000024448        4789.6726464705334     
   2.6720000000024449        4798.5227702687971     
   2.6920000000024449        4813.0482297646058     
   2.7120000000024449        4832.3797003423279     
   2.7320000000024449        4839.9191823217416     
   2.7520000000024449        4833.8680797908573     
   2.7720000000024450        4844.0490538657423     
   2.7920000000024450        4862.5546752721893     
   2.8120000000024450        4850.3518799706653     
   2.8320000000024446        4856.1463473869244     
   2.8520000000024446        4860.7831904794921     
   2.8720000000024446        4857.2346168659360     
   2.8920000000024446        4842.3680138851641     
   2.9120000000024446        4853.6236967535660     
   2.9320000000024447        4866.5373266729503     
   2.9520000000024447        4864.9634133840564     
   2.9720000000024447        4899.9413900427407     
   2.9920000000024447        4934.9271508386819     
   3.0120000000024447        4965.7891841708170     
   3.0320000000024447        4981.8046361582401     
   3.0520000000024448        4991.6834882959083     
   3.0720000000024448        5003.2499100753066     
   3.0920000000024448        5017.4036223426083     
   3.1120000000024448        5000.9769484506060     
   3.1320000000024448        4982.3709694297931     
   3.1520000000024448        4968.0112057136175     
   3.1720000000024449        4939.5181149239952     
   3.1920000000024449        4930.9386590067297     
   3.2120000000024449        4929.5657185053706     
   3.2320000000024449        4939.3831223407751     
   3.2520000000024449        4937.1761155642698     
   3.2720000000024450        4915.1006762357174     
   3.2920000000024450        4915.3194030120758     
   3.3120000000024450        4906.5098277473953     
   3.3320000000024450        4902.6650592537198     
   3.3520000000024446        4937.3585714082828     
   3.3720000000024446        4966.6874984549950     
   3.3920000000024446        4958.5462838424828     
   3.4120000000024446        4960.0453270230091     
   3.4320000000024447        4975.6896347770935     
   3.4520000000024447        4982.7997791283560     
   3.4720000000024447        5002.5288704396089     
   3.4920000000024447        4998.4533651213596     
   3.5120000000024447        5013.6026121564973     
   3.5320000000024447        5017.8082198971533     
   3.5520000000024448        5021.9403398304812     
   3.5720000000024448        5038.5512652989901     
   3.5920000000024448        5036.8387953475521     
   3.6120000000024448        5059.9849206563549     
   3.6320000000024448        5082.3669107848136     
   3.6520000000024448        5058.8405283152979     
   3.6720000000024449        5056.0327288970684     
   3.6920000000024449        5058.8123200654882     
   3.7120000000024449        5065.2888343289387     
   3.7320000000024449        5053.3473944169264     
   3.7520000000024449        5064.3428234122011     
   3.7720000000024450        5065.3176108336766     
   3.7920000000024450        5081.2241989962849     
   3.8120000000024450        5071.3327965771605     
   3.8320000000024450        5078.1896590770875     
   3.8520000000024446        5081.7965984316797     
   3.8720000000024446        5108.7484655051103     
   3.8920000000024446        5107.0701156013311     
   3.9120000000024446        5112.4950903590898     
   3.9320000000024447        5090.8649188377140     
   3.9520000000024447        5083.1805268205781     
   3.9720000000024447        5086.9415949755376     
   3.9920000000024447        5081.6466591597000     
   4.0120000000024447        5053.8640481813645     
   4.0320000000024452        5019.5307420597746     
   4.0520000000024448        5000.1238598458031     
   4.0720000000024452        4934.9250042338863     
   4.0920000000024448        4918.4064412245498     
   4.1120000000024444        4878.0664232698809     
   4.1320000000024448        4817.7855417466317     
   4.1520000000024444        4793.5801890019166     
   4.1720000000024449        4751.9286827161495     
   4.1920000000024444        4713.8151277696825     
   4.2120000000024449        4646.4710220706193     
   4.2320000000024445        4601.5987446206509     
   4.2520000000024449        4576.8342978154524     
   4.2720000000024445        4555.0139187162604     
   4.2920000000024450        4517.0531465202494     
   4.3120000000024445        4493.1628048528155     
   4.3320000000024450        4478.6910058748790     
   4.3520000000024446        4466.4770808123640     
   4.3720000000024450        4454.6786229009795     
   4.3920000000024446        4421.3127040021209     
   4.4120000000024451        4409.5842759655679     
   4.4320000000024447        4419.5859198069538     
   4.4520000000024451        4441.1934736395915     
   4.4720000000024447        4461.9841699533717     
   4.4920000000024451        4494.1787499034153     
   4.5120000000024447        4553.1212938794861     
   4.5320000000024452        4588.7710327310970     
   4.5520000000024448        4623.4711096172659     
   4.5720000000024452        4649.2130566796914     
   4.5920000000024448        4701.2394665880729     
   4.6120000000024453        4743.9328615385202     
   4.6320000000024448        4792.1786545152108     
   4.6520000000024444        4821.7089135086044     
   4.6720000000024449        4846.4287578877984     
   4.6920000000024444        4887.4250501261095     
   4.7120000000024449        4942.9228296105985     
   4.7320000000024445        4973.8259005600848     
   4.7520000000024449        5007.0023474247773     
   4.7720000000024445        5038.3156270214022     
   4.7920000000024450        5080.4757244644807     
   4.8120000000024445        5112.5964842965677     
   4.8320000000024450        5165.0252366828681     
   4.8520000000024446        5201.4130909781852     
   4.8720000000024450        5232.2289180202633     
   4.8920000000024446        5253.6575111558013     
   4.9120000000024451        5266.6633662305903     
   4.9320000000024447        5290.2337649231249     
   4.9520000000024451        5293.7955261286179     
   4.9720000000024447        5290.4485008959673     
   4.9920000000024451        5306.6507255807164     
   5.0120000000024447        5310.8239235818437     
   5.0320000000024452        5334.1010998222146     
   5.0520000000024448        5361.3699163554338     
   5.0720000000024452        5352.0214033302727     
   5.0920000000024448        5363.9644528761064     
   5.1120000000024453        5370.7189473199187     
   5.1320000000024448        5376.6145605924412     
   5.1520000000024444        5366.2060742182948     
   5.1720000000024449        5347.8302457427317     
   5.1920000000024444        5336.5579727208806     
   5.2120000000024449        5335.1520506520965     
   5.2320000000024445        5321.9306245198350     
   5.2520000000024449        5308.8177478413727     
   5.2720000000024445        5310.2439308007697     
   5.2920000000024450        5297.4717387127275     
   5.3120000000024445        5299.1133279735996     
   5.3320000000024450        5293.7134453803255     
   5.3520000000024446        5305.7875492785497     
   5.3720000000024450        5327.7198524130554     
   5.3920000000024446        5374.7414175225967     
   5.4120000000024451        5395.0087083462031     
   5.4320000000024447        5415.4640309220058     
   5.4520000000024451        5417.4330008434017     
   5.4720000000024447        5399.0840234029984     
   5.4920000000024451        5407.0559990906431     
   5.5120000000024447        5402.7496858884697     
   5.5320000000024452        5424.2846199538408     
   5.5520000000024448        5442.2100148466461     
   5.5720000000024452        5496.1202199869704     
   5.5920000000024448        5501.4168043605732     
   5.6120000000024453        5508.3689169251056     
   5.6320000000024448        5516.5558600261738     
   5.6520000000024444        5524.5515141181477     
   5.6720000000024449        5534.7432989157960     
   5.6920000000024444        5553.6384712074059     
   5.7120000000024449        5549.3713845874054     
   5.7320000000024445        5543.8451523753629     
   5.7520000000024449        5511.6217868812455     
   5.7720000000024445        5508.3213413327849     
   5.7920000000024450        5518.3217229765323     
   5.8120000000024445        5544.4380106154658     
   5.8320000000024450        5551.1225908300275     
   5.8520000000024446        5563.3912768069194     
   5.8720000000024450        5599.9676717978009     
   5.8920000000024446        5609.0541202189106     
   5.9120000000024451        5616.6003012989113     
   5.9320000000024447        5656.1407648501581     
   5.9520000000024451        5691.2555861323708     
   5.9720000000024447        5700.2238909512607     
   5.9920000000024451        5737.3028575114522     
   6.0120000000024447        5743.9613589862174     
   6.0320000000024452        5780.6364473174999     
   6.0520000000024448        5770.6851257942044     
   6.0720000000024452        5785.8405621985603     
   6.0920000000024448        5801.1280344392471     
   6.1120000000024453        5792.3947790682141     
   6.1320000000024448        5848.7131367212396     
   6.1520000000024453        5824.3557124926729     
   6.1720000000024449        5831.1497114345439     
   6.1920000000024444        5794.7183861703115     
   6.2120000000024449        5796.5779198777091     
   6.2320000000024445        5801.8046569128110     
   6.2520000000024449        5791.6362784394532     
   6.2720000000024445        5813.0800240833423     
   6.2920000000024450        5797.6987754688516     
   6.3120000000024445        5766.7634465976635     
   6.3320000000024450        5761.4159575056337     
   6.3520000000024446        5745.0913060701823     
   6.3720000000024450        5742.8975779326865     
   6.3920000000024446        5741.6187047661861     
   6.4120000000024451        5758.6532849482310     
   6.4320000000024447        5745.0781424683728     
   6.4520000000024451        5745.9887899670694     
   6.4720000000024447        5732.6053632306848     
   6.4920000000024451        5732.9590491904146     
   6.5120000000024447        5719.0476890562049     
   6.5320000000024452        5697.3335987207383     
   6.5520000000024448        5689.2027636949260     
   6.5720000000024452        5674.9907886016754     
   6.5920000000024448        5663.6896956266801     
   6.6120000000024453        5637.6327395690987     
   6.6320000000024448        5641.5981379679852     
   6.6520000000024453        5622.9707280908024     
   6.6720000000024449        5627.4547447768482     
   6.6920000000024444        5646.5895518409288     
   6.7120000000024449        5646.8985549696599     
   6.7320000000024445        5666.8909733519458     
   6.7520000000024449        5705.2855873829831     
   6.7720000000024445        5678.5814664890913     
   6.7920000000024450        5680.7620306745566     
   6.8120000000024445        5665.4215469891615     
   6.8320000000024450        5644.4743256615275     
   6.8520000000024446        5648.7844361583066     
   6.8720000000024450        5686.6150793607821     
   6.8920000000024446        5667.9886045436324     
   6.9120000000024451        5663.4366538739005     
   6.9320000000024447        5689.9430998398229     
   6.9520000000024451        5700.1779842819096     
   6.9720000000024447        5680.0137901146436     
   6.9920000000024451        5621.2155720376486     
   7.0120000000024447        5600.3227247889790     
   7.0320000000024452        5588.9232820271245     
   7.0520000000024448        5594.1020154061716     
   7.0720000000024452        5566.0647326573426     
   7.0920000000024448        5533.9929707690526     
   7.1120000000024453        5502.5245967573210     
   7.1320000000024448        5489.2260374949165     
   7.1520000000024453        5427.1975046252219     
   7.1720000000024449        5427.2550628568706     
   7.1920000000024444        5407.5096953143548     
   7.2120000000024449        5370.8227057490467     
   7.2320000000024445        5364.2723855450649     
   7.2520000000024449        5336.4426230904191     
   7.2720000000024445        5290.1298938090313     
   7.2920000000024450        5245.6363778266686     
   7.3120000000024445        5154.1105000786019     
   7.3320000000024450        5101.6705033638264     
   7.3520000000024446        5049.8883928497053     
   7.3720000000024450        5014.6560360772382     
   7.3920000000024446        4961.7172912654542     
   7.4120000000024451        4929.5291838204621     
   7.4320000000024447        4871.3974964228064     
   7.4520000000024451        4813.1506928775407     
   7.4720000000024447        4771.6826638574576     
   7.4920000000024451        4702.8311070881109     
   7.5120000000024447        4675.8214574187314     
   7.5320000000024452        4612.4218051289572     
   7.5520000000024448        4563.9895003987285     
   7.5720000000024452        4536.2917420996982     
   7.5920000000024448        4463.4911009720545     
   7.6120000000024453        4397.8344338502066     
   7.6320000000024448        4330.1339086399048     
   7.6520000000024453        4261.9136470635440     
   7.6720000000024449        4192.4408125228374     
   7.6920000000024444        4121.8705336262665     
   7.7120000000024449        4042.0238148752292     
   7.7320000000024445        3984.2232535384601     
   7.7520000000024449        3899.5001468796686     
   7.7720000000024445        3826.9045991962812     
   7.7920000000024450        3740.2744427183738     
   7.8120000000024445        3679.7831090684795     
   7.8320000000024450        3618.3244378174768     
   7.8520000000024446        3541.3691876038642     
   7.8720000000024450        3466.5897162705965     
   7.8920000000024446        3391.8413788577664     
   7.9120000000024451        3327.7031443348833     
   7.9320000000024447        3247.8154102929784     
   7.9520000000024451        3167.3399512097726     
   7.9720000000024447        3108.3085657784886     
   7.9920000000024451        3027.4785121055361     
   8.0120000000024447        2927.4858884155669     
   8.0320000000024443        2854.1983780473761     
   8.0520000000024456        2772.9015496990369     
   8.0720000000024452        2689.1882421539158     
   8.0920000000024448        2608.8978304203533     
   8.1120000000024444        2527.6804766207224     
   8.1320000000024457        2444.9487475030978     
   8.1520000000024453        2346.0852066314042     
   8.1720000000024449        2270.6531868430598     
   8.1920000000024444        2192.7099884569175     
   8.2120000000024440        2110.4905860974000     
   8.2320000000024454        2024.4115965328258     
   8.2520000000024449        1937.1876377471397     
   8.2720000000024445        1849.1035782162558     
   8.2920000000024441        1761.3702488472100     
   8.3120000000024454        1679.6941974263161     
   8.3320000000024450        1594.0140383354956     
   8.3520000000024446        1509.3268730570910     
   8.3720000000024442        1425.4468629122414     
   8.3920000000024455        1345.1202842969153     
   8.4120000000024451        1265.4190721367552     
   8.4320000000024447        1183.7535089604860     
   8.4520000000024442        1102.4605359114987     
   8.4720000000024456        1024.4138216915428     
   8.4920000000024451        954.68219045058822     
   8.5120000000024447        882.78689691196905     
   8.5320000000024443        810.59545234204882     
   8.5520000000024456        740.50323052150634     
   8.5720000000024452        674.38269854540124     
   8.5920000000024448        610.36306030420610     
   8.6120000000024444        548.59221700355442     
   8.6320000000024457        489.18350389011158     
   8.6520000000024453        434.35061354380650     
   8.6720000000024449        384.61995424672733     
   8.6920000000024444        333.37981943041518     
   8.7120000000024458        286.46888081713422     
   8.7320000000024454        242.59698329996576     
   8.7520000000024449        204.77066053913217     
   8.7720000000024445        170.23870677023592     
   8.7920000000024441        139.07770899577082     
   8.8120000000024454        110.54722935297880     
   8.8320000000024450        84.989740389191695     
   8.8520000000024446        62.228675339049893     
   8.8720000000024442        43.834258300553152     
   8.8920000000024455        29.062915900503608     
   8.9120000000024451        17.145010171521335     
   8.9320000000024447        8.7889161167420671     
   8.9520000000024442        3.8013799680003793     
   8.9720000000024456        1.8805159684134451     
   8.9920000000024451        2.6315702122561762     
   9.0120000000024447        5.8976022228624334     
   9.0320000000024443        11.639212267796911     
   9.0520000000024456        19.963660316691325     
   9.0720000000024452        30.198435958933207     
   9.0920000000024448        43.632581644357003     
   9.1120000000024444        59.452106420408029     
   9.1320000000024457        77.424824741236790     
   9.1520000000024453        94.514949121148106     
   9.1720000000024449        113.54192865980475     
   9.1920000000024444        136.08369048046001     
   9.2120000000024458        152.03815795430793     
   9.2320000000024454        177.08260429816642     
   9.2520000000024449        192.75015475351296     
   9.2720000000024445        209.50229524313690     
   9.2920000000024441        236.09292977089694     
   9.3120000000024454        264.95717170697759     
   9.3320000000024450        295.57634983223556     
   9.3520000000024446        328.26902028685112     
   9.3720000000024442        362.76734948192768     
   9.3920000000024455        397.34024100336211     
   9.4120000000024451        423.77873758638668     
   9.4320000000024447        459.36147018824431     
   9.4520000000024442        496.89753626729049     
   9.4720000000024456        536.27751996759594     
   9.4920000000024451        576.98030889949951     
   9.5120000000024447        617.16665478194614     
   9.5320000000024443        658.34005948765900     
   9.5520000000024456        700.89741054393983     
   9.5720000000024452        745.03572624554374     
   9.5920000000024448        790.40868117935565     
   9.6120000000024444        836.92107461654803     
   9.6320000000024457        884.38923355878114     
   9.6520000000024453        930.34187482330594     
   9.6720000000024449        978.98327414886853     
   9.6920000000024444        1028.6001267033712     
   9.7120000000024458        1077.6236201819609     
   9.7320000000024454        1128.3615492471993     
   9.7520000000024449        1178.6802605572327     
   9.7720000000024445        1230.5772034358699     
   9.7920000000024441        1247.0817309430472     
   9.8120000000024454        1257.5964297535443     
   9.8320000000024450        1308.9666841268879     
   9.8520000000024446        1361.6035250445393     
   9.8720000000024442        1415.7632729662876     
   9.8920000000024455        1471.3283445120887     
   9.9120000000024451        1478.3896233111109     
   9.9320000000024447        1534.0345853198360     
   9.9520000000024442        1590.0983365532459     
   9.9720000000024456        1641.7787916568755     
   9.9920000000024451        1692.0652324039324     
   10.012000000002445        1749.3169048201594     
   10.032000000002444        1809.1359433763248     
   10.052000000002446        1859.5989928245688     
   10.072000000002445        1911.5344025815486     
   10.092000000002445        1962.5981162622945     
   10.112000000002444        2005.2164133052015     
   10.132000000002446        2059.1574732110789     
   10.152000000002445        2041.9046932421811     
   10.172000000002445        2095.8973604694361     
   10.192000000002444        2150.4983163056049     
   10.212000000002446        2206.0394524674675     
   10.232000000002445        2255.6232388063313     
   10.252000000002445        2311.4892179376720     
   10.272000000002445        2367.5738058130478     
   10.292000000002444        2423.7299652101756     
   10.312000000002445        2478.8479457645158     
   10.332000000002445        2531.7586250809632     
   10.352000000002445        2567.1508457127761     
   10.372000000002444        2610.0046900162502     
   10.392000000002446        2663.9960357816467     
   10.412000000002445        2698.9479802900396     
   10.432000000002445        2754.4805414337688     
   10.452000000002444        2811.1610926342864     
   10.472000000002446        2869.2382793513402     
   10.492000000002445        2842.7947308776234     
   10.512000000002445        2897.9409252003366     
   10.532000000002444        2952.3591541466371     
   10.552000000002446        3004.7573847100384     
   10.572000000002445        3056.1837505882854     
   10.592000000002445        3108.3420792660818     
   10.612000000002444        3161.5751285996380     
   10.632000000002446        3215.6840099429669     
   10.652000000002445        3270.9260749636001     
   10.672000000002445        3327.4334933931709     
   10.692000000002444        3398.6252200587219     
   10.712000000002446        3454.7833889554427     
   10.732000000002445        3443.6651567874937     
   10.752000000002445        3513.4146437724667     
   10.772000000002445        3567.4614482312636     
   10.792000000002444        3621.4917415736636     
   10.812000000002445        3675.0725813650442     
   10.832000000002445        3746.7219426354759     
   10.852000000002445        3801.8587224720118     
   10.872000000002444        3857.9362256237318     
   10.892000000002446        3914.2787856414157     
   10.912000000002445        3921.9909666255517     
   10.932000000002445        3975.1905214222384     
   10.952000000002444        3982.0085236806735     
   10.972000000002446        3990.8420424666601     
   10.992000000002445        4039.5579657764042     
   11.012000000002445        4089.5423215910196     
   11.032000000002444        4135.3953915150660     
   11.052000000002446        4210.7553973885342     
   11.072000000002445        4256.6454302997608     
   11.092000000002445        4307.4025870294108     
   11.112000000002444        4359.7092178262919     
   11.132000000002446        4406.5691717103718     
   11.152000000002445        4453.5228819569611     
   11.172000000002445        4500.8415440902418     
   11.192000000002444        4548.6183831905964     
   11.212000000002446        4624.9474965502704     
   11.232000000002445        4666.2723286167666     
   11.252000000002445        4715.5341207303090     
   11.272000000002445        4822.5597415508328     
   11.292000000002444        4868.8706094851714     
   11.312000000002445        4914.4566740747387     
   11.332000000002445        4960.7239935384050     
   11.352000000002445        5047.4461892635118     
   11.372000000002444        5101.3550486055019     
   11.392000000002446        5146.9862744934908     
   11.412000000002445        5191.2925396299133     
   11.432000000002445        5234.5120681721264     
   11.452000000002444        5276.9994545122981     
   11.472000000002446        5319.4512056450203     
   11.492000000002445        5362.0649655226571     
   11.512000000002445        5333.3237276850150     
   11.532000000002444        5374.8246254219684     
   11.552000000002446        5416.5640275694705     
   11.572000000002445        5457.5309248157919     
   11.592000000002445        5498.8218552017743     
   11.612000000002444        5541.3622287920807     
   11.632000000002446        5585.5984193569248     
   11.652000000002445        5630.9129685134612     
   11.672000000002445        5675.3659105132456     
   11.692000000002444        5718.7872798128956     
   11.712000000002446        5762.2637823431323     
   11.732000000002445        5840.9541338628342     
   11.752000000002445        5884.4814605313759     
   11.772000000002445        5885.9831251670357     
   11.792000000002444        5924.4067534275537     
   11.812000000002445        5961.6404384581701     
   11.832000000002445        5999.0665526157318     
   11.852000000002445        6043.3267320804944     
   11.872000000002444        6114.5440610445439     
   11.892000000002446        6144.4600815296099     
   11.912000000002445        6173.3014090347824     
   11.932000000002445        6200.9101619667672     
   11.952000000002444        6227.7774008862216     
   11.972000000002446        6296.3255781221396     
   11.992000000002445        6322.7386946801143     
   12.012000000002445        6348.4048192386990     
   12.032000000002444        6374.5785344012693     
   12.052000000002446        6436.9961558708219     
   12.072000000002445        6462.2152407221583     
   12.092000000002445        6412.0478612783054     
   12.112000000002444        6431.5654299700063     
   12.132000000002446        6449.7445097771033     
   12.152000000002445        6500.9553935880240     
   12.172000000002445        6552.0990591336458     
   12.192000000002444        6589.9761996633315     
   12.212000000002446        6533.1960498659819     
   12.232000000002445        6578.3269538893319     
   12.252000000002445        6633.3648413773535     
   12.272000000002445        6640.9978884306229     
   12.292000000002446        6575.1756747670988     
   12.312000000002445        6611.7738150529876     
   12.332000000002445        6613.1157798189943     
   12.352000000002445        6614.2802134018320     
   12.372000000002444        6615.5920693889275     
   12.392000000002446        6548.3019955010577     
   12.412000000002445        6579.9685150800397     
   12.432000000002445        6576.5846035761551     
   12.452000000002444        6616.5015591293550     
   12.472000000002446        6611.1922550321142     
   12.492000000002445        6605.1056123414128     
   12.512000000002445        6598.9032436099005     
   12.532000000002444        6592.0443354731478     
   12.552000000002446        6654.5325096346960     
   12.572000000002445        6644.0503190528116     
   12.592000000002445        6678.3678473117679     
   12.612000000002444        6612.6819977385430     
   12.632000000002446        6544.8624114517006     
   12.652000000002445        6566.1703099282859     
   12.672000000002445        6500.6429363683010     
   12.692000000002444        6561.3679558535714     
   12.712000000002446        6590.0563269827680     
   12.732000000002445        6578.9606273752233     
   12.752000000002445        6567.1961571982429     
   12.772000000002445        6555.0098674872324     
   12.792000000002446        6584.6345003771175     
   12.812000000002445        6572.7072861237739     
   12.832000000002445        6604.0952305717292     
   12.852000000002445        6592.7804412660462     
   12.872000000002444        6581.8816389669219     
   12.892000000002446        6571.5992257247144     
   12.912000000002445        6561.7354622155826     
   12.932000000002445        6551.8915702860932     
   12.952000000002444        6541.8617190616442     
   12.972000000002446        6533.3382158787790     
   12.992000000002445        6569.0437148645806     
   13.012000000002445        6560.9345790038069     
   13.032000000002444        6552.1170852011164     
   13.052000000002446        6544.3261475086592     
   13.072000000002445        6537.1362720666502     
   13.092000000002445        6580.6869807308040     
   13.112000000002444        6574.6366394965607     
   13.132000000002446        6569.7416051910786     
   13.152000000002445        6566.3758858323063     
   13.172000000002445        6564.5981054050326     
   13.192000000002444        6564.0383533451786     
   13.212000000002446        6563.9388070115865     
   13.232000000002445        6564.3768074685349     
   13.252000000002445        6613.7480506714573     
   13.272000000002445        6614.1887701222631     
   13.292000000002446        6604.6156778700724     
   13.312000000002445        6604.5827119787900     
   13.332000000002445        6604.6831613191544     
   13.352000000002445        6656.2428176844314     
   13.372000000002444        6656.1162742724546     
   13.392000000002446        6770.0091118713517     
   13.412000000002445        6772.2499330789224     
   13.432000000002445        6772.1893611450087     
   13.452000000002444        6891.5480358974864     
   13.472000000002446        6899.4115698016085     
   13.492000000002445        7087.7894200623123     
   13.512000000002445        7088.3831450785765     
   13.532000000002444        7089.2430406776393     
   13.552000000002446        7154.7590882081622     
   13.572000000002445        7155.9411084666708     
   13.592000000002445        7222.2757677757900     
   13.612000000002444        7223.7762750183210     
   13.632000000002446        7225.7525302279464     
   13.652000000002445        7228.0070909676415     
   13.672000000002445        7230.5455186986310     
   13.692000000002444        7300.8411079056541     
   13.712000000002446        7303.5462828366617     
   13.732000000002445        7437.3952707460485     
   13.752000000002445        7509.5531139534542     
   13.772000000002445        7509.6241970098936     
   13.792000000002446        7509.2584410912432     
   13.812000000002445        7568.9045086772721     
   13.832000000002445        7566.7100496663234     
   13.852000000002445        7636.6759039061353     
   13.872000000002444        7691.4388089658951     
