   2.9999999896972440E-003   9331.7120893233423     
   2.2999999989697244E-002   9336.0292664185054     
   4.2999999989697245E-002   9342.3159138396386     
   6.2999999989697242E-002   9345.7390464023047     
   8.2999999989697246E-002   9348.7137131465006     
  0.10299999998969725        9353.9032451855892     
  0.12299999998969724        9358.8431181009146     
  0.14299999998969726        9362.4471061037748     
  0.16299999998969725        9366.8260463407478     
  0.18299999998969724        9374.8478135007772     
  0.20299999998969726        9374.1366999828206     
  0.22299999998969725        9381.6227207915072     
  0.24299999998969724        9383.9150769511816     
  0.26299999998969725        9386.7885286674646     
  0.28299999998969727        9392.2670541036150     
  0.30299999998969723        9398.6951237655067     
  0.32299999998969725        9402.5250555057519     
  0.34299999998969727        9405.2319702793011     
  0.36299999998969723        9413.5567276833535     
  0.38299999998969725        9417.2530756655069     
  0.40299999998969727        9427.5650237901136     
  0.42299999998969723        9423.1741999715177     
  0.44299999998969725        9424.5926247873449     
  0.46299999998969726        9425.2618662816403     
  0.48299999998969723        9430.5486487419130     
  0.50299999998969724        9448.2397808970945     
  0.52299999998969726        9448.5658266467199     
  0.54299999998969728        9445.4489262654261     
  0.56299999998969730        9457.6935332025678     
  0.58299999998969720        9453.1899967559548     
  0.60299999998969722        9469.2758256180532     
  0.62299999998969724        9480.5122740609477     
  0.64299999998969726        9475.9376419963482     
  0.66299999998969728        9490.4284716345246     
  0.68299999998969729        9501.1243623166192     
  0.70299999998969731        9478.4815223892874     
  0.72299999998969722        9490.3934178637810     
  0.74299999998969724        9486.9074686174954     
  0.76299999998969725        9503.0201994794297     
  0.78299999998969727        9507.0325071025018     
  0.80299999998969729        9504.3737165230086     
  0.82299999998969731        9514.1862219052327     
  0.84299999998969721        9514.2220954246895     
  0.86299999998969723        9530.6653745389267     
  0.88299999998969725        9531.1288402422288     
  0.90299999998969727        9525.4904854669512     
  0.92299999998969728        9516.2596136276206     
  0.94299999998969730        9541.8043082806998     
  0.96299999998969721        9541.5599090691376     
  0.98299999998969723        9558.2047254625850     
   1.0029999999896972        9554.3672756315118     
   1.0229999999896973        9554.7306832971608     
   1.0429999999896973        9547.7258158797631     
   1.0629999999896973        9562.0061530464227     
   1.0829999999896973        9576.3554357758730     
   1.1029999999896973        9563.9451982472128     
   1.1229999999896974        9584.4331753128990     
   1.1429999999896974        9577.2683218824586     
   1.1629999999896972        9589.5386963528708     
   1.1829999999896972        9601.6571811875820     
   1.2029999999896972        9603.7005039466476     
   1.2229999999896972        9579.8195073391507     
   1.2429999999896972        9615.6812538337344     
   1.2629999999896973        9604.9279448639172     
   1.2829999999896973        9627.8794117629095     
   1.3029999999896973        9613.4142010264368     
   1.3229999999896973        9654.3805594823407     
   1.3429999999896973        9632.0337656772917     
   1.3629999999896973        9670.1037043804135     
   1.3829999999896974        9624.3513941003548     
   1.4029999999896974        9632.6645465635247     
   1.4229999999896972        9669.3515367616528     
   1.4429999999896972        9641.6558558130091     
   1.4629999999896972        9664.3994465044962     
   1.4829999999896972        9634.7103059370547     
   1.5029999999896972        9670.4723904376424     
   1.5229999999896973        9697.2476040839156     
   1.5429999999896973        9673.1319487825822     
   1.5629999999896973        9691.1772185242371     
   1.5829999999896973        9670.7528491026078     
   1.6029999999896973        9654.2861302508809     
   1.6229999999896974        9708.6207935143757     
   1.6429999999896974        9730.4199794407778     
   1.6629999999896974        9713.6115827095055     
   1.6829999999896972        9684.3721552090174     
   1.7029999999896972        9743.1508999895668     
   1.7229999999896972        9777.2634367548326     
   1.7429999999896972        9731.4660492969451     
   1.7629999999896973        9761.7395111214773     
   1.7829999999896973        9770.2771184948906     
   1.8029999999896973        9776.3975683287117     
   1.8229999999896973        9756.4237691430335     
   1.8429999999896973        9735.0154165996773     
   1.8629999999896973        9762.4884491955054     
   1.8829999999896974        9756.4381851051912     
   1.9029999999896974        9738.7408102724257     
   1.9229999999896972        9766.0249236050222     
   1.9429999999896972        9772.1739358747745     
   1.9629999999896972        9775.9917035899052     
   1.9829999999896972        9785.9941601586252     
   2.0029999999896972        9791.6446815104737     
   2.0229999999896973        9806.3920081579690     
   2.0429999999896973        9792.7968644273369     
   2.0629999999896973        9832.3395276441861     
   2.0829999999896973        9789.4081687677135     
   2.1029999999896973        9811.6777567931913     
   2.1229999999896974        9818.2586473513802     
   2.1429999999896974        9815.5784706418945     
   2.1629999999896974        9832.7321159632211     
   2.1829999999896974        9830.2453700919195     
   2.2029999999896974        9829.7165126237996     
   2.2229999999896974        9863.4479672255602     
   2.2429999999896975        9873.8087101506098     
   2.2629999999896975        9896.8770704695162     
   2.2829999999896975        9917.3560782288769     
   2.3029999999896975        9892.2500318656039     
   2.3229999999896971        9872.8621031060829     
   2.3429999999896971        9867.1609759696003     
   2.3629999999896971        9887.7702325891914     
   2.3829999999896971        9904.9639597592432     
   2.4029999999896972        9903.7223598370783     
   2.4229999999896972        9918.8881814529341     
   2.4429999999896972        9892.7136430963201     
   2.4629999999896972        9886.3259463196318     
   2.4829999999896972        9910.3094644140201     
   2.5029999999896972        9898.4231930651276     
   2.5229999999896973        9848.0051874023502     
   2.5429999999896973        9828.0566284299439     
   2.5629999999896973        9849.7276251058938     
   2.5829999999896973        9857.6761805689803     
   2.6029999999896973        9866.6379397343553     
   2.6229999999896974        9906.9347536187124     
   2.6429999999896974        9955.9065956729792     
   2.6629999999896974        9967.4296013747844     
   2.6829999999896974        9951.7396236745117     
   2.7029999999896974        9964.9129510157327     
   2.7229999999896974        9951.5210938352157     
   2.7429999999896975        9952.6318418743958     
   2.7629999999896975        9920.3344451456742     
   2.7829999999896975        9927.6685171298650     
   2.8029999999896975        9953.2057602455607     
   2.8229999999896971        10034.462454153741     
   2.8429999999896971        10037.462139975301     
   2.8629999999896971        10015.798022595889     
   2.8829999999896971        10034.829681500276     
   2.9029999999896972        10043.308592727641     
   2.9229999999896972        10067.072685518289     
   2.9429999999896972        10078.534948774544     
   2.9629999999896972        10050.852395270424     
   2.9829999999896972        10025.590012036904     
   3.0029999999896972        10057.771579413515     
   3.0229999999896973        10082.449392004319     
   3.0429999999896973        10074.774457470343     
   3.0629999999896973        10069.099416944129     
   3.0829999999896973        10028.808594240223     
   3.1029999999896973        10022.043560842674     
   3.1229999999896974        10042.703999672700     
   3.1429999999896974        10023.380717989810     
   3.1629999999896974        10027.711996700507     
   3.1829999999896974        10043.640692092800     
   3.2029999999896974        10024.425446798690     
   3.2229999999896974        10037.952974174423     
   3.2429999999896975        10069.577330911527     
   3.2629999999896975        10114.609677423112     
   3.2829999999896975        10097.722463450997     
   3.3029999999896975        10110.766900072691     
   3.3229999999896975        10100.798941778041     
   3.3429999999896971        10087.032719963498     
   3.3629999999896971        10082.924651437910     
   3.3829999999896971        10099.233168667071     
   3.4029999999896972        10146.390631922761     
   3.4229999999896972        10212.008031346908     
   3.4429999999896972        10210.530874303586     
   3.4629999999896972        10176.229255703642     
   3.4829999999896972        10161.769019264413     
   3.5029999999896972        10174.707334111818     
   3.5229999999896973        10198.067992339598     
   3.5429999999896973        10217.135411006391     
   3.5629999999896973        10204.435584253089     
   3.5829999999896973        10204.478679605292     
   3.6029999999896973        10211.461437964786     
   3.6229999999896974        10175.043631054898     
   3.6429999999896974        10140.332758764316     
   3.6629999999896974        10110.376859305115     
   3.6829999999896974        10103.657310949960     
   3.7029999999896974        10094.412011028664     
   3.7229999999896974        10129.708190298204     
   3.7429999999896975        10171.078278530686     
   3.7629999999896975        10185.388367515361     
   3.7829999999896975        10183.235753795878     
   3.8029999999896975        10177.818141355840     
   3.8229999999896975        10193.423902530278     
   3.8429999999896971        10218.113983917669     
   3.8629999999896971        10175.571836363886     
   3.8829999999896971        10193.707538117240     
   3.9029999999896972        10248.030275110732     
   3.9229999999896972        10229.159566250599     
   3.9429999999896972        10253.684943629745     
   3.9629999999896972        10261.437918719079     
   3.9829999999896972        10273.751021914841     
   4.0029999999896972        10250.988271779353     
   4.0229999999896977        10271.363177851614     
   4.0429999999896973        10302.650082685199     
   4.0629999999896977        10305.118527503579     
   4.0829999999896973        10298.176041539999     
   4.1029999999896969        10376.017908562477     
   4.1229999999896974        10386.348726659651     
   4.1429999999896969        10341.509341260560     
   4.1629999999896974        10320.611331257720     
   4.1829999999896970        10336.167503761377     
   4.2029999999896974        10364.095398087260     
   4.2229999999896970        10410.142656710790     
   4.2429999999896975        10392.170576647093     
   4.2629999999896970        10378.742967730448     
   4.2829999999896975        10354.624849385324     
   4.3029999999896971        10308.885602782277     
   4.3229999999896975        10306.930501643888     
   4.3429999999896971        10263.819594537892     
   4.3629999999896976        10284.916508316706     
   4.3829999999896971        10278.398532955593     
   4.4029999999896976        10244.153516405344     
   4.4229999999896972        10228.205017330465     
   4.4429999999896976        10231.550734305158     
   4.4629999999896972        10249.887471031212     
   4.4829999999896977        10249.383548886048     
   4.5029999999896972        10281.360919856259     
   4.5229999999896977        10313.265507745838     
   4.5429999999896973        10350.731419771484     
   4.5629999999896977        10360.608427782952     
   4.5829999999896973        10366.417287168595     
   4.6029999999896978        10370.984477267606     
   4.6229999999896974        10362.396429671226     
   4.6429999999896969        10368.178496029064     
   4.6629999999896974        10386.803708949365     
   4.6829999999896970        10412.254939819302     
   4.7029999999896974        10458.072979008399     
   4.7229999999896970        10485.208612794489     
   4.7429999999896975        10466.326124227326     
   4.7629999999896970        10469.338532395857     
   4.7829999999896975        10517.123835420916     
   4.8029999999896971        10520.142903304353     
   4.8229999999896975        10503.635259496910     
   4.8429999999896971        10507.903277102552     
   4.8629999999896976        10502.417803336542     
   4.8829999999896971        10515.625901051864     
   4.9029999999896976        10537.292135047075     
   4.9229999999896972        10529.877944872183     
   4.9429999999896976        10523.395056875157     
   4.9629999999896972        10481.379247277398     
   4.9829999999896977        10482.487027448258     
   5.0029999999896972        10449.714474132952     
   5.0229999999896977        10408.144216516010     
   5.0429999999896973        10386.398518584529     
   5.0629999999896977        10401.851490481768     
   5.0829999999896973        10374.953645313177     
   5.1029999999896978        10379.265135350002     
   5.1229999999896974        10432.004523278829     
   5.1429999999896969        10431.921670042739     
   5.1629999999896974        10444.420124589511     
   5.1829999999896970        10427.764466810655     
   5.2029999999896974        10419.269447420897     
   5.2229999999896970        10421.727452719371     
   5.2429999999896975        10451.041024569889     
   5.2629999999896970        10475.534223546138     
   5.2829999999896975        10541.240966123371     
   5.3029999999896971        10572.510446327226     
   5.3229999999896975        10563.564467212023     
   5.3429999999896971        10572.912724454343     
   5.3629999999896976        10612.597917432779     
   5.3829999999896971        10573.643435042437     
   5.4029999999896976        10582.121881276787     
   5.4229999999896972        10558.831036830390     
   5.4429999999896976        10562.274176929455     
   5.4629999999896972        10600.428802307009     
   5.4829999999896977        10600.082638198457     
   5.5029999999896972        10589.009730027179     
   5.5229999999896977        10530.255564779291     
   5.5429999999896973        10556.160422896750     
   5.5629999999896977        10556.510915972369     
   5.5829999999896973        10586.315882165360     
   5.6029999999896978        10597.304400618195     
   5.6229999999896974        10617.143610769321     
   5.6429999999896969        10682.494680960679     
   5.6629999999896974        10686.171210014141     
   5.6829999999896970        10674.950176162389     
   5.7029999999896974        10677.590500076956     
   5.7229999999896970        10643.403029891137     
   5.7429999999896975        10685.648748100895     
   5.7629999999896970        10740.217091709663     
   5.7829999999896975        10713.565227631501     
   5.8029999999896971        10743.444654798250     
   5.8229999999896975        10727.453838531310     
   5.8429999999896971        10768.774263743991     
   5.8629999999896976        10826.061366073933     
   5.8829999999896971        10828.477425435973     
   5.9029999999896976        10832.642985715718     
   5.9229999999896972        10836.019409459963     
   5.9429999999896976        10826.062368561648     
   5.9629999999896972        10831.131882322119     
   5.9829999999896977        10840.411144629556     
   6.0029999999896972        10887.360130954283     
   6.0229999999896977        10892.226402828843     
   6.0429999999896973        10982.471832916224     
   6.0629999999896977        10979.035329744047     
   6.0829999999896973        10976.343118248538     
   6.1029999999896978        10976.596161048188     
   6.1229999999896974        10999.360475676851     
   6.1429999999896978        11027.703193959469     
   6.1629999999896974        11035.010112248223     
   6.1829999999896970        11047.021827684279     
   6.2029999999896974        11072.189570173319     
   6.2229999999896970        11089.622106877743     
   6.2429999999896975        11121.436459051460     
   6.2629999999896970        11150.183329893336     
   6.2829999999896975        11166.804950390680     
   6.3029999999896971        11197.993958910753     
   6.3229999999896975        11214.915481735487     
   6.3429999999896971        11255.345091653489     
   6.3629999999896976        11275.258399995706     
   6.3829999999896971        11271.189861488006     
   6.4029999999896976        11306.432424119123     
   6.4229999999896972        11342.885240227577     
   6.4429999999896976        11365.782024141665     
   6.4629999999896972        11410.918342454195     
   6.4829999999896977        11458.551934766390     
   6.5029999999896972        11522.926113377198     
   6.5229999999896977        11576.733702437494     
   6.5429999999896973        11620.730854135978     
   6.5629999999896977        11612.860965197640     
   6.5829999999896973        11643.740026384048     
   6.6029999999896978        11691.328328300895     
   6.6229999999896974        11708.821649612213     
   6.6429999999896978        11710.252865551629     
   6.6629999999896974        11753.146086917408     
   6.6829999999896970        11732.483992491272     
   6.7029999999896974        11724.445575692762     
   6.7229999999896970        11738.107060799222     
   6.7429999999896975        11797.971750119026     
   6.7629999999896970        11816.050047316883     
   6.7829999999896975        11867.135415306926     
   6.8029999999896971        11893.491646097089     
   6.8229999999896975        11975.033939832081     
   6.8429999999896971        12010.976937417037     
   6.8629999999896976        11993.028253334805     
   6.8829999999896971        11985.298138403130     
   6.9029999999896976        11924.335906438997     
   6.9229999999896972        11863.875106222313     
   6.9429999999896976        11808.953694997355     
   6.9629999999896972        11801.894282153748     
   6.9829999999896977        11810.639903087502     
   7.0029999999896972        11794.758755768718     
   7.0229999999896977        11762.323421030043     
   7.0429999999896973        11851.994305995511     
   7.0629999999896977        11834.235535649905     
   7.0829999999896973        11815.414362948010     
   7.1029999999896978        11775.877368069932     
   7.1229999999896974        11737.050918437963     
   7.1429999999896978        11704.541322673054     
   7.1629999999896974        11678.388038404184     
   7.1829999999896970        11647.686101268248     
   7.2029999999896974        11670.036083896290     
   7.2229999999896970        11568.625862349418     
   7.2429999999896975        11545.441025470111     
   7.2629999999896970        11530.505585044331     
   7.2829999999896975        11447.490395314506     
   7.3029999999896971        11436.800506093241     
   7.3229999999896975        11372.467433836657     
   7.3429999999896971        11376.693266417980     
   7.3629999999896976        11370.696314016634     
   7.3829999999896971        11292.916078691844     
   7.4029999999896976        11243.154547662505     
   7.4229999999896972        11220.133418609501     
   7.4429999999896976        11196.560986532690     
   7.4629999999896972        11213.890346577684     
   7.4829999999896977        11190.516550475251     
   7.5029999999896972        11203.119329848783     
   7.5229999999896977        11178.446997886984     
   7.5429999999896973        11134.772265468268     
   7.5629999999896977        11135.326265279506     
   7.5829999999896973        11117.841979202716     
   7.6029999999896978        11122.370794216973     
   7.6229999999896974        11074.696856728558     
   7.6429999999896978        11047.481877059952     
   7.6629999999896974        11068.654988517967     
   7.6829999999896970        11071.891201321670     
   7.7029999999896974        11052.914414324652     
   7.7229999999896970        11041.475062369509     
   7.7429999999896975        11072.970880166862     
   7.7629999999896970        11086.228193214049     
   7.7829999999896975        11130.292716904136     
   7.8029999999896971        11162.504874239818     
   7.8229999999896975        11173.003677731202     
   7.8429999999896971        11168.936929946529     
   7.8629999999896976        11165.392029370532     
   7.8829999999896971        11202.362483431178     
   7.9029999999896976        11224.048816521996     
   7.9229999999896972        11230.400481548764     
   7.9429999999896976        11278.992004802927     
   7.9629999999896972        11279.774458393022     
   7.9829999999896977        11302.471087995635     
   8.0029999999896972        11315.166690392742     
   8.0229999999896968        11340.401390985722     
   8.0429999999896982        11362.019216558949     
   8.0629999999896977        11418.343849726134     
   8.0829999999896973        11417.140762392188     
   8.1029999999896969        11479.041565536952     
   8.1229999999896982        11490.038819324034     
   8.1429999999896978        11494.773394096290     
   8.1629999999896974        11474.439838793483     
   8.1829999999896970        11557.558274330218     
   8.2029999999896965        11580.827929899844     
   8.2229999999896979        11647.598738359433     
   8.2429999999896975        11667.474524259997     
   8.2629999999896970        11660.981722012817     
   8.2829999999896966        11651.363391270905     
   8.3029999999896980        11646.029951534954     
   8.3229999999896975        11672.163256735616     
   8.3429999999896971        11669.089934629723     
   8.3629999999896967        11664.081903205535     
   8.3829999999896980        11707.315122025500     
   8.4029999999896976        11725.015007522696     
   8.4229999999896972        11721.609474651017     
   8.4429999999896967        11881.364640214448     
   8.4629999999896981        11885.350048166569     
   8.4829999999896977        11884.561707418361     
   8.5029999999896972        11869.837271256569     
   8.5229999999896968        11882.345446137315     
   8.5429999999896982        11867.405191249061     
   8.5629999999896977        11853.467908527849     
   8.5829999999896973        11868.451190452646     
   8.6029999999896969        11884.159757782982     
   8.6229999999896982        11871.403005576351     
   8.6429999999896978        11856.602770706862     
   8.6629999999896974        11867.330780176992     
   8.6829999999896970        11812.824926442698     
   8.7029999999896983        11826.007098707834     
   8.7229999999896979        11839.461766942231     
   8.7429999999896975        11802.638288342920     
   8.7629999999896970        11790.386379925691     
   8.7829999999896966        11833.256873728196     
   8.8029999999896980        11790.444007529739     
   8.8229999999896975        11805.704313605436     
   8.8429999999896971        11791.779750613679     
   8.8629999999896967        11801.561629690974     
   8.8829999999896980        11812.002222812427     
   8.9029999999896976        11794.335424845485     
   8.9229999999896972        11816.244503973123     
   8.9429999999896967        11814.503180159065     
   8.9629999999896981        11814.295812349967     
   8.9829999999896977        11801.207986604693     
   9.0029999999896972        11787.435228165741     
   9.0229999999896968        11794.760751244343     
   9.0429999999896982        11814.529902044087     
   9.0629999999896977        11819.536459064531     
   9.0829999999896973        11838.821611187677     
   9.1029999999896969        11886.444489735506     
   9.1229999999896982        11813.556845939818     
   9.1429999999896978        11807.245015144112     
   9.1629999999896974        11836.606946026681     
   9.1829999999896970        11842.689632947349     
   9.2029999999896983        11841.936052940971     
   9.2229999999896979        11842.025396112880     
   9.2429999999896975        11843.249234923383     
   9.2629999999896970        11846.519785568667     
   9.2829999999896966        11875.995887924020     
   9.3029999999896980        11876.643064044920     
   9.3229999999896975        11872.813247159551     
   9.3429999999896971        11867.756680430621     
   9.3629999999896967        11892.474617727459     
   9.3829999999896980        11948.288184101853     
   9.4029999999896976        11920.933081568386     
   9.4229999999896972        11973.000997165114     
   9.4429999999896967        11974.055097473172     
   9.4629999999896981        11975.181828083741     
   9.4829999999896977        11973.480519492032     
   9.5029999999896972        11971.510114187106     
   9.5229999999896968        11970.681628193275     
   9.5429999999896982        11994.391987863883     
   9.5629999999896977        12084.045016700587     
   9.5829999999896973        12053.379053328972     
   9.6029999999896969        12044.283195801485     
   9.6229999999896982        12063.795715109110     
   9.6429999999896978        12020.142039162532     
   9.6629999999896974        12036.506810630070     
   9.6829999999896970        12014.252779779319     
   9.7029999999896983        12040.803945737178     
   9.7229999999896979        12017.164012067013     
   9.7429999999896975        12069.526441886848     
   9.7629999999896970        12054.904811890739     
   9.7829999999896966        12098.356746375115     
   9.8029999999896980        12097.106219362573     
   9.8229999999896975        12072.353303139764     
   9.8429999999896971        12047.478500452238     
   9.8629999999896967        12055.652105528816     
   9.8829999999896980        12031.412697236992     
   9.9029999999896976        12005.137772389007     
   9.9229999999896972        11976.834415465049     
   9.9429999999896967        11945.942007051726     
   9.9629999999896981        11911.914630231789     
   9.9829999999896977        11908.893080331492     
   10.002999999989697        11915.803536354564     
   10.022999999989697        11778.949859593198     
   10.042999999989698        11738.096188012751     
   10.062999999989698        11685.869318917683     
   10.082999999989697        11680.034561063932     
   10.102999999989697        11634.689819615762     
   10.122999999989698        11629.692333194964     
   10.142999999989698        11576.421079313139     
   10.162999999989697        11534.556045851536     
   10.182999999989697        11489.459999091876     
   10.202999999989698        11496.771248602408     
   10.222999999989698        11506.957797738298     
   10.242999999989697        11541.064705918989     
   10.262999999989697        11513.035190542763     
   10.282999999989697        11461.864261029279     
   10.302999999989698        11401.827515561075     
   10.322999999989698        11369.333745577313     
   10.342999999989697        11247.029494414146     
   10.362999999989697        11183.562010743171     
   10.382999999989698        11108.397703014425     
   10.402999999989698        11069.694598398177     
   10.422999999989697        11008.744030848397     
   10.442999999989697        10944.397389583193     
   10.462999999989698        10872.400516044199     
   10.482999999989698        10860.489100500337     
   10.502999999989697        10842.290823743680     
   10.522999999989697        10767.955978062597     
   10.542999999989698        10693.470991278329     
   10.562999999989698        10732.298224195109     
   10.582999999989697        10651.646401350652     
   10.602999999989697        10570.045079522692     
   10.622999999989698        10485.839035149645     
   10.642999999989698        10402.090049808383     
   10.662999999989697        10321.427761765895     
   10.682999999989697        10242.332676107455     
   10.702999999989698        10162.184712597907     
   10.722999999989698        10102.914915095307     
   10.742999999989697        9914.1958201739217     
   10.762999999989697        9758.7035399692722     
   10.782999999989697        9670.8180663776220     
   10.802999999989698        9585.1863986042972     
   10.822999999989698        9403.3476014297776     
   10.842999999989697        9281.8433145613963     
   10.862999999989697        9192.0223339906424     
   10.882999999989698        9059.9002424284954     
   10.902999999989698        8961.7764378536831     
   10.922999999989697        8860.1618584830085     
   10.942999999989697        8713.3469720639059     
   10.962999999989698        8617.0748414128357     
   10.982999999989698        8420.5075154460865     
   11.002999999989697        8320.7896550235273     
   11.022999999989697        8219.1240838911854     
   11.042999999989698        8056.4589772553782     
   11.062999999989698        7858.5109717154564     
   11.082999999989697        7758.4568997657498     
   11.102999999989697        7597.5396855692297     
   11.122999999989698        7499.5465808366271     
   11.142999999989698        7398.9384153615074     
   11.162999999989697        7281.8632012205990     
   11.182999999989697        7168.7791554929800     
   11.202999999989698        7055.7484264631075     
   11.222999999989698        6945.2736007756466     
   11.242999999989697        6830.8958375984330     
   11.262999999989697        6714.7224469879748     
   11.282999999989697        6602.2847569738378     
   11.302999999989698        6482.3284290160254     
   11.322999999989698        6348.1318543905290     
   11.342999999989697        6229.2339917544905     
   11.362999999989697        6109.8868291158778     
   11.382999999989698        5989.4521564067873     
   11.402999999989698        5868.7744061246349     
   11.422999999989697        5678.1726199203331     
   11.442999999989697        5556.8619048773035     
   11.462999999989698        5400.6061458674185     
   11.482999999989698        5280.5540490200183     
   11.502999999989697        5164.4330020014650     
   11.522999999989697        5045.3421979740033     
   11.542999999989698        4895.4541694283462     
   11.562999999989698        4696.3290517148798     
   11.582999999989697        4580.1296709568142     
   11.602999999989697        4468.9237254057225     
   11.622999999989698        4366.5053018544068     
   11.642999999989698        4175.0571180390934     
   11.662999999989697        4063.4802327435596     
   11.682999999989697        3951.9828419621349     
   11.702999999989698        3816.4998911220282     
   11.722999999989698        3663.6928817504458     
   11.742999999989697        3485.0493217220001     
   11.762999999989697        3380.5995646612423     
   11.782999999989697        3277.5066220228832     
   11.802999999989698        3174.0244528632247     
   11.822999999989698        3071.8007599017196     
   11.842999999989697        2970.9655658561901     
   11.862999999989697        2871.1232517902031     
   11.882999999989698        2771.8744981463178     
   11.902999999989698        2657.5935844530186     
   11.922999999989697        2560.2663370376386     
   11.942999999989697        2449.9825796963123     
   11.962999999989698        2355.9517862659704     
   11.982999999989698        2250.3044255124278     
   12.002999999989697        2159.4594795200701     
   12.022999999989697        2076.7385209828217     
   12.042999999989698        1948.1912439755513     
   12.062999999989698        1851.9824381026476     
   12.082999999989697        1757.5349257559574     
   12.102999999989697        1675.6814170986784     
   12.122999999989698        1595.7694036502062     
   12.142999999989698        1517.4822357876906     
   12.162999999989697        1441.5615233206795     
   12.182999999989697        1368.0618109174839     
   12.202999999989698        1296.7144459669137     
   12.222999999989698        1202.1969232031101     
   12.242999999989697        1111.7503619997481     
   12.262999999989697        1037.6364502069043     
   12.282999999989698        975.54229877807052     
   12.302999999989698        915.63093282825901     
   12.322999999989698        858.08787056876270     
   12.342999999989697        802.97870710978896     
   12.362999999989697        749.41505829399819     
   12.382999999989698        697.06235662446988     
   12.402999999989698        646.17563854085699     
   12.422999999989697        597.25119291110843     
   12.442999999989697        550.45443110030146     
   12.462999999989698        506.35496016237357     
   12.482999999989698        464.76433940107989     
   12.502999999989697        425.03911938833937     
   12.522999999989697        379.59299013754810     
   12.542999999989698        343.98876637338878     
   12.562999999989698        304.49959508110533     
   12.582999999989697        273.33589532050138     
   12.602999999989697        244.42688564421951     
   12.622999999989698        217.09475759401570     
   12.642999999989698        191.32318212317443     
   12.662999999989697        166.57712004955590     
   12.682999999989697        144.56047800296483     
   12.702999999989698        124.35090856608693     
   12.722999999989698        105.39130624591999     
   12.742999999989697        88.195894098287766     
   12.762999999989697        72.777442135670441     
   12.782999999989698        58.813355956915487     
   12.802999999989698        46.574122514573766     
   12.822999999989698        35.908411875637185     
   12.842999999989697        26.824664025569053     
   12.862999999989697        19.255340930537354     
   12.882999999989698        13.257472596845812     
   12.902999999989698        8.7864460483706921     
   12.922999999989697        5.7749339495274921     
   12.942999999989697        4.2347463704287414     
   12.962999999989698        4.1946602953689727     
   12.982999999989698        5.6486013376999953     
   13.002999999989697        8.5152528325943280     
   13.022999999989697        12.777385846453274     
   13.042999999989698        18.320325747566205     
   13.062999999989698        25.147048237804764     
   13.082999999989697        33.272673228793771     
   13.102999999989697        42.837686935493522     
   13.122999999989698        53.838586453836150     
   13.142999999989698        65.375356266446545     
   13.162999999989697        78.819486078842061     
   13.182999999989697        92.807190409709662     
   13.202999999989698        108.69061488838372     
   13.222999999989698        125.49816200884395     
   13.242999999989697        144.36821750666152     
   13.262999999989697        164.11266688974905     
   13.282999999989698        185.20809522426120     
   13.302999999989698        208.06902544214586     
   13.322999999989698        230.93769101944983     
   13.342999999989697        253.57054652985650     
   13.362999999989697        277.49871155216266     
   13.382999999989698        303.82905351189294     
   13.402999999989698        332.40348869022694     
   13.422999999989697        361.23402477113689     
   13.442999999989697        392.79727845361066     
   13.462999999989698        425.60879183374334     
   13.482999999989698        461.88418974610460     
   13.502999999989697        498.32554791932876     
   13.522999999989697        532.24841189594463     
   13.542999999989698        570.88522465999108     
   13.562999999989698        612.90541093878232     
   13.582999999989697        656.96253174456740     
   13.602999999989697        698.06759080999291     
   13.622999999989698        746.20258874060858     
   13.642999999989698        788.66677836944893     
   13.662999999989697        837.97950441024432     
   13.682999999989697        879.63482301520980     
   13.702999999989698        926.86291732274719     
   13.722999999989698        975.13558259167223     
   13.742999999989697        1022.7341560864048     
   13.762999999989697        1072.7894421371207     
   13.782999999989698        1121.4303600452217     
   13.802999999989698        1175.0868588459800     
   13.822999999989698        1229.5047740436046     
   13.842999999989697        1283.6582964676677     
   13.862999999989697        1338.7543461104347     
   13.882999999989698        1394.6155605779275     
   13.902999999989698        1451.5727400402172     
   13.922999999989697        1507.9849873175751     
   13.942999999989697        1566.0023370808356     
   13.962999999989698        1631.5555273966136     
   13.982999999989698        1696.4891826797777     
   14.002999999989697        1762.7344018197134     
   14.022999999989697        1830.5863770965530     
   14.042999999989698        1899.3239324380927     
   14.062999999989698        1975.5721828427206     
   14.082999999989697        2076.3518882476551     
   14.102999999989697        2142.4737553582199     
   14.122999999989698        2209.5254887665128     
   14.142999999989698        2273.6400539312185     
   14.162999999989697        2343.6761837342501     
   14.182999999989697        2407.9336448299900     
   14.202999999989698        2472.6898127819823     
   14.222999999989698        2538.2122698893054     
   14.242999999989697        2604.5633448154931     
   14.262999999989697        2671.6830800568123     
   14.282999999989698        2739.7883885505694     
   14.302999999989698        2808.8398448456437     
   14.322999999989698        2911.2450992935314     
   14.342999999989697        2997.8073753877970     
   14.362999999989697        3077.7148484236077     
   14.382999999989698        3172.3223268730062     
   14.402999999989698        3243.4925070604772     
   14.422999999989697        3324.5084311075943     
   14.442999999989697        3398.7498903511369     
   14.462999999989698        3473.7104804049263     
   14.482999999989698        3547.8931046151270     
   14.502999999989697        3633.0947345641921     
   14.522999999989697        3709.8732372763984     
   14.542999999989698        3787.8396675903309     
   14.562999999989698        3865.6449037133934     
   14.582999999989697        3957.8723395449292     
   14.602999999989697        4036.9105602549412     
   14.622999999989698        4130.0362672715237     
   14.642999999989698        4206.3415709220435     
   14.662999999989697        4298.6666160947716     
   14.682999999989697        4373.8796661381512     
   14.702999999989698        4447.9826383454947     
   14.722999999989698        4542.5035473458238     
   14.742999999989697        4616.0522472667917     
   14.762999999989697        4690.7871976045826     
   14.782999999989698        4766.5591896552432     
   14.802999999989698        4843.1615034084807     
   14.822999999989698        4919.6317964601158     
   14.842999999989697        4996.4064442291346     
   14.862999999989697        5074.0477866227466     
   14.882999999989698        5152.7805524266769     
   14.902999999989698        5276.3874048459165     
   14.922999999989697        5356.2101245464692     
   14.942999999989697        5435.5389498688237     
   14.962999999989698        5514.6145629878465     
   14.982999999989698        5612.9453246863750     
   15.002999999989697        5691.0085964229665     
   15.022999999989697        5768.2920204571865     
   15.042999999989698        5844.7466641816336     
   15.062999999989698        5920.6947242978522     
   15.082999999989697        6018.1695888226723     
   15.102999999989697        6121.3708220163599     
   15.122999999989698        6199.5803206164901     
   15.142999999989698        6279.2313686360840     
   15.162999999989697        6361.3022754554113     
   15.182999999989697        6476.6587034735458     
   15.202999999989698        6557.7521885235574     
   15.222999999989698        6638.9310859434154     
   15.242999999989697        6720.7023274180610     
   15.262999999989697        6802.7947833916915     
   15.282999999989698        6882.4014888853344     
   15.302999999989698        7020.3895048999530     
   15.322999999989698        7096.9610066775113     
   15.342999999989697        7173.1098221844186     
   15.362999999989697        7283.4138469619411     
   15.382999999989698        7364.0294154106004     
   15.402999999989698        7446.2498415185755     
   15.422999999989697        7529.6016375358913     
   15.442999999989697        7613.7120820078962     
   15.462999999989698        7726.5736463115218     
   15.482999999989698        7854.8086873510811     
   15.502999999989697        7941.3181472080969     
   15.522999999989697        8024.3058567733324     
   15.542999999989698        8106.4160166764495     
   15.562999999989698        8258.0616271856652     
   15.582999999989697        8369.1523990511741     
   15.602999999989697        8480.8948398022330     
   15.622999999989698        8569.0415812448355     
   15.642999999989698        8658.2614509548548     
   15.662999999989697        8745.4855344214793     
   15.682999999989697        8828.2433771005999     
   15.702999999989698        8910.9122845742204     
   15.722999999989698        8993.6832720012171     
   15.742999999989697        9106.6494853554377     
   15.762999999989697        9189.9592773001368     
   15.782999999989698        9321.7832281468309     
   15.802999999989698        9404.2859434633701     
   15.822999999989698        9487.1861125812993     
   15.842999999989697        9578.0208775611572     
   15.862999999989698        9769.1656768746725     
   15.882999999989698        9857.3670955233392     
   15.902999999989698        9944.0045585689422     
   15.922999999989697        10028.224270022354     
   15.942999999989697        10109.987905488182     
   15.962999999989698        10193.249040162831     
   15.982999999989698        10278.060802147071     
   16.002999999989697        10364.102534792895     
   16.022999999989697        10451.343882483128     
   16.042999999989696        10591.217895564654     
   16.062999999989696        10688.018982819905     
   16.082999999989699        10772.523233054651     
   16.102999999989699        10850.764903369096     
   16.122999999989698        11014.349622417250     
   16.142999999989698        11094.088522989819     
   16.162999999989697        11176.480716247135     
   16.182999999989697        11260.845887464022     
   16.202999999989697        11346.417665682608     
   16.222999999989696        11523.307442013062     
   16.242999999989699        11565.532348984321     
   16.262999999989699        11653.495715245566     
   16.282999999989698        11740.587182312689     
   16.302999999989698        11823.967929992457     
   16.322999999989698        11847.879218520116     
   16.342999999989697        11922.851173724155     
   16.362999999989697        11992.370507962987     
   16.382999999989696        12060.339702042058     
   16.402999999989696        12221.640650223635     
   16.422999999989699        12224.175426469510     
   16.442999999989699        12299.556618875962     
   16.462999999989698        12374.362400632639     
   16.482999999989698        12447.104464044025     
   16.502999999989697        12585.679220838119     
   16.522999999989697        12654.115194669555     
   16.542999999989696        12636.203335275830     
   16.562999999989696        12705.369685462516     
   16.582999999989699        12774.115534245155     
   16.602999999989699        12842.820622268553     
   16.622999999989698        12911.111073750102     
   16.642999999989698        12999.899374693945     
   16.662999999989697        13147.041217846267     
   16.682999999989697        13215.739584103585     
   16.702999999989697        13283.133449988827     
   16.722999999989696        13346.585279287305     
   16.742999999989699        13426.022318014435     
   16.762999999989699        13481.888460215845     
   16.782999999989698        13537.337345432628     
   16.802999999989698        13594.921271237241     
   16.822999999989698        13654.652743722221     
   16.842999999989697        13719.830329392527     
   16.862999999989697        13793.320333223612     
   16.882999999989696        13981.880774323708     
   16.902999999989696        14047.162174012699     
   16.922999999989699        14104.756916605271     
   16.942999999989699        14156.265195943011     
   16.962999999989698        14202.932035691189     
   16.982999999989698        14271.349740010446     
   17.002999999989697        14316.470785536047     
   17.022999999989697        14360.199787652051     
   17.042999999989696        14402.508133822941     
   17.062999999989696        14443.779737973297     
   17.082999999989699        14484.673515248289     
   17.102999999989699        14525.332105059255     
   17.122999999989698        14565.811984554948     
   17.142999999989698        14606.396461339049     
   17.162999999989697        14646.523907168366     
   17.182999999989697        14686.558406954580     
   17.202999999989697        14726.165468297355     
   17.222999999989696        14764.795820779998     
   17.242999999989699        14802.389046416225     
   17.262999999989699        14838.576312959987     
   17.282999999989698        14872.300636536234     
   17.302999999989698        14903.486355095742     
   17.322999999989698        14933.312769166125     
   17.342999999989697        14876.056547745502     
   17.362999999989697        14908.666013015243     
   17.382999999989696        14940.647112759749     
   17.402999999989699        14971.354149391100     
   17.422999999989699        15001.425497778249     
   17.442999999989699        15032.068215379710     
   17.462999999989698        14988.139183019823     
   17.482999999989698        15020.598446982623     
   17.502999999989697        15051.768870480959     
   17.522999999989697        15082.968205592348     
   17.542999999989696        15113.158143981103     
   17.562999999989696        15141.372455726625     
   17.582999999989699        15168.398061916050     
   17.602999999989699        15137.793226852740     
   17.622999999989698        15165.885840655645     
   17.642999999989698        15192.561401482990     
   17.662999999989697        15218.354492320997     
   17.682999999989697        15241.469062204020     
   17.702999999989697        15356.239952047534     
   17.722999999989696        15375.191975882150     
   17.742999999989699        15393.496886958241     
   17.762999999989699        15411.189583609470     
   17.782999999989698        15428.264767992690     
   17.802999999989698        15444.775610074919     
   17.822999999989698        15460.810207474715     
   17.842999999989697        15532.314153141939     
   17.862999999989697        15549.935840524053     
   17.882999999989696        15569.605697447609     
   17.902999999989699        15649.744171321745     
   17.922999999989699        15669.121597971798     
   17.942999999989699        15687.815509041946     
   17.962999999989698        15706.258492690098     
   17.982999999989698        15723.895620930818     
   18.002999999989697        15739.696088957173     
   18.022999999989697        15754.243602476618     
   18.042999999989696        15768.190143449867     
   18.062999999989696        15797.837791749387     
   18.082999999989699        15851.997104392476     
   18.102999999989699        15867.915084508450     
   18.122999999989698        15959.215262629308     
   18.142999999989698        15976.004074895771     
   18.162999999989697        15994.541050042679     
   18.182999999989697        16013.654511216113     
   18.202999999989697        16032.502706291058     
   18.222999999989696        16050.471931980537     
   18.242999999989699        16097.132531574856     
   18.262999999989699        16115.923988768702     
   18.282999999989698        16134.477186753151     
   18.302999999989698        16152.453765114584     
   18.322999999989698        16225.354015616389     
   18.342999999989697        16303.137039285091     
   18.362999999989697        16324.070694953080     
   18.382999999989696        16345.281231737416     
   18.402999999989699        16366.793204999067     
   18.422999999989699        16388.583436408233     
   18.442999999989699        16410.775219660183     
   18.462999999989698        16433.620523986421     
   18.482999999989698        16457.374086882253     
   18.502999999989697        16482.268449800409     
   18.522999999989697        16508.506838994024     
   18.542999999989696        16535.781745053842     
   18.562999999989696        16561.080781690751     
   18.582999999989699        16584.813593001421     
   18.602999999989699        16606.832603924668     
   18.622999999989698        16626.304342381507     
   18.642999999989698        16642.675026321383     
   18.662999999989697        16659.252906847079     
   18.682999999989697        16675.887822074419     
   18.702999999989697        16692.078481735989     
   18.722999999989696        16707.360660296297     
   18.742999999989699        16722.027232142947     
   18.762999999989699        16891.365150746245     
   18.782999999989698        16910.808103983836     
   18.802999999989698        16931.842022028122     
   18.822999999989698        16942.823067327965     
   18.842999999989697        17074.966571893456     
   18.862999999989697        17100.853654558170     
   18.882999999989696        17127.312624530296     
   18.902999999989699        17154.206613405629     
   18.922999999989699        17180.700653149677     
   18.942999999989699        17203.732580369935     
   18.962999999989698        17225.217811878501     
   18.982999999989698        17245.557944681601     
   19.002999999989697        17266.518104138839     
   19.022999999989697        17289.000080015125     
   19.042999999989696        17311.845250819471     
   19.062999999989696        17333.699653060732     
   19.082999999989699        17351.370635264178     
   19.102999999989699        17367.254464477202     
   19.122999999989698        17381.996715573816     
   19.142999999989698        17356.208466373206     
   19.162999999989697        17368.461880687137     
   19.182999999989697        17380.757665717967     
   19.202999999989697        17393.121489434343     
   19.222999999989696        17405.429963769311     
   19.242999999989699        17417.834136947818     
   19.262999999989699        17428.914568154829     
   19.282999999989698        17384.467306492614     
   19.302999999989698        17392.337913117495     
   19.322999999989698        17400.588428384690     
   19.342999999989697        17410.641574834041     
   19.362999999989697        17424.630238787227     
   19.382999999989696        17438.551464843720     
   19.402999999989699        17581.079328856998     
   19.422999999989699        17593.432816105440     
   19.442999999989699        17603.898933536035     
   19.462999999989698        17612.271112031634     
   19.482999999989698        17750.424763608760     
   19.502999999989697        17755.925294894096     
   19.522999999989697        17759.799857558468     
   19.542999999989696        17759.082892334693     
   19.562999999989696        17890.573598940944     
   19.582999999989699        17887.943742270818     
   19.602999999989699        17884.736873539656     
   19.622999999989698        17881.051073140912     
   19.642999999989698        17877.013720453800     
   19.662999999989697        17872.801152751468     
   19.682999999989697        17868.612754071772     
   19.702999999989697        17864.619313210776     
   19.722999999989696        17994.002835259911     
   19.742999999989699        17990.131360504995     
   19.762999999989699        17986.308626064223     
   19.782999999989698        17980.968407952747     
   19.802999999989698        17973.341641510924     
   19.822999999989698        17963.832076991162     
   19.842999999989697        17952.436174896327     
   19.862999999989697        17939.154769578698     
   19.882999999989696        17924.094702530278     
   19.902999999989699        17907.326018894368     
   19.922999999989699        17889.103873625274     
   19.942999999989699        18005.855982692177     
   19.962999999989698        17985.366847500172     
   19.982999999989698        17963.863999273639     
   20.002999999989697        17941.260797591931     
   20.022999999989697        17786.567469590394     
   20.042999999989696        17762.239649995769     
   20.062999999989696        17737.392788303336     
   20.082999999989699        17712.191721679887     
   20.102999999989699        17686.869449788057     
   20.122999999989698        17594.051446145520     
   20.142999999989698        17571.000021964603     
   20.162999999989697        17685.884023312734     
   20.182999999989697        17663.263718652666     
   20.202999999989697        17639.594390337992     
   20.222999999989696        17753.348403782602     
   20.242999999989699        17727.602793907798     
   20.262999999989699        17761.936494417729     
   20.282999999989698        17736.100271499890     
   20.302999999989698        17708.634866012431     
   20.322999999989698        17678.926370428744     
   20.342999999989697        17647.367529094401     
   20.362999999989697        17613.754903581666     
   20.382999999989696        17577.154275767276     
   20.402999999989699        17537.859249357301     
   20.422999999989699        17496.246636610569     
   20.442999999989699        17593.500014855636     
   20.462999999989698        17820.337678705746     
   20.482999999989698        17919.538823372790     
   20.502999999989697        17871.218208440929     
   20.522999999989697        17955.003052272474     
   20.542999999989696        18053.487784188845     
   20.562999999989696        18031.720307371292     
   20.582999999989699        17975.276663413475     
   20.602999999989699        17917.077698814053     
   20.622999999989698        17858.010022576167     
   20.642999999989698        17799.473140081853     
   20.662999999989697        17741.865514086774     
   20.682999999989697        17821.266559503423     
   20.702999999989697        17555.949400606321     
   20.722999999989696        17496.808863243728     
   20.742999999989699        17319.603831440545     
   20.762999999989699        17263.419325888382     
   20.782999999989698        17207.068762372124     
   20.802999999989698        17149.943369055633     
   20.822999999989698        17092.329312822883     
   20.842999999989697        17034.461328774134     
   20.862999999989697        16975.087219412610     
   20.882999999989696        16912.870780086148     
   20.902999999989699        16847.517142066376     
   20.922999999989699        16779.505304177619     
   20.942999999989699        16844.597386308866     
   20.962999999989698        16922.767978827524     
   20.982999999989698        16850.873657870474     
   21.002999999989697        16929.515830088378     
   21.022999999989697        16856.990507180897     
   21.042999999989696        16784.433863476832     
   21.062999999989696        16711.705364882986     
   21.082999999989699        16638.566830981803     
