   7.4999999998908606E-002   100.22197940487479     
   9.4999999998908610E-002   100.29329671062794     
  0.11499999999890861        100.36454651445943     
  0.13499999999890860        100.42868856897441     
  0.15499999999890862        100.44967526458767     
  0.17499999999890861        100.52571114189602     
  0.19499999999890860        100.58172815214499     
  0.21499999999890862        100.70651923670947     
  0.23499999999890861        100.69099116751309     
  0.25499999999890860        100.81212066876674     
  0.27499999999890862        100.85142023692912     
  0.29499999999890858        100.89424876882470     
  0.31499999999890860        100.96816298362313     
  0.33499999999890862        101.06996415788676     
  0.35499999999890863        101.13595751555302     
  0.37499999999890860        101.17706887263576     
  0.39499999999890861        101.13145597121562     
  0.41499999999890863        101.31755644224829     
  0.43499999999890859        101.39091928180534     
  0.45499999999890861        101.42616042005751     
  0.47499999999890863        101.51655653203210     
  0.49499999999890859        101.50085590901494     
  0.51499999999890855        101.67416232378524     
  0.53499999999890857        101.69388191526546     
  0.55499999999890859        101.74647346768865     
  0.57499999999890861        101.86721909629830     
  0.59499999999890862        102.03440823513459     
  0.61499999999890864        102.05863683939280     
  0.63499999999890866        101.96895629085630     
  0.65499999999890857        102.03507657745723     
  0.67499999999890858        102.10292063594386     
  0.69499999999890860        102.27040750156587     
  0.71499999999890862        102.27673165384880     
  0.73499999999890864        102.43511596394102     
  0.75499999999890866        102.29917104933872     
  0.77499999999890867        102.18831253023129     
  0.79499999999890858        102.51093222516619     
  0.81499999999890860        102.51060097459607     
  0.83499999999890862        102.55806506691414     
  0.85499999999890863        102.85020491653940     
  0.87499999999890865        102.92108873223965     
  0.89499999999890867        102.91529922807150     
  0.91499999999890858        102.87948888431967     
  0.93499999999890859        102.96093162578299     
  0.95499999999890861        102.94077849938223     
  0.97499999999890863        103.05205319694609     
  0.99499999999890865        103.22825773146546     
   1.0149999999989086        103.04716289787865     
   1.0349999999989086        103.15254649197882     
   1.0549999999989086        103.27680803642397     
   1.0749999999989086        103.37134992842095     
   1.0949999999989086        103.43118083212023     
   1.1149999999989086        103.50873001374572     
   1.1349999999989087        103.83594709780829     
   1.1549999999989087        103.91975163757452     
   1.1749999999989087        103.62429033422006     
   1.1949999999989087        104.07395646124709     
   1.2149999999989087        103.91128668693541     
   1.2349999999989085        104.01428112504635     
   1.2549999999989085        103.86132560922005     
   1.2749999999989086        104.08849983598444     
   1.2949999999989086        104.27672966806524     
   1.3149999999989086        104.43032518148735     
   1.3349999999989086        104.72080795389378     
   1.3549999999989086        104.65000794487278     
   1.3749999999989087        104.61805475294027     
   1.3949999999989087        104.97479437773605     
   1.4149999999989087        105.12117592018208     
   1.4349999999989087        104.90823573829836     
   1.4549999999989087        105.16127920961462     
   1.4749999999989087        104.80558647309191     
   1.4949999999989085        104.81943460121356     
   1.5149999999989086        104.76184826712151     
   1.5349999999989086        104.70732589602507     
   1.5549999999989086        104.62483085689932     
   1.5749999999989086        105.17877406570575     
   1.5949999999989086        105.47175339905390     
   1.6149999999989086        105.63613756416986     
   1.6349999999989087        105.73757709920714     
   1.6549999999989087        105.96585041147094     
   1.6749999999989087        105.95430816917971     
   1.6949999999989087        106.24462352641322     
   1.7149999999989087        106.04966929098326     
   1.7349999999989087        105.71563666737819     
   1.7549999999989085        105.87703956182827     
   1.7749999999989086        106.03690738652780     
   1.7949999999989086        106.24867765649644     
   1.8149999999989086        106.08013597430444     
   1.8349999999989086        106.09004214094402     
   1.8549999999989086        106.05024061352260     
   1.8749999999989087        106.24495595192009     
   1.8949999999989087        106.06707232666170     
   1.9149999999989087        106.13079625884843     
   1.9349999999989087        106.30038431274072     
   1.9549999999989087        106.21413368685451     
   1.9749999999989087        105.98179360357207     
   1.9949999999989085        106.36023978621658     
   2.0149999999989086        106.37662082899600     
   2.0349999999989086        106.84051704016510     
   2.0549999999989086        106.84726895631164     
   2.0749999999989086        107.08625959465571     
   2.0949999999989086        107.22558983730620     
   2.1149999999989086        107.41551569531721     
   2.1349999999989087        107.69183296701934     
   2.1549999999989087        107.27932995433454     
   2.1749999999989087        107.31340484327460     
   2.1949999999989087        107.63505119804157     
   2.2149999999989087        107.50747519156630     
   2.2349999999989087        107.21127807221200     
   2.2549999999989088        107.30974685520165     
   2.2749999999989088        107.76107131043671     
   2.2949999999989088        108.15193628215610     
   2.3149999999989088        108.02842107652543     
   2.3349999999989088        108.17495331023164     
   2.3549999999989089        108.10353430274546     
   2.3749999999989089        108.26192019064078     
   2.3949999999989084        107.92414029424283     
   2.4149999999989085        107.63945923401862     
   2.4349999999989085        107.17387284020836     
   2.4549999999989085        106.93160260941639     
   2.4749999999989085        106.84924791149383     
   2.4949999999989085        106.72888546905017     
   2.5149999999989086        107.02896071124579     
   2.5349999999989086        107.35855125268266     
   2.5549999999989086        107.58118116027755     
   2.5749999999989086        107.97887407376680     
   2.5949999999989086        107.81736768433278     
   2.6149999999989086        108.25837915143291     
   2.6349999999989087        108.23371767420332     
   2.6549999999989087        108.11905730138174     
   2.6749999999989087        108.25467690627207     
   2.6949999999989087        108.26956838089643     
   2.7149999999989087        108.30922551067442     
   2.7349999999989087        108.67926534242525     
   2.7549999999989088        109.16153894431164     
   2.7749999999989088        109.57443291970266     
   2.7949999999989088        109.97754358315775     
   2.8149999999989088        110.45071546486668     
   2.8349999999989088        110.26440644493054     
   2.8549999999989089        110.04522258706584     
   2.8749999999989089        109.81266713461414     
   2.8949999999989084        109.72845505358073     
   2.9149999999989085        109.61836420469970     
   2.9349999999989085        109.09908300606430     
   2.9549999999989085        108.76646586383265     
   2.9749999999989085        108.75024775895946     
   2.9949999999989085        108.59686151731731     
   3.0149999999989086        108.56218878051952     
   3.0349999999989086        108.97069687448193     
   3.0549999999989086        109.39508262557631     
   3.0749999999989086        109.73941840499224     
   3.0949999999989086        110.33388695831329     
   3.1149999999989086        110.75389188873072     
   3.1349999999989087        111.26346170185388     
   3.1549999999989087        111.17871206298798     
   3.1749999999989087        110.98304146979237     
   3.1949999999989087        110.87350546205168     
   3.2149999999989087        110.04480762310385     
   3.2349999999989087        109.34656279064244     
   3.2549999999989088        108.45520810640284     
   3.2749999999989088        107.60118802723059     
   3.2949999999989088        106.89305854614423     
   3.3149999999989088        106.09040360489267     
   3.3349999999989088        105.32063666860870     
   3.3549999999989089        104.74370629486486     
   3.3749999999989089        104.84471449489692     
   3.3949999999989089        104.78867797845307     
   3.4149999999989085        104.77217765524938     
   3.4349999999989085        105.17222989112996     
   3.4549999999989085        105.36765566487422     
   3.4749999999989085        105.98961106527302     
   3.4949999999989085        106.48182885961562     
   3.5149999999989086        107.28807973201583     
   3.5349999999989086        108.03297173368114     
   3.5549999999989086        109.13927424951791     
   3.5749999999989086        110.10964288687353     
   3.5949999999989086        111.06114188991153     
   3.6149999999989086        111.78695438434707     
   3.6349999999989087        112.31208039545542     
   3.6549999999989087        112.61304760312298     
   3.6749999999989087        112.90898771317119     
   3.6949999999989087        113.08333960508435     
   3.7149999999989087        113.12594962052999     
   3.7349999999989087        113.33004159611305     
   3.7549999999989088        112.96466386995236     
   3.7749999999989088        113.01074231579605     
   3.7949999999989088        113.03450323886914     
   3.8149999999989088        113.04641984130190     
   3.8349999999989088        113.21244673647621     
   3.8549999999989089        113.52689958504506     
   3.8749999999989089        113.45357009486442     
   3.8949999999989089        113.38513224509377     
   3.9149999999989085        113.71194234851902     
   3.9349999999989085        113.73648442664455     
   3.9549999999989085        113.94081199781320     
   3.9749999999989085        113.90579619032439     
   3.9949999999989085        114.22461425412006     
   4.0149999999989081        114.34075092080826     
   4.0349999999989086        114.42857733693094     
   4.0549999999989090        114.65704503413821     
   4.0749999999989086        115.15259203337916     
   4.0949999999989091        114.79904733179053     
   4.1149999999989086        115.28466226282590     
   4.1349999999989091        115.60646953327236     
   4.1549999999989087        115.92470143306933     
   4.1749999999989083        116.11327247762085     
   4.1949999999989087        116.20901563625527     
   4.2149999999989083        116.56039391447553     
   4.2349999999989087        116.74862163738226     
   4.2549999999989083        116.67949885392032     
   4.2749999999989088        116.56970625735433     
   4.2949999999989084        116.41530633208605     
   4.3149999999989088        115.97396476094053     
   4.3349999999989084        116.26123426914063     
   4.3549999999989089        116.11522085100285     
   4.3749999999989084        116.24237811734342     
   4.3949999999989089        116.49603928905424     
   4.4149999999989085        116.11306027074055     
   4.4349999999989089        116.03973461619488     
   4.4549999999989085        115.67754043979835     
   4.4749999999989090        115.71348994494616     
   4.4949999999989085        115.67279935201175     
   4.5149999999989090        115.74352139109018     
   4.5349999999989086        116.21821178081842     
   4.5549999999989090        116.74141235196525     
   4.5749999999989086        116.82926993806714     
   4.5949999999989091        116.75316296059449     
   4.6149999999989086        116.62377926618815     
   4.6349999999989091        116.57681981043311     
   4.6549999999989087        116.76745303661676     
   4.6749999999989091        116.81030956723569     
   4.6949999999989087        116.59298876304155     
   4.7149999999989083        116.54224555246778     
   4.7349999999989087        116.56752362675925     
   4.7549999999989083        116.61471495212086     
   4.7749999999989088        116.25703290732221     
   4.7949999999989084        115.92966036372113     
   4.8149999999989088        115.75092821793439     
   4.8349999999989084        115.26650348223902     
   4.8549999999989089        114.93689552652948     
   4.8749999999989084        114.11890561015707     
   4.8949999999989089        114.05970471376095     
   4.9149999999989085        113.33050050801954     
   4.9349999999989089        113.01037473175336     
   4.9549999999989085        112.84905176106655     
   4.9749999999989090        112.76991798276090     
   4.9949999999989085        111.81157093135488     
   5.0149999999989090        111.73361333223656     
   5.0349999999989086        111.04713027667141     
   5.0549999999989090        111.31164005882130     
   5.0749999999989086        111.19302532193905     
   5.0949999999989091        110.81931192647149     
   5.1149999999989086        110.46188859082183     
   5.1349999999989091        110.31450767735882     
   5.1549999999989087        110.03592588920272     
   5.1749999999989091        109.61034154912524     
   5.1949999999989087        109.01327102669316     
   5.2149999999989083        108.97902921987267     
   5.2349999999989087        108.64204614922714     
   5.2549999999989083        108.51405543508793     
   5.2749999999989088        108.00181310605508     
   5.2949999999989084        107.88610149265591     
   5.3149999999989088        108.16156920759364     
   5.3349999999989084        107.97019287925211     
   5.3549999999989089        107.71590833615197     
   5.3749999999989084        107.76209731137443     
   5.3949999999989089        106.95954861234081     
   5.4149999999989085        106.82176850604067     
   5.4349999999989089        106.64178850871428     
   5.4549999999989085        107.00911858095678     
   5.4749999999989090        107.51554715729726     
   5.4949999999989085        108.05549188611553     
   5.5149999999989090        108.26404359297048     
   5.5349999999989086        109.10603587196184     
   5.5549999999989090        109.18385081808911     
   5.5749999999989086        109.09666806390256     
   5.5949999999989091        109.21712013216008     
   5.6149999999989086        109.60308456467270     
   5.6349999999989091        109.86903994442542     
   5.6549999999989087        110.13692057519104     
   5.6749999999989091        110.86576711286000     
   5.6949999999989087        110.94026482791293     
   5.7149999999989083        111.06922318735042     
   5.7349999999989087        111.17074826809122     
   5.7549999999989083        111.51553569693012     
   5.7749999999989088        111.71193348629491     
   5.7949999999989084        112.10380782853542     
   5.8149999999989088        112.26636508392835     
   5.8349999999989084        112.27077268114962     
   5.8549999999989089        112.26067773006083     
   5.8749999999989084        112.34722398461909     
   5.8949999999989089        112.59993360854622     
   5.9149999999989085        112.97487867837380     
   5.9349999999989089        113.48327130600948     
   5.9549999999989085        114.14230393231942     
   5.9749999999989090        114.64977760596976     
   5.9949999999989085        115.05423375931171     
   6.0149999999989090        115.72115118683783     
   6.0349999999989086        116.12352779728349     
   6.0549999999989090        117.25016261630327     
   6.0749999999989086        117.78352746552544     
   6.0949999999989091        119.10419651026334     
   6.1149999999989086        119.39902616120158     
   6.1349999999989091        120.34725384285386     
   6.1549999999989087        120.91085377691334     
   6.1749999999989091        122.05156450487165     
   6.1949999999989087        122.64914412044112     
   6.2149999999989092        123.15764292879426     
   6.2349999999989087        124.16829291953609     
   6.2549999999989083        124.51215983655543     
   6.2749999999989088        125.30811474516442     
   6.2949999999989084        125.67352369909739     
   6.3149999999989088        126.06846640203551     
   6.3349999999989084        126.11248797906509     
   6.3549999999989089        126.26284821124972     
   6.3749999999989084        127.04345206788672     
   6.3949999999989089        126.75893103870621     
   6.4149999999989085        126.52779132485564     
   6.4349999999989089        126.54562905583508     
   6.4549999999989085        125.97577439983797     
   6.4749999999989090        125.52461033979945     
   6.4949999999989085        125.27291721842145     
   6.5149999999989090        125.03669678145909     
   6.5349999999989086        124.73037425207750     
   6.5549999999989090        124.30892310936368     
   6.5749999999989086        123.90260418011596     
   6.5949999999989091        123.49022733795066     
   6.6149999999989086        122.93421194525369     
   6.6349999999989091        122.29261646592501     
   6.6549999999989087        121.66296527933291     
   6.6749999999989091        121.46078056511560     
   6.6949999999989087        121.05408529983930     
   6.7149999999989092        120.81168329146041     
   6.7349999999989087        120.66692509607189     
   6.7549999999989083        120.64929265358455     
   6.7749999999989088        121.34105384167765     
   6.7949999999989084        121.13391917723176     
   6.8149999999989088        121.29985727391275     
   6.8349999999989084        121.28116314105223     
   6.8549999999989089        121.62770133266650     
   6.8749999999989084        121.84889948167533     
   6.8949999999989089        122.27574968507930     
   6.9149999999989085        122.47534742808620     
   6.9349999999989089        122.39984020114946     
   6.9549999999989085        122.87235477945711     
   6.9749999999989090        123.25486478093731     
   6.9949999999989085        123.84857038290377     
   7.0149999999989090        124.48150493528033     
   7.0349999999989086        124.87171079101414     
   7.0549999999989090        125.44446213621409     
   7.0749999999989086        125.91446494858580     
   7.0949999999989091        126.37264306285901     
   7.1149999999989086        126.46150757053401     
   7.1349999999989091        126.94008679730369     
   7.1549999999989087        127.46625518362207     
   7.1749999999989091        127.59228178231187     
   7.1949999999989087        128.34973765011836     
   7.2149999999989092        128.75295728340078     
   7.2349999999989087        128.73018626672851     
   7.2549999999989083        128.64049947190853     
   7.2749999999989088        128.53968877011539     
   7.2949999999989084        128.83479732951352     
   7.3149999999989088        129.16244619949143     
   7.3349999999989084        129.10867659210834     
   7.3549999999989089        129.01348815312187     
   7.3749999999989084        129.25850060772376     
   7.3949999999989089        129.43108222066630     
   7.4149999999989085        129.67771307569038     
   7.4349999999989089        129.60759158576460     
   7.4549999999989085        129.89698530570257     
   7.4749999999989090        130.16757173450443     
   7.4949999999989085        129.39003536049574     
   7.5149999999989090        129.10566502411905     
   7.5349999999989086        129.59277049176916     
   7.5549999999989090        129.68338034965143     
   7.5749999999989086        130.66695110296882     
   7.5949999999989091        130.63638919226227     
   7.6149999999989086        130.81424045962879     
   7.6349999999989091        130.91837574363507     
   7.6549999999989087        130.55339495321275     
   7.6749999999989091        131.54325964485116     
   7.6949999999989087        131.69289607868396     
   7.7149999999989092        131.82706004114064     
   7.7349999999989087        131.44549896725590     
   7.7549999999989083        131.08170987351670     
   7.7749999999989088        130.74107257334478     
   7.7949999999989084        130.40361549660378     
   7.8149999999989088        130.05248293304180     
   7.8349999999989084        130.59068764820108     
   7.8549999999989089        130.93446005216734     
   7.8749999999989084        130.31387901857411     
   7.8949999999989089        130.19751537528109     
   7.9149999999989085        129.79392289048769     
   7.9349999999989089        129.82005788469328     
   7.9549999999989085        129.90210828941738     
   7.9749999999989090        130.43107766629007     
   7.9949999999989085        130.16795778978451     
   8.0149999999989099        129.83733984658161     
   8.0349999999989095        129.51206894162087     
   8.0549999999989090        128.75970221631781     
   8.0749999999989086        128.40611006474236     
   8.0949999999989082        128.10863364963183     
   8.1149999999989095        127.45293620678848     
   8.1349999999989091        127.56464159931340     
   8.1549999999989087        126.78701108627112     
   8.1749999999989083        125.97790845647451     
   8.1949999999989096        125.25329672073103     
   8.2149999999989092        124.62992783156288     
   8.2349999999989087        124.38009538620456     
   8.2549999999989083        124.07042138081687     
   8.2749999999989079        123.33832226744570     
   8.2949999999989092        122.53310515275798     
   8.3149999999989088        122.33517156267865     
   8.3349999999989084        121.81383860166262     
   8.3549999999989080        121.49353562185813     
   8.3749999999989093        120.62605271347134     
   8.3949999999989089        119.52501448836632     
   8.4149999999989085        119.09084133880278     
   8.4349999999989080        118.02521429965523     
   8.4549999999989094        117.04873209722346     
   8.4749999999989090        115.82138153382030     
   8.4949999999989085        114.46922666582874     
   8.5149999999989081        113.07334439943789     
   8.5349999999989095        111.70149241289715     
   8.5549999999989090        110.46918283247174     
   8.5749999999989086        109.10532690135868     
   8.5949999999989082        107.74736172926836     
   8.6149999999989095        106.41495465082512     
   8.6349999999989091        105.05800972060743     
   8.6549999999989087        103.64942035961577     
   8.6749999999989083        102.19859358784231     
   8.6949999999989096        100.73759532705168     
   8.7149999999989092        99.275278203548552     
   8.7349999999989087        97.810537922274591     
   8.7549999999989083        96.350163631928410     
   8.7749999999989097        94.899452547303909     
   8.7949999999989092        93.443697755908573     
   8.8149999999989088        91.991668648484136     
   8.8349999999989084        90.118579764988525     
   8.8549999999989080        88.700676456573021     
   8.8749999999989093        87.635538802553285     
   8.8949999999989089        86.170041422501569     
   8.9149999999989085        84.733908870848111     
   8.9349999999989080        83.399090877321427     
   8.9549999999989094        82.072190416946512     
   8.9749999999989090        80.921168751155975     
   8.9949999999989085        79.879044484846560     
   9.0149999999989081        78.171105828450351     
   9.0349999999989095        76.902175925595913     
   9.0549999999989090        75.841110126121521     
   9.0749999999989086        74.466675173864260     
   9.0949999999989082        73.183680558404546     
   9.1149999999989095        71.802980541597179     
   9.1349999999989091        70.867397140165053     
   9.1549999999989087        69.503582592248762     
   9.1749999999989083        68.514719307434405     
   9.1949999999989096        67.354306720031218     
   9.2149999999989092        66.390231333935944     
   9.2349999999989087        65.146177289144788     
   9.2549999999989083        63.940070250981272     
   9.2749999999989097        62.194685910069587     
   9.2949999999989092        60.915532884917937     
   9.3149999999989088        59.920383777276101     
   9.3349999999989084        58.683664869727053     
   9.3549999999989080        57.538345287784608     
   9.3749999999989093        56.123679046121289     
   9.3949999999989089        54.742805313894372     
   9.4149999999989085        53.518524162683597     
   9.4349999999989080        52.256395897449558     
   9.4549999999989094        50.928346730512303     
   9.4749999999989090        49.828205451281100     
   9.4949999999989085        48.509314459203814     
   9.5149999999989081        47.314795682636543     
   9.5349999999989095        45.988561190116073     
   9.5549999999989090        44.614787192958985     
   9.5749999999989086        43.194757716309617     
   9.5949999999989082        41.776855770783740     
   9.6149999999989095        40.305460479453735     
   9.6349999999989091        38.670706261163879     
   9.6549999999989087        37.341120580634197     
   9.6749999999989083        35.890256685624983     
   9.6949999999989096        34.171107071579854     
   9.7149999999989092        32.728557063333874     
   9.7349999999989087        31.177294481427744     
   9.7549999999989083        29.633952180231663     
   9.7749999999989097        28.265991751246904     
   9.7949999999989092        26.578688485883166     
   9.8149999999989088        25.154384585490526     
   9.8349999999989084        23.791564956256373     
   9.8549999999989080        22.449555244158031     
   9.8749999999989093        20.895660728781717     
   9.8949999999989089        19.591471522349345     
   9.9149999999989085        18.291024167963190     
   9.9349999999989080        16.992887451416212     
   9.9549999999989094        15.822194830757811     
   9.9749999999989090        14.629280304414310     
   9.9949999999989085        13.486538287936840     
   10.014999999998908        12.334935094442843     
   10.034999999998909        11.262016982074245     
   10.054999999998909        10.087492137558360     
   10.074999999998909        9.0532598743536727     
   10.094999999998908        7.9949923884097691     
   10.114999999998910        7.1410134968820111     
   10.134999999998909        6.3001510921917765     
   10.154999999998909        5.5070942684360098     
   10.174999999998908        4.8168545333184625     
   10.194999999998910        4.1770607579061627     
   10.214999999998909        3.5347937864884216     
   10.234999999998909        2.9759986206678244     
   10.254999999998908        2.4547366934784560     
   10.274999999998910        1.9735668459826465     
   10.294999999998909        1.5700564216498278     
   10.314999999998909        1.2177644034128607     
   10.334999999998908       0.93661683535116136     
   10.354999999998908       0.72411154892289320     
   10.374999999998909       0.57206214234037411     
   10.394999999998909       0.47723827324839796     
   10.414999999998908       0.43813985971320851     
   10.434999999998908       0.45854719248539116     
   10.454999999998909       0.52009401880154582     
   10.474999999998909       0.62939011876319639     
   10.494999999998909       0.78117503469551119     
   10.514999999998908       0.97199051649718993     
   10.534999999998909        1.2054068104009594     
   10.554999999998909        1.4859134244063257     
   10.574999999998909        1.8191672922922850     
   10.594999999998908        2.1784375504762612     
   10.614999999998910        2.5552276446414779     
   10.634999999998909        2.9353253512517670     
   10.654999999998909        3.4246931571608608     
   10.674999999998908        3.9550908938717235     
   10.694999999998910        4.5182571817683446     
   10.714999999998909        5.1118456912549384     
   10.734999999998909        5.6827490215049821     
   10.754999999998908        6.3334900907694172     
   10.774999999998910        7.0209961074988794     
   10.794999999998909        7.6489169868110354     
   10.814999999998909        8.3829513151660286     
   10.834999999998908        9.1419347676610752     
   10.854999999998908        9.9209171976864408     
   10.874999999998909        10.720909415663844     
   10.894999999998909        11.581226440287242     
   10.914999999998908        12.461692675271806     
   10.934999999998908        13.414265250704876     
   10.954999999998909        14.363491225723704     
   10.974999999998909        15.328179065926649     
   10.994999999998909        16.260937570903426     
   11.014999999998908        17.188410321529808     
   11.034999999998909        18.117107183086780     
   11.054999999998909        19.064656556344900     
   11.074999999998909        20.035304465158649     
   11.094999999998908        20.964035983099343     
   11.114999999998910        21.905904192430505     
   11.134999999998909        22.866538204623865     
   11.154999999998909        23.840747132082818     
   11.174999999998908        24.818302180645141     
   11.194999999998910        25.795884892425224     
   11.214999999998909        26.773677133269640     
   11.234999999998909        27.765706322113683     
   11.254999999998908        28.750737811666600     
   11.274999999998910        29.748450493838781     
   11.294999999998909        30.849059580844532     
   11.314999999998909        31.994556844657083     
   11.334999999998908        33.074794480277461     
   11.354999999998908        34.160917552351833     
   11.374999999998909        35.248241437289551     
   11.394999999998909        36.289178292027792     
   11.414999999998908        37.296561475933359     
   11.434999999998908        38.327300616695105     
   11.454999999998909        39.390126123792754     
   11.474999999998909        40.492687501699990     
   11.494999999998909        41.653978913803499     
   11.514999999998908        42.876431155532423     
   11.534999999998909        44.147051160818620     
   11.554999999998909        45.421825772197586     
   11.574999999998909        46.617229134278134     
   11.594999999998908        47.671490353305231     
   11.614999999998910        48.788085228051372     
   11.634999999998909        49.799811318348766     
   11.654999999998909        50.914084081600770     
   11.674999999998908        52.022174903949157     
   11.694999999998910        53.085999984926133     
   11.714999999998909        54.095524905063073     
   11.734999999998909        54.937895416874014     
   11.754999999998908        55.996913533498443     
   11.774999999998910        57.341329303724891     
   11.794999999998909        57.654831700629927     
   11.814999999998909        58.844248821669822     
   11.834999999998908        60.075754020880794     
   11.854999999998908        61.355014588718582     
   11.874999999998909        62.389525347946417     
   11.894999999998909        63.865319647612722     
   11.914999999998908        65.043135006630607     
   11.934999999998908        66.186225972105035     
   11.954999999998909        67.290975496896294     
   11.974999999998909        68.363649999004579     
   11.994999999998909        69.338021991344945     
   12.014999999998908        70.424761991694922     
   12.034999999998909        71.761885745777221     
   12.054999999998909        72.844091994269647     
   12.074999999998909        73.954603215280201     
   12.094999999998908        75.101085039229147     
   12.114999999998910        76.598473793617515     
   12.134999999998909        77.712465154387971     
   12.154999999998909        79.011710375165279     
   12.174999999998908        80.625841457993218     
   12.194999999998910        81.893159271890198     
   12.214999999998909        83.140795938053273     
   12.234999999998909        84.383903879678854     
   12.254999999998908        85.638425990372838     
   12.274999999998910        86.922432433209096     
   12.294999999998909        88.254872395128757     
   12.314999999998909        89.265717668732648     
   12.334999999998908        91.234447512900132     
   12.354999999998910        92.649218333879546     
   12.374999999998909        94.041994216942058     
   12.394999999998909        95.691372647637394     
   12.414999999998908        96.990880542069931     
   12.434999999998908        98.280007371502592     
   12.454999999998909        99.791531454540959     
   12.474999999998909        101.71497918232662     
   12.494999999998909        102.41612032567366     
   12.514999999998908        104.23796089630959     
   12.534999999998909        106.02954383306479     
   12.554999999998909        107.07744936349040     
   12.574999999998909        108.39529207989040     
   12.594999999998908        109.68907827931659     
   12.614999999998910        111.29919886467933     
   12.634999999998909        112.16918967414252     
   12.654999999998909        113.06869482932365     
   12.674999999998908        114.53909453475451     
   12.694999999998910        115.35303706069030     
   12.714999999998909        116.10999254408561     
   12.734999999998909        116.84137393339681     
   12.754999999998908        117.57239516725195     
   12.774999999998910        118.30043587200305     
   12.794999999998909        119.01282882605676     
   12.814999999998909        119.69767343856117     
   12.834999999998908        120.34052715270808     
   12.854999999998910        120.92650034446916     
   12.874999999998909        121.74701163666307     
   12.894999999998909        122.17700936841906     
   12.914999999998908        122.59518943271891     
   12.934999999998908        123.01918234939571     
   12.954999999998909        123.44725008646455     
   12.974999999998909        123.88274943027614     
   12.994999999998909        124.34548609267951     
   13.014999999998908        124.84442141805805     
   13.034999999998909        125.37045766099740     
   13.054999999998909        125.90900983510731     
   13.074999999998909        126.44862382591712     
   13.094999999998908        126.97315793917666     
   13.114999999998910        127.46900185373318     
   13.134999999998909        127.91913138737435     
   13.154999999998909        128.30077724907363     
   13.174999999998908        128.61067767537875     
   13.194999999998910        129.24189373170515     
   13.214999999998909        129.46104949263096     
   13.234999999998909        129.67862020191311     
   13.254999999998908        129.39600807799528     
   13.274999999998910        129.66215316217151     
   13.294999999998909        130.01241184056170     
   13.314999999998909        130.38716000635583     
   13.334999999998908        130.70762583815926     
   13.354999999998910        131.06059665436251     
   13.374999999998909        131.43837327472642     
   13.394999999998909        132.33864986333984     
   13.414999999998908        132.95975021014559     
   13.434999999998908        133.34214483895570     
   13.454999999998909        133.78241540487241     
   13.474999999998909        134.28948981230778     
   13.494999999998909        135.54523149095368     
   13.514999999998908        135.60846941406098     
   13.534999999998909        136.18654423938202     
   13.554999999998909        136.75058848662260     
   13.574999999998909        137.31759310360314     
   13.594999999998908        138.51877512195352     
   13.614999999998910        139.09495667110576     
   13.634999999998909        140.26788165307923     
   13.654999999998909        140.74470554154962     
   13.674999999998908        142.10927126186812     
   13.694999999998910        142.63809245246142     
   13.714999999998909        142.93930619556804     
   13.734999999998909        143.29844758036884     
   13.754999999998908        144.80763951997872     
   13.774999999998910        146.12420329497098     
   13.794999999998909        146.60349264265670     
   13.814999999998909        147.09969859870492     
   13.834999999998908        148.82681644668031     
   13.854999999998910        149.39887361841537     
   13.874999999998909        150.03986831832216     
   13.894999999998909        151.02625245478410     
   13.914999999998908        151.83887058566921     
   13.934999999998908        152.69382162395110     
   13.954999999998909        153.60823845405807     
   13.974999999998909        154.43174989566805     
   13.994999999998909        155.26377889938448     
   14.014999999998908        156.10433676428468     
   14.034999999998909        156.94108240691656     
   14.054999999998909        158.47129242694186     
   14.074999999998909        159.26748205227739     
   14.094999999998908        160.58708267824429     
   14.114999999998910        161.18429059956370     
   14.134999999998909        161.70076602165989     
   14.154999999998909        163.58701250805643     
   14.174999999998908        163.98160217580886     
   14.194999999998910        165.94257601783309     
   14.214999999998909        166.37097687572009     
   14.234999999998909        166.82232874620055     
   14.254999999998908        167.28891597437402     
   14.274999999998910        167.76014340265135     
   14.294999999998909        168.22389710501997     
   14.314999999998909        168.67392681611514     
   14.334999999998908        169.09652769926981     
   14.354999999998910        169.47554736866735     
   14.374999999998909        171.09626106501713     
   14.394999999998909        171.39351874490205     
   14.414999999998908        171.65386699750752     
   14.434999999998908        171.87588261061427     
   14.454999999998909        172.04836206426171     
   14.474999999998909        172.15596056580182     
   14.494999999998909        172.20582510603401     
   14.514999999998908        172.23140693372292     
   14.534999999998909        172.22913799489740     
   14.554999999998909        172.18873965015720     
   14.574999999998909        172.10739317035484     
   14.594999999998908        172.02400105635823     
   14.614999999998910        171.99133183355590     
   14.634999999998909        172.01777188458644     
   14.654999999998909        172.07901979085563     
   14.674999999998908        172.14059906919158     
   14.694999999998910        172.17335452309277     
   14.714999999998909        172.15702288663473     
   14.734999999998909        172.09470546291976     
   14.754999999998908        172.00183065372204     
   14.774999999998910        171.89356506128220     
   14.794999999998909        173.21549242090538     
   14.814999999998909        173.14604039817507     
   14.834999999998908        174.61594482621427     
   14.854999999998910        174.61354252214298     
   14.874999999998909        174.59392153772552     
   14.894999999998909        176.07272497904572     
   14.914999999998908        175.99608309291494     
   14.934999999998908        177.48609288837181     
   14.954999999998909        177.33790977644466     
   14.974999999998909        175.96934757876201     
   14.994999999998909        175.62749551478885     
   15.014999999998908        175.25694162440467     
   15.034999999998909        174.86774539793558     
   15.054999999998909        174.46627645138736     
   15.074999999998909        174.05678608603259     
   15.094999999998908        173.64177660150065     
   15.114999999998910        174.83555230363081     
   15.134999999998909        177.80894275882918     
   15.154999999998909        177.52184106236191     
   15.174999999998908        177.27815999243288     
   15.194999999998910        178.05643870258749     
   15.214999999998909        177.79674583262747     
   15.234999999998909        179.26652617660071     
   15.254999999998908        178.88723778563002     
   15.274999999998910        178.47582403204913     
   15.294999999998909        178.05648384564427     
   15.314999999998909        179.48132867891121     
   15.334999999998908        180.92305435524483     
   15.354999999998910        180.50173638634601     
   15.374999999998909        180.07530761276311     
   15.394999999998909        181.61267040533301     
   15.414999999998908        181.18297568342621     
   15.434999999998908        182.73193948988038     
   15.454999999998909        182.28285674555983     
   15.474999999998909        181.85421671378197     
   15.494999999998909        181.44851489835042     
   15.514999999998908        181.06321101503002     
   15.534999999998909        180.69458495416805     
   15.554999999998909        180.33898079077201     
   15.574999999998909        179.99371313464582     
   15.594999999998908        179.65865607008539     
   15.614999999998910        179.33063404941092     
   15.634999999998909        178.98442520569932     
   15.654999999998909        180.59374919459893     
   15.674999999998908        180.10944406509381     
   15.694999999998910        179.52262295267977     
   15.714999999998909        178.85610853906758     
   15.734999999998909        178.15602150906386     
   15.754999999998908        177.46513433428854     
   15.774999999998910        176.80522845269570     
   15.794999999998909        176.18673701722113     
   15.814999999998909        175.61312788633563     
   15.834999999998908        175.08923043977200     
   15.854999999998910        174.61565972365435     
   15.874999999998909        174.17257855282841     
   15.894999999998909        173.73865384925293     
   15.914999999998908        175.17516486530860     
   15.934999999998910        174.75505672017201     
