   9.0000000345753506E-003   178.20517530261856     
   2.9000000034575351E-002   178.35133303861519     
   4.9000000034575351E-002   178.51798866901166     
   6.9000000034575348E-002   178.60176719245916     
   8.9000000034575352E-002   178.83661467764836     
  0.10900000003457536        178.95697338827662     
  0.12900000003457535        179.09364478717467     
  0.14900000003457536        179.20195824191524     
  0.16900000003457535        179.47285200056101     
  0.18900000003457534        179.64087424610594     
  0.20900000003457536        179.78153075073502     
  0.22900000003457535        179.86895404659168     
  0.24900000003457534        179.94429221168124     
  0.26900000003457536        180.34865589340697     
  0.28900000003457538        180.41345811004086     
  0.30900000003457534        180.78431346669709     
  0.32900000003457536        180.92206987204941     
  0.34900000003457538        180.86525112823375     
  0.36900000003457534        181.04272119469917     
  0.38900000003457536        181.47579865575625     
  0.40900000003457537        181.26738581644122     
  0.42900000003457534        181.23348601909251     
  0.44900000003457535        181.73933199024319     
  0.46900000003457537        181.89356712379933     
  0.48900000003457533        182.22304799322200     
  0.50900000003457535        182.30026957177242     
  0.52900000003457537        182.27762388559250     
  0.54900000003457539        182.56460093615053     
  0.56900000003457540        182.70448454891459     
  0.58900000003457531        183.20431835736326     
  0.60900000003457533        182.77540571181336     
  0.62900000003457535        183.14185583634227     
  0.64900000003457536        183.29743972073857     
  0.66900000003457538        183.65403218599133     
  0.68900000003457540        183.57108544203197     
  0.70900000003457542        184.03044473713553     
  0.72900000003457532        184.26795389766991     
  0.74900000003457534        183.75097054989357     
  0.76900000003457536        184.30132720262478     
  0.78900000003457538        184.65826543225853     
  0.80900000003457539        184.26399986829546     
  0.82900000003457541        184.61081307891865     
  0.84900000003457532        184.79828250203164     
  0.86900000003457534        185.16413555399603     
  0.88900000003457536        185.44472106700121     
  0.90900000003457537        185.16403004974219     
  0.92900000003457539        185.86732535302059     
  0.94900000003457541        185.66485033469485     
  0.96900000003457532        185.78607135736817     
  0.98900000003457533        185.61902101044643     
   1.0090000000345754        186.23816161657189     
   1.0290000000345754        186.10007672249847     
   1.0490000000345754        187.22153143334450     
   1.0690000000345754        187.73507883180520     
   1.0890000000345754        187.37388296592852     
   1.1090000000345754        186.52479435230873     
   1.1290000000345755        186.78812656507134     
   1.1490000000345755        187.09603650549809     
   1.1690000000345753        188.01621749316169     
   1.1890000000345753        186.88736281167888     
   1.2090000000345753        187.65672055043240     
   1.2290000000345753        187.84704057279328     
   1.2490000000345753        187.63926370303651     
   1.2690000000345754        188.44639961422203     
   1.2890000000345754        189.97281222172464     
   1.3090000000345754        189.03368800351774     
   1.3290000000345754        188.86777554653042     
   1.3490000000345754        189.66720943488906     
   1.3690000000345754        189.70979965852595     
   1.3890000000345755        189.69949786820925     
   1.4090000000345755        190.80593546510821     
   1.4290000000345753        190.17885313680554     
   1.4490000000345753        189.46876224988236     
   1.4690000000345753        189.55423935380418     
   1.4890000000345753        187.97487744627784     
   1.5090000000345754        189.02667253072804     
   1.5290000000345754        189.96087749342146     
   1.5490000000345754        190.42550088626984     
   1.5690000000345754        191.22424835588100     
   1.5890000000345754        191.79656192736229     
   1.6090000000345754        191.91069376442971     
   1.6290000000345755        192.29282073288516     
   1.6490000000345755        192.70749348592770     
   1.6690000000345755        191.63477442277130     
   1.6890000000345753        192.23548243173357     
   1.7090000000345753        190.63277935621673     
   1.7290000000345753        190.75813284430410     
   1.7490000000345753        191.74790494122215     
   1.7690000000345754        192.86726667109110     
   1.7890000000345754        192.91646303183751     
   1.8090000000345754        193.46123171405048     
   1.8290000000345754        194.47083584829306     
   1.8490000000345754        195.24520854050863     
   1.8690000000345754        196.88311989214662     
   1.8890000000345755        197.20792753878987     
   1.9090000000345755        198.07167247847437     
   1.9290000000345753        197.82618705411397     
   1.9490000000345753        196.50869624784289     
   1.9690000000345753        195.90921167304234     
   1.9890000000345753        194.55295601612499     
   2.0090000000345754        193.87081443636757     
   2.0290000000345754        193.80062795773148     
   2.0490000000345754        193.21340605553081     
   2.0690000000345754        193.41934223495090     
   2.0890000000345754        195.09944614614446     
   2.1090000000345754        197.29778191934759     
   2.1290000000345755        197.20793953847382     
   2.1490000000345755        198.59233943666649     
   2.1690000000345755        197.48775354963612     
   2.1890000000345755        198.11923107701008     
   2.2090000000345755        196.69393703673808     
   2.2290000000345755        197.30167065227658     
   2.2490000000345756        197.90876416928577     
   2.2690000000345756        197.94988920855843     
   2.2890000000345756        198.79899017566689     
   2.3090000000345756        198.35891298342818     
   2.3290000000345752        198.43071796088176     
   2.3490000000345752        197.35814636059871     
   2.3690000000345752        196.90750592146983     
   2.3890000000345752        196.85195572124752     
   2.4090000000345753        196.38299388762684     
   2.4290000000345753        196.71979471659398     
   2.4490000000345753        197.33120591175248     
   2.4690000000345753        198.74192057026468     
   2.4890000000345753        200.05871276999500     
   2.5090000000345754        201.60537463270464     
   2.5290000000345754        202.63095436799313     
   2.5490000000345754        205.50033614790195     
   2.5690000000345754        205.78068594346539     
   2.5890000000345754        205.25119329455245     
   2.6090000000345754        205.03951672574243     
   2.6290000000345755        203.72682944344044     
   2.6490000000345755        201.26156904117002     
   2.6690000000345755        199.45444181609702     
   2.6890000000345755        197.38525675936464     
   2.7090000000345755        196.23106331180247     
   2.7290000000345755        194.97391243558380     
   2.7490000000345756        193.93687925521175     
   2.7690000000345756        194.17908781540064     
   2.7890000000345756        194.80518676945624     
   2.8090000000345756        196.90904479638078     
   2.8290000000345752        197.00968023055884     
   2.8490000000345752        198.32846758849749     
   2.8690000000345752        199.40312916718472     
   2.8890000000345752        200.40431091570915     
   2.9090000000345753        202.94025952306870     
   2.9290000000345753        204.47433685115629     
   2.9490000000345753        205.20693123671768     
   2.9690000000345753        204.46782519023114     
   2.9890000000345753        204.87882586642101     
   3.0090000000345754        205.93340638765272     
   3.0290000000345754        206.42920624290457     
   3.0490000000345754        206.48613828880775     
   3.0690000000345754        206.48668015227886     
   3.0890000000345754        206.26880277546317     
   3.1090000000345754        205.53973712630875     
   3.1290000000345755        205.78632711410580     
   3.1490000000345755        206.02623304495759     
   3.1690000000345755        205.65779147085257     
   3.1890000000345755        206.80759473957397     
   3.2090000000345755        206.61098647960529     
   3.2290000000345755        208.08288917210973     
   3.2490000000345756        206.56429579900259     
   3.2690000000345756        207.70832024692800     
   3.2890000000345756        208.04797028171134     
   3.3090000000345756        208.32718924539978     
   3.3290000000345756        206.91615487003136     
   3.3490000000345752        207.52810864251072     
   3.3690000000345752        208.11301234547139     
   3.3890000000345752        207.52786960439099     
   3.4090000000345753        205.35528528536511     
   3.4290000000345753        204.11758405867135     
   3.4490000000345753        202.25724915767341     
   3.4690000000345753        201.13049842269109     
   3.4890000000345753        200.11092536330025     
   3.5090000000345754        198.60364480809127     
   3.5290000000345754        195.81624692786019     
   3.5490000000345754        193.17288329973090     
   3.5690000000345754        189.87937193229135     
   3.5890000000345754        187.30759056907988     
   3.6090000000345754        184.72382212340489     
   3.6290000000345755        182.65313511690175     
   3.6490000000345755        181.32544649518854     
   3.6690000000345755        178.92098947923384     
   3.6890000000345755        176.95729333655115     
   3.7090000000345755        175.17512672804699     
   3.7290000000345755        174.65775999362447     
   3.7490000000345756        174.05391023166769     
   3.7690000000345756        174.59973634555601     
   3.7890000000345756        175.12097457140274     
   3.8090000000345756        176.15356741002574     
   3.8290000000345756        177.92877281150774     
   3.8490000000345752        179.23693583392074     
   3.8690000000345752        181.25061533891909     
   3.8890000000345752        182.71397325972256     
   3.9090000000345753        184.27548987160816     
   3.9290000000345753        185.78960306577770     
   3.9490000000345753        188.08658561875609     
   3.9690000000345753        191.11101228813843     
   3.9890000000345753        192.95185792049162     
   4.0090000000345754        194.84207396281681     
   4.0290000000345758        197.16480195511485     
   4.0490000000345754        199.81847141366538     
   4.0690000000345758        203.43604543578166     
   4.0890000000345754        205.91848661551290     
   4.1090000000345750        209.49160608855740     
   4.1290000000345755        211.27586219358335     
   4.1490000000345750        214.07150352433050     
   4.1690000000345755        216.15397408661846     
   4.1890000000345751        219.61454254468862     
   4.2090000000345755        223.54423513492515     
   4.2290000000345751        224.88837102373336     
   4.2490000000345756        224.57027079558526     
   4.2690000000345751        225.78149395568721     
   4.2890000000345756        227.77834188136541     
   4.3090000000345752        227.73806980671725     
   4.3290000000345756        226.69241042383112     
   4.3490000000345752        226.77933032175207     
   4.3690000000345757        227.00335587549048     
   4.3890000000345752        226.50499970030191     
   4.4090000000345757        225.61121011354538     
   4.4290000000345753        222.77399217569092     
   4.4490000000345757        222.85438477721803     
   4.4690000000345753        223.17233397409422     
   4.4890000000345758        223.98867434667838     
   4.5090000000345754        223.90040625819728     
   4.5290000000345758        224.47554236315327     
   4.5490000000345754        221.87825700418321     
   4.5690000000345758        223.34689044386738     
   4.5890000000345754        224.47913518847395     
   4.6090000000345759        223.85681596560912     
   4.6290000000345755        222.91760696335723     
   4.6490000000345750        223.86977753631453     
   4.6690000000345755        223.31066608049244     
   4.6890000000345751        221.48174120416365     
   4.7090000000345755        222.16589159138761     
   4.7290000000345751        222.23728708295241     
   4.7490000000345756        221.67810363555549     
   4.7690000000345751        222.87523146308851     
   4.7890000000345756        222.26033083914118     
   4.8090000000345752        221.75895068412180     
   4.8290000000345756        222.65084832625857     
   4.8490000000345752        223.41296836170622     
   4.8690000000345757        223.66338561521891     
   4.8890000000345752        224.28532353414465     
   4.9090000000345757        225.52572899497949     
   4.9290000000345753        227.36740712867530     
   4.9490000000345757        228.53786364922880     
   4.9690000000345753        229.05894533291115     
   4.9890000000345758        230.69595192436324     
   5.0090000000345754        231.92205391734026     
   5.0290000000345758        232.44312223623186     
   5.0490000000345754        233.84096324751627     
   5.0690000000345758        236.26838108863907     
   5.0890000000345754        237.39831158830808     
   5.1090000000345759        237.47879431232479     
   5.1290000000345755        238.50512512509624     
   5.1490000000345750        238.24850039630709     
   5.1690000000345755        237.90180935431653     
   5.1890000000345751        237.48934012513624     
   5.2090000000345755        238.61689799150636     
   5.2290000000345751        238.03839480705764     
   5.2490000000345756        238.23349171933449     
   5.2690000000345751        238.91256100806271     
   5.2890000000345756        237.59141540036305     
   5.3090000000345752        237.81753000813782     
   5.3290000000345756        236.75995434683213     
   5.3490000000345752        235.43711249156544     
   5.3690000000345757        234.15495447648323     
   5.3890000000345752        233.44349329168057     
   5.4090000000345757        232.20782432996575     
   5.4290000000345753        231.05239736734808     
   5.4490000000345757        229.84398032335881     
   5.4690000000345753        230.64983582356226     
   5.4890000000345758        229.80306272888780     
   5.5090000000345754        228.95490267915153     
   5.5290000000345758        229.03081251191477     
   5.5490000000345754        228.39963623247613     
   5.5690000000345758        229.79877857040339     
   5.5890000000345754        230.92500996552292     
   5.6090000000345759        233.92813087284387     
   5.6290000000345755        232.26695801919746     
   5.6490000000345750        231.93848628502883     
   5.6690000000345755        232.88577528759862     
   5.6890000000345751        234.18088041561202     
   5.7090000000345755        235.61359443293989     
   5.7290000000345751        238.08514689722725     
   5.7490000000345756        237.15762831848750     
   5.7690000000345751        238.82268113977429     
   5.7890000000345756        239.20406660824059     
   5.8090000000345752        240.36300221264898     
   5.8290000000345756        240.20509480407341     
   5.8490000000345752        240.11516241282052     
   5.8690000000345757        240.81895453011009     
   5.8890000000345752        240.14098041046316     
   5.9090000000345757        239.72733271535526     
   5.9290000000345753        239.19205389896968     
   5.9490000000345757        236.08542135389192     
   5.9690000000345753        235.44378144322511     
   5.9890000000345758        234.54078317360865     
   6.0090000000345754        233.78134758032746     
   6.0290000000345758        232.94765546306274     
   6.0490000000345754        233.66219237233489     
   6.0690000000345758        232.48849118155562     
   6.0890000000345754        232.27504353326788     
   6.1090000000345759        229.96691699027915     
   6.1290000000345755        228.39635471304464     
   6.1490000000345759        227.97125051340322     
   6.1690000000345755        228.56421921201877     
   6.1890000000345751        226.90615275152646     
   6.2090000000345755        224.75996019502915     
   6.2290000000345751        224.11883633638118     
   6.2490000000345756        222.34331631294273     
   6.2690000000345751        220.54499516039911     
   6.2890000000345756        220.67076399811225     
   6.3090000000345752        218.85060175958134     
   6.3290000000345756        217.02394087961221     
   6.3490000000345752        217.09734332667105     
   6.3690000000345757        215.92482002963084     
   6.3890000000345752        213.55704042707976     
   6.4090000000345757        212.23712572571878     
   6.4290000000345753        212.11988024406855     
   6.4490000000345757        211.96711479929277     
   6.4690000000345753        206.19737477180277     
   6.4890000000345758        204.08163562858252     
   6.5090000000345754        201.77273766650242     
   6.5290000000345758        200.23637416721212     
   6.5490000000345754        197.30074487921775     
   6.5690000000345758        196.52961457086326     
   6.5890000000345754        194.50945942195008     
   6.6090000000345759        192.82131597475404     
   6.6290000000345755        185.09239159188698     
   6.6490000000345759        183.17261696582040     
   6.6690000000345755        180.14027950387040     
   6.6890000000345751        177.10916705619724     
   6.7090000000345755        173.98315819123357     
   6.7290000000345751        171.76049561318905     
   6.7490000000345756        168.57751640294055     
   6.7690000000345751        166.10314244563529     
   6.7890000000345756        163.55341688118290     
   6.8090000000345752        155.89245811741674     
   6.8290000000345756        152.18888407884447     
   6.8490000000345752        148.46189232492910     
   6.8690000000345757        144.57485202876484     
   6.8890000000345752        141.24739668622428     
   6.9090000000345757        137.27995514997110     
   6.9290000000345753        132.58203694379833     
   6.9490000000345757        128.45646616096499     
   6.9690000000345753        124.85685665621571     
   6.9890000000345758        120.56085345475518     
   7.0090000000345754        117.40495742562483     
   7.0290000000345758        112.73575310825360     
   7.0490000000345754        106.91512643144446     
   7.0690000000345758        101.90425280639482     
   7.0890000000345754        94.779349166953722     
   7.1090000000345759        89.752731446244880     
   7.1290000000345755        81.792150841650212     
   7.1490000000345759        76.906029487517813     
   7.1690000000345755        72.061319829018458     
   7.1890000000345751        67.307396309417967     
   7.2090000000345755        62.686067944982909     
   7.2290000000345751        58.214158772379598     
   7.2490000000345756        53.643018468021801     
   7.2690000000345751        49.536384986435365     
   7.2890000000345756        45.424783545918430     
   7.3090000000345752        40.798294491637343     
   7.3290000000345756        36.802903549786109     
   7.3490000000345752        33.335337130246053     
   7.3690000000345757        29.606567537099220     
   7.3890000000345752        26.519270633312793     
   7.4090000000345757        23.634277109762337     
   7.4290000000345753        20.961601431140860     
   7.4490000000345757        17.612441453970028     
   7.4690000000345753        14.669802053003622     
   7.4890000000345758        12.752152800838383     
   7.5090000000345754        10.475581443794937     
   7.5290000000345758        8.8897894848231012     
   7.5490000000345754        6.7033312309656203     
   7.5690000000345758        5.6066053752804210     
   7.5890000000345754        4.6277940826851873     
   7.6090000000345759        3.7409354982896383     
   7.6290000000345755        2.5938435521848344     
   7.6490000000345759        2.0096976746953521     
   7.6690000000345755        1.4608743758122442     
   7.6890000000345751        1.0575353350691750     
   7.7090000000345755       0.73159732700226321     
   7.7290000000345751       0.48074869977988954     
   7.7490000000345756       0.30407688774309749     
   7.7690000000345751       0.19487321221263626     
   7.7890000000345756       0.16100560813039927     
   7.8090000000345752       0.19979411086444421     
   7.8290000000345756       0.31468976513071040     
   7.8490000000345752       0.51332935374343314     
   7.8690000000345757       0.80064327281288761     
   7.8890000000345752        1.1778671997931425     
   7.9090000000345757        1.6443849399800097     
   7.9290000000345753        2.2026323299792265     
   7.9490000000345757        2.8233854953364910     
   7.9690000000345753        3.5796783136274737     
   7.9890000000345758        4.4448932736992095     
   8.0090000000345754        5.4215631364347932     
   8.0290000000345749        6.5066115956803339     
   8.0490000000345763        7.6923605914644737     
   8.0690000000345758        8.9674016780357775     
   8.0890000000345754        10.315543000930733     
   8.1090000000345750        11.756799711202751     
   8.1290000000345763        13.319210124457324     
   8.1490000000345759        15.063888070770858     
   8.1690000000345755        16.829563435615064     
   8.1890000000345751        18.673406012737551     
   8.2090000000345746        20.671153397771914     
   8.2290000000345760        22.985401502168621     
   8.2490000000345756        25.323903651832843     
   8.2690000000345751        27.782158532210339     
   8.2890000000345747        30.380053482228504     
   8.3090000000345761        33.124230809262670     
   8.3290000000345756        35.998121571013733     
   8.3490000000345752        39.034065630191485     
   8.3690000000345748        42.487432243367380     
   8.3890000000345761        46.031645614988214     
   8.4090000000345757        49.331561479430640     
   8.4290000000345753        52.978870838220537     
   8.4490000000345749        56.176788755848357     
   8.4690000000345762        55.503872595366090     
   8.4890000000345758        58.455729099618452     
   8.5090000000345754        61.815691847464215     
   8.5290000000345749        64.803778772562211     
   8.5490000000345763        67.935359643773907     
   8.5690000000345758        71.180689245098918     
   8.5890000000345754        74.535841191561815     
   8.6090000000345750        76.717927626987787     
   8.6290000000345763        76.646327496579033     
   8.6490000000345759        80.030117864882769     
   8.6690000000345755        83.377652544435804     
   8.6890000000345751        86.666506211311699     
   8.7090000000345764        89.857449885664025     
   8.7290000000345760        92.915832322808015     
   8.7490000000345756        95.822401230301935     
   8.7690000000345751        98.571333839555464     
   8.7890000000345747        101.18845139133003     
   8.8090000000345761        103.71646431651246     
   8.8290000000345756        106.23907535720113     
   8.8490000000345752        108.81784754791539     
   8.8690000000345748        111.49874659043174     
   8.8890000000345761        114.23843574150425     
   8.9090000000345757        117.79471436026110     
   8.9290000000345753        120.56943211135356     
   8.9490000000345749        123.29837410069645     
   8.9690000000345762        125.97811416966472     
   8.9890000000345758        128.58918381129087     
   9.0090000000345754        131.11541806848285     
   9.0290000000345749        133.56718761545162     
   9.0490000000345763        136.87313259580486     
   9.0690000000345758        139.15182713844618     
   9.0890000000345754        140.42900748969041     
   9.1090000000345750        143.46696765916326     
   9.1290000000345763        146.39783686161115     
   9.1490000000345759        148.20125714956583     
   9.1690000000345755        149.90147510418618     
   9.1890000000345751        151.63471569241148     
   9.2090000000345764        153.51422704318682     
   9.2290000000345760        155.52114178871554     
   9.2490000000345756        157.60847903851374     
   9.2690000000345751        157.55984583347427     
   9.2890000000345747        160.74265615601090     
   9.3090000000345761        162.77166092625862     
   9.3290000000345756        164.75627186929137     
   9.3490000000345752        166.69687076514589     
   9.3690000000345748        168.61708476873014     
   9.3890000000345761        170.49072078718515     
   9.4090000000345757        172.31555085680381     
   9.4290000000345753        177.82110238968340     
   9.4490000000345749        179.70000155969402     
   9.4690000000345762        181.59904984099583     
   9.4890000000345758        183.49478991164210     
   9.5090000000345754        186.73773983911380     
   9.5290000000345749        191.34691238043470     
   9.5490000000345763        193.03740057073082     
   9.5690000000345758        194.61181460971059     
   9.5890000000345754        196.11275119909195     
   9.6090000000345750        200.76338499507301     
   9.6290000000345763        198.80150832584198     
   9.6490000000345759        202.21772043325856     
   9.6690000000345755        205.57635444171513     
   9.6890000000345751        207.56396824753955     
   9.7090000000345764        209.60924653416262     
   9.7290000000345760        211.62558945586795     
   9.7490000000345756        213.55833452911605     
   9.7690000000345751        215.35828513737320     
   9.7890000000345747        218.89326799676780     
   9.8090000000345761        220.36158210915275     
   9.8290000000345756        221.75357028268368     
   9.8490000000345752        227.37928259268568     
   9.8690000000345748        229.27038813381802     
   9.8890000000345761        232.82560315645793     
   9.9090000000345757        237.08753926977164     
   9.9290000000345753        236.90029747685458     
   9.9490000000345749        238.84234960962704     
   9.9690000000345762        240.72450393279166     
   9.9890000000345758        244.30482919219571     
   10.009000000034575        246.09700201265466     
   10.029000000034575        249.76635676410743     
   10.049000000034576        251.50510838640855     
   10.069000000034576        253.08347153034529     
   10.089000000034575        254.50032961302736     
   10.109000000034575        258.14784975564936     
   10.129000000034576        261.98452105523052     
   10.149000000034576        263.32900710831478     
   10.169000000034575        267.16573723180215     
   10.189000000034575        268.35497321642765     
   10.209000000034576        269.42437668830422     
   10.229000000034576        271.23737040714508     
   10.249000000034576        272.09383379859963     
   10.269000000034575        272.80117361646029     
   10.289000000034575        273.36851303577413     
   10.309000000034576        273.84351905780233     
   10.329000000034576        274.27857544234456     
   10.349000000034575        274.70231583188468     
   10.369000000034575        275.03969890142611     
   10.389000000034576        275.27464075705069     
   10.409000000034576        275.83083688978326     
   10.429000000034575        278.25172236087604     
   10.449000000034575        278.34132098544023     
   10.469000000034576        278.32544265760555     
   10.489000000034576        281.42153527285660     
   10.509000000034575        283.87391801724101     
   10.529000000034575        283.35024644870680     
   10.549000000034576        285.06079366599369     
   10.569000000034576        284.32660119348583     
   10.589000000034575        285.78433777248961     
   10.609000000034575        284.64027920831114     
   10.629000000034576        283.60909881907537     
   10.649000000034576        282.59332764290826     
   10.669000000034575        282.87634269351139     
   10.689000000034575        281.59312370835107     
   10.709000000034576        280.30317751281609     
   10.729000000034576        279.01479057363520     
   10.749000000034576        277.72466444517107     
   10.769000000034575        276.43240589700139     
   10.789000000034575        277.04280844964700     
   10.809000000034576        275.69295460014968     
   10.829000000034576        274.36832622020779     
   10.849000000034575        273.04068040857271     
   10.869000000034575        271.67724702271317     
   10.889000000034576        270.25886753658415     
   10.909000000034576        271.08939165737593     
   10.929000000034575        274.33080240094574     
   10.949000000034575        273.84531415008041     
   10.969000000034576        272.38466968762367     
   10.989000000034576        270.97478867622311     
   11.009000000034575        269.60417022411531     
   11.029000000034575        268.25776557751760     
   11.049000000034576        266.92302382750984     
   11.069000000034576        268.27102147666966     
   11.089000000034575        266.91042887396327     
   11.109000000034575        265.59132066646521     
   11.129000000034576        267.21805551767147     
   11.149000000034576        270.19927932212954     
   11.169000000034575        269.47243475034264     
   11.189000000034575        271.95363191542009     
   11.209000000034576        274.54651380113700     
   11.229000000034576        274.38322472492513     
   11.249000000034576        274.37357401586166     
   11.269000000034575        279.29363235894448     
   11.289000000034575        279.63660998536022     
   11.309000000034576        279.98447664369223     
   11.329000000034576        282.72357080536949     
   11.349000000034575        283.07368316541795     
   11.369000000034575        283.32643941212700     
   11.389000000034576        283.53615025768426     
   11.409000000034576        287.51221985445625     
   11.429000000034575        288.00031465824117     
