   3.0000000115251169E-003   224.82868414846712     
   2.3000000011525117E-002   224.89590637854778     
   4.3000000011525118E-002   224.96793608441766     
   6.3000000011525115E-002   225.03876271555723     
   8.3000000011525119E-002   225.11329149880132     
  0.10300000001152512        225.17061727502795     
  0.12300000001152511        225.21699028400786     
  0.14300000001152513        225.27668650134521     
  0.16300000001152512        225.34438551745762     
  0.18300000001152511        225.39831425062337     
  0.20300000001152513        225.48317499471551     
  0.22300000001152512        225.55354724698506     
  0.24300000001152511        225.65238028115056     
  0.26300000001152513        225.68926989870664     
  0.28300000001152514        225.75841351234882     
  0.30300000001152511        225.88653844420051     
  0.32300000001152512        225.78237812389222     
  0.34300000001152514        226.16618946484942     
  0.36300000001152510        226.01980962605955     
  0.38300000001152512        226.05946990186331     
  0.40300000001152514        226.06869735726920     
  0.42300000001152510        226.36423458605401     
  0.44300000001152512        226.35595974868065     
  0.46300000001152514        226.47978635206141     
  0.48300000001152510        226.49690975451605     
  0.50300000001152512        226.66750947617075     
  0.52300000001152513        226.42927760764934     
  0.54300000001152515        226.52791503492139     
  0.56300000001152517        226.57295997069781     
  0.58300000001152508        226.73628857325542     
  0.60300000001152509        226.58124217911023     
  0.62300000001152511        227.00713848274495     
  0.64300000001152513        227.05127644318475     
  0.66300000001152515        226.88616964979988     
  0.68300000001152517        227.26073007956947     
  0.70300000001152518        226.88596026346983     
  0.72300000001152509        227.35049077180190     
  0.74300000001152511        226.80081764950967     
  0.76300000001152513        227.49284629836009     
  0.78300000001152514        227.33253756002907     
  0.80300000001152516        227.67706795799049     
  0.82300000001152518        227.19935785509776     
  0.84300000001152509        227.36266924753593     
  0.86300000001152510        227.49718305379517     
  0.88300000001152512        227.15063255769343     
  0.90300000001152514        228.06165459597705     
  0.92300000001152516        228.36761762882713     
  0.94300000001152517        227.70373151510731     
  0.96300000001152508        227.51709678525302     
  0.98300000001152510        227.78289235910532     
   1.0030000000115251        228.53965093983206     
   1.0230000000115251        228.85624280632629     
   1.0430000000115252        227.88505295180397     
   1.0630000000115252        227.85509246293873     
   1.0830000000115252        228.65295408613906     
   1.1030000000115252        228.55319209694105     
   1.1230000000115252        228.08729538895815     
   1.1430000000115252        228.67314183800005     
   1.1630000000115250        228.26598467142983     
   1.1830000000115251        228.12170394707508     
   1.2030000000115251        228.80432889475236     
   1.2230000000115251        229.39992085389002     
   1.2430000000115251        228.91789169871834     
   1.2630000000115251        228.69353560055811     
   1.2830000000115251        228.83254052850779     
   1.3030000000115252        229.51710715581609     
   1.3230000000115252        228.64888003124128     
   1.3430000000115252        229.45935365669692     
   1.3630000000115252        229.45652802810824     
   1.3830000000115252        229.00094833650820     
   1.4030000000115253        229.48544810309917     
   1.4230000000115250        229.19742714583631     
   1.4430000000115251        229.92459163973768     
   1.4630000000115251        230.95597374194730     
   1.4830000000115251        228.91526476066718     
   1.5030000000115251        229.89810424701264     
   1.5230000000115251        228.53895865689421     
   1.5430000000115252        228.70281443247961     
   1.5630000000115252        229.75980799021320     
   1.5830000000115252        228.67079146237847     
   1.6030000000115252        230.53461378704554     
   1.6230000000115252        231.13671349313330     
   1.6430000000115252        230.67592172231340     
   1.6630000000115253        230.90687583999059     
   1.6830000000115251        230.01784212897451     
   1.7030000000115251        230.62023981166561     
   1.7230000000115251        229.06850373560621     
   1.7430000000115251        230.11711777510538     
   1.7630000000115251        230.83809905101967     
   1.7830000000115251        230.48041750456287     
   1.8030000000115252        231.28603552248327     
   1.8230000000115252        230.52784936099189     
   1.8430000000115252        230.21318471522360     
   1.8630000000115252        232.13532394854042     
   1.8830000000115252        232.64733641689472     
   1.9030000000115253        231.95091138742310     
   1.9230000000115250        229.40256265986534     
   1.9430000000115251        230.71084152798551     
   1.9630000000115251        230.15206627498748     
   1.9830000000115251        231.12063771798381     
   2.0030000000115251        231.39040441208311     
   2.0230000000115251        231.85812014287907     
   2.0430000000115252        231.83640382482588     
   2.0630000000115252        232.82767222453347     
   2.0830000000115252        230.87798260965442     
   2.1030000000115252        229.86852859502585     
   2.1230000000115252        230.49167145487098     
   2.1430000000115252        231.65537422137231     
   2.1630000000115253        233.48112772965465     
   2.1830000000115253        232.16005916196357     
   2.2030000000115253        231.52680972699710     
   2.2230000000115253        232.08330117443938     
   2.2430000000115253        232.70407327944298     
   2.2630000000115253        232.02027410019599     
   2.2830000000115254        232.35665014173608     
   2.3030000000115254        232.73616779141767     
   2.3230000000115250        232.68539008640005     
   2.3430000000115250        233.34484514994762     
   2.3630000000115250        232.14980844296815     
   2.3830000000115250        232.53151289259736     
   2.4030000000115250        232.50113346722108     
   2.4230000000115250        233.10201075434506     
   2.4430000000115251        233.89536004824191     
   2.4630000000115251        232.89792742934415     
   2.4830000000115251        232.95129252565229     
   2.5030000000115251        232.01799577350366     
   2.5230000000115251        232.13246832469758     
   2.5430000000115252        233.31735559307074     
   2.5630000000115252        234.06761882912798     
   2.5830000000115252        234.02374409894452     
   2.6030000000115252        234.40340928024821     
   2.6230000000115252        232.97338141316152     
   2.6430000000115252        231.87451849111412     
   2.6630000000115253        232.11304766863680     
   2.6830000000115253        232.92618489552214     
   2.7030000000115253        232.63557232234123     
   2.7230000000115253        233.23309760721938     
   2.7430000000115253        234.54712515096406     
   2.7630000000115253        234.19410991750482     
   2.7830000000115254        233.23242616177961     
   2.8030000000115254        234.05077284818387     
   2.8230000000115250        234.84019177755550     
   2.8430000000115250        235.34957499756331     
   2.8630000000115250        235.57747071373964     
   2.8830000000115250        234.44613085782629     
   2.9030000000115250        235.03803390519295     
   2.9230000000115250        234.40645017929057     
   2.9430000000115251        232.89521384769546     
   2.9630000000115251        230.79438058704713     
   2.9830000000115251        230.49484593739689     
   3.0030000000115251        232.93221668581620     
   3.0230000000115251        234.55738196236211     
   3.0430000000115252        234.80660674018836     
   3.0630000000115252        235.05556068447561     
   3.0830000000115252        235.86774781839497     
   3.1030000000115252        236.93059186733294     
   3.1230000000115252        236.96409238508329     
   3.1430000000115252        235.76593379509006     
   3.1630000000115253        235.29035628585220     
   3.1830000000115253        235.25472592459309     
   3.2030000000115253        235.10585364020565     
   3.2230000000115253        236.59439753910070     
   3.2430000000115253        236.27079362368906     
   3.2630000000115253        235.51064092664856     
   3.2830000000115254        234.86280020956593     
   3.3030000000115254        236.48029646163837     
   3.3230000000115254        236.20417786072548     
   3.3430000000115250        236.76201634678586     
   3.3630000000115250        236.14455035808774     
   3.3830000000115250        236.59053273781623     
   3.4030000000115250        237.55788239558609     
   3.4230000000115250        237.43086539578587     
   3.4430000000115251        236.28189908951200     
   3.4630000000115251        236.78190955988998     
   3.4830000000115251        236.55740775221207     
   3.5030000000115251        238.67056583475784     
   3.5230000000115251        238.80601334397124     
   3.5430000000115252        238.08732804558232     
   3.5630000000115252        238.06260462467512     
   3.5830000000115252        239.98448302554334     
   3.6030000000115252        239.90974246171993     
   3.6230000000115252        238.96605741902059     
   3.6430000000115252        238.71527460112600     
   3.6630000000115253        237.65349209567296     
   3.6830000000115253        236.86409551253769     
   3.7030000000115253        235.63137959651635     
   3.7230000000115253        235.60086639436130     
   3.7430000000115253        236.18514856859838     
   3.7630000000115253        236.87562945015151     
   3.7830000000115254        236.58080473985959     
   3.8030000000115254        236.51059206951888     
   3.8230000000115254        235.83811491638113     
   3.8430000000115250        235.94270826325626     
   3.8630000000115250        237.19342008657406     
   3.8830000000115250        238.87605803808924     
   3.9030000000115250        239.74496409299402     
   3.9230000000115250        238.41606140685067     
   3.9430000000115251        238.41273502344310     
   3.9630000000115251        238.23905137026094     
   3.9830000000115251        238.40034861125378     
   4.0030000000115251        238.43081251250157     
   4.0230000000115256        239.21332911915002     
   4.0430000000115252        238.01237605111521     
   4.0630000000115256        237.24628533481564     
   4.0830000000115252        238.55277789955866     
   4.1030000000115248        240.68650976764042     
   4.1230000000115252        240.79535305955022     
   4.1430000000115248        240.25551752927743     
   4.1630000000115253        238.53769534295202     
   4.1830000000115248        237.26894479774390     
   4.2030000000115253        237.66414472307781     
   4.2230000000115249        237.63284679599275     
   4.2430000000115253        237.97774667481772     
   4.2630000000115249        236.97218453903506     
   4.2830000000115254        236.05277809406536     
   4.3030000000115249        236.91552259390360     
   4.3230000000115254        237.11691913562484     
   4.3430000000115250        237.59419525581589     
   4.3630000000115254        237.05753436637181     
   4.3830000000115250        236.90178825590354     
   4.4030000000115255        236.67311322085902     
   4.4230000000115250        236.53659880355804     
   4.4430000000115255        237.89817524776348     
   4.4630000000115251        239.06294979855329     
   4.4830000000115255        239.89201716851517     
   4.5030000000115251        240.51375820852888     
   4.5230000000115256        240.93992229698554     
   4.5430000000115252        240.97368757568938     
   4.5630000000115256        239.45302587742430     
   4.5830000000115252        239.33847091529384     
   4.6030000000115256        239.71913329067013     
   4.6230000000115252        240.47355788492618     
   4.6430000000115248        239.21772476907884     
   4.6630000000115253        240.35730281081462     
   4.6830000000115248        239.77278434321622     
   4.7030000000115253        238.19199172847090     
   4.7230000000115249        236.92041472372401     
   4.7430000000115253        236.69547484286161     
   4.7630000000115249        237.31381183079438     
   4.7830000000115254        237.40706230000973     
   4.8030000000115249        237.30822031191951     
   4.8230000000115254        238.96245383515193     
   4.8430000000115250        240.88029320385894     
   4.8630000000115254        241.22351774734750     
   4.8830000000115250        241.00022470333516     
   4.9030000000115255        241.37780197303732     
   4.9230000000115250        241.68239896751345     
   4.9430000000115255        242.52013295208715     
   4.9630000000115251        243.14003902663006     
   4.9830000000115255        241.77611439647026     
   5.0030000000115251        242.01712166127041     
   5.0230000000115256        242.59867910404196     
   5.0430000000115252        242.67500706062879     
   5.0630000000115256        242.94768854907059     
   5.0830000000115252        243.74844546820503     
   5.1030000000115256        244.42161920680206     
   5.1230000000115252        245.21497640077098     
   5.1430000000115248        244.90538100573079     
   5.1630000000115253        244.13599046449266     
   5.1830000000115248        243.72445802046249     
   5.2030000000115253        242.79715655141825     
   5.2230000000115249        243.67889691891082     
   5.2430000000115253        244.24770848372705     
   5.2630000000115249        244.34068096308414     
   5.2830000000115254        244.34388256697608     
   5.3030000000115249        243.97261842056110     
   5.3230000000115254        243.19579635670419     
   5.3430000000115250        243.46434831105131     
   5.3630000000115254        244.51513183767966     
   5.3830000000115250        245.18999107430761     
   5.4030000000115255        244.69548998342543     
   5.4230000000115250        244.52397487699452     
   5.4430000000115255        245.87620727318378     
   5.4630000000115251        247.02748469463305     
   5.4830000000115255        246.57674433000096     
   5.5030000000115251        246.43974440343413     
   5.5230000000115256        245.87448519579362     
   5.5430000000115252        245.42836568952876     
   5.5630000000115256        245.58733202035793     
   5.5830000000115252        246.72990608303985     
   5.6030000000115256        247.60514734514427     
   5.6230000000115252        248.76837847936613     
   5.6430000000115248        249.17962137903186     
   5.6630000000115253        248.97313711665424     
   5.6830000000115248        249.01145914741849     
   5.7030000000115253        248.15993294254332     
   5.7230000000115249        247.21525034410195     
   5.7430000000115253        244.97642705776892     
   5.7630000000115249        245.01667661037922     
   5.7830000000115254        246.02779116204707     
   5.8030000000115249        247.23130673125095     
   5.8230000000115254        247.74883364663572     
   5.8430000000115250        246.89972799164605     
   5.8630000000115254        245.91016877734887     
   5.8830000000115250        243.79966149756456     
   5.9030000000115255        242.71624326657388     
   5.9230000000115250        242.81785343874222     
   5.9430000000115255        243.23325525103675     
   5.9630000000115251        243.59437657152947     
   5.9830000000115255        245.27769139525293     
   6.0030000000115251        245.63382845669915     
   6.0230000000115256        246.68487248436767     
   6.0430000000115252        247.47222905887696     
   6.0630000000115256        248.12464372803910     
   6.0830000000115252        247.67713597770299     
   6.1030000000115256        247.58051462211532     
   6.1230000000115252        248.95808580693304     
   6.1430000000115257        249.04737973191649     
   6.1630000000115253        248.94672695978485     
   6.1830000000115248        249.01866656121359     
   6.2030000000115253        249.38592631901773     
   6.2230000000115249        250.23059001392733     
   6.2430000000115253        248.68022331611951     
   6.2630000000115249        248.30696433340572     
   6.2830000000115254        246.77257643753401     
   6.3030000000115249        245.85896032147963     
   6.3230000000115254        245.32087819280494     
   6.3430000000115250        245.49736489270512     
   6.3630000000115254        244.96814130180729     
   6.3830000000115250        243.68000522931345     
   6.4030000000115255        245.08308580982796     
   6.4230000000115250        246.67243143178780     
   6.4430000000115255        247.96530827091308     
   6.4630000000115251        249.09706395922490     
   6.4830000000115255        249.18849027188222     
   6.5030000000115251        247.53602569546678     
   6.5230000000115256        246.99689612887644     
   6.5430000000115252        245.85200105287305     
   6.5630000000115256        245.08852040860793     
   6.5830000000115252        245.24515872481143     
   6.6030000000115256        245.47234471555680     
   6.6230000000115252        246.10192668679693     
   6.6430000000115257        247.39264420447807     
   6.6630000000115253        248.05853623174355     
   6.6830000000115248        247.73692593003409     
   6.7030000000115253        246.96594749757648     
   6.7230000000115249        246.24161030914854     
   6.7430000000115253        246.35684826194853     
   6.7630000000115249        245.98317082452445     
   6.7830000000115254        246.79159858831508     
   6.8030000000115249        247.35324017006769     
   6.8230000000115254        248.40774023062514     
   6.8430000000115250        247.43225603626001     
   6.8630000000115254        247.04385484233475     
   6.8830000000115250        247.26369718240497     
   6.9030000000115255        247.06325962718537     
   6.9230000000115250        246.06374591742309     
   6.9430000000115255        245.98859593539783     
   6.9630000000115251        245.94194548849876     
   6.9830000000115255        247.84464628131454     
   7.0030000000115251        249.98809656499418     
   7.0230000000115256        250.74588401973833     
   7.0430000000115252        251.54725375433810     
   7.0630000000115256        249.34293340397991     
   7.0830000000115252        248.80022127591045     
   7.1030000000115256        247.97199873891560     
   7.1230000000115252        247.32831469165620     
   7.1430000000115257        248.17128211620908     
   7.1630000000115253        249.45634637586971     
   7.1830000000115248        248.85038918686385     
   7.2030000000115253        249.18236601885079     
   7.2230000000115249        250.68664008927888     
   7.2430000000115253        249.98714048026113     
   7.2630000000115249        250.35546237308708     
   7.2830000000115254        249.70279205854271     
   7.3030000000115249        249.06608667374303     
   7.3230000000115254        249.58821497819972     
   7.3430000000115250        249.06300739571887     
   7.3630000000115254        248.69004114245064     
   7.3830000000115250        247.60739903463784     
   7.4030000000115255        246.69763351294472     
   7.4230000000115250        246.40639775095786     
   7.4430000000115255        246.14681119880359     
   7.4630000000115251        246.56135776089621     
   7.4830000000115255        246.85029484896970     
   7.5030000000115251        247.15452639471502     
   7.5230000000115256        249.06876388740071     
   7.5430000000115252        248.95408555966372     
   7.5630000000115256        247.86478841407356     
   7.5830000000115252        246.74097535828108     
   7.6030000000115256        247.60580050198817     
   7.6230000000115252        246.92082142657875     
   7.6430000000115257        245.81563888605845     
   7.6630000000115253        246.01246308814601     
   7.6830000000115248        246.49510993313547     
   7.7030000000115253        247.09262607580678     
   7.7230000000115249        248.35887867934497     
   7.7430000000115253        248.59249345156712     
   7.7630000000115249        249.62272269411167     
   7.7830000000115254        250.23097948828087     
   7.8030000000115249        250.72168345305948     
   7.8230000000115254        248.48493918462782     
   7.8430000000115250        247.04497055865355     
   7.8630000000115254        245.95326771600674     
   7.8830000000115250        245.75671406133532     
   7.9030000000115255        245.06313739007803     
   7.9230000000115250        244.73499271094860     
   7.9430000000115255        244.08997991161215     
   7.9630000000115251        243.99400378570922     
   7.9830000000115255        243.70565117357850     
   8.0030000000115251        245.25124426320789     
   8.0230000000115247        246.05862622482812     
   8.0430000000115260        247.63121375176496     
   8.0630000000115256        246.46757966105059     
   8.0830000000115252        246.03147354052157     
   8.1030000000115248        245.79519002672430     
   8.1230000000115261        245.52911776781164     
   8.1430000000115257        244.58374036485429     
   8.1630000000115253        245.86472648429157     
   8.1830000000115248        247.66814715215432     
   8.2030000000115244        250.21198763491375     
   8.2230000000115258        251.32869852292629     
   8.2430000000115253        252.71730401674597     
   8.2630000000115249        252.85146707372968     
   8.2830000000115245        252.06206099865065     
   8.3030000000115258        252.41803559014650     
   8.3230000000115254        252.06116198544166     
   8.3430000000115250        251.49133842969911     
   8.3630000000115245        250.98175618949105     
   8.3830000000115259        251.88345121735694     
   8.4030000000115255        251.83979598803867     
   8.4230000000115250        252.33784040801490     
   8.4430000000115246        252.72577758763717     
   8.4630000000115260        254.34388386546459     
   8.4830000000115255        254.65427956165294     
   8.5030000000115251        255.00531314563321     
   8.5230000000115247        255.52111760497743     
   8.5430000000115260        256.15690935059274     
   8.5630000000115256        256.17312363398310     
   8.5830000000115252        256.61475451031890     
   8.6030000000115248        256.76630563084711     
   8.6230000000115261        257.29970912545838     
   8.6430000000115257        256.98895226917614     
   8.6630000000115253        257.72436952939790     
   8.6830000000115248        259.03644314735652     
   8.7030000000115262        259.63687413971343     
   8.7230000000115258        259.91154703574210     
   8.7430000000115253        259.96923898372285     
   8.7630000000115249        260.83178974897959     
   8.7830000000115245        261.88247890367631     
   8.8030000000115258        260.71331056370178     
   8.8230000000115254        259.53406536753528     
   8.8430000000115250        259.44519680994051     
   8.8630000000115245        259.40737601301805     
   8.8830000000115259        260.14715922296739     
   8.9030000000115255        260.72645261884082     
   8.9230000000115250        260.71885293188575     
   8.9430000000115246        261.48136340286123     
   8.9630000000115260        262.26953338973198     
   8.9830000000115255        263.39311838068147     
   9.0030000000115251        265.09365233354885     
   9.0230000000115247        266.25854549795821     
   9.0430000000115260        267.07118487736142     
   9.0630000000115256        267.06501758277074     
   9.0830000000115252        267.46760743080245     
   9.1030000000115248        268.37009748650604     
   9.1230000000115261        266.84572812192249     
   9.1430000000115257        265.85512404272009     
   9.1630000000115253        265.24634918000379     
   9.1830000000115248        265.36834964083340     
   9.2030000000115262        265.47775513843072     
   9.2230000000115258        265.13858062037707     
   9.2430000000115253        265.46133380905252     
   9.2630000000115249        266.01397819876502     
   9.2830000000115245        266.43375587287420     
   9.3030000000115258        266.96056236178413     
   9.3230000000115254        268.60989346234663     
   9.3430000000115250        268.35396509567352     
   9.3630000000115245        268.15788387002277     
   9.3830000000115259        267.35118773089181     
   9.4030000000115255        265.67452053928849     
   9.4230000000115250        264.05148771415236     
   9.4430000000115246        262.24492724829224     
   9.4630000000115260        260.98293226016517     
   9.4830000000115255        261.12988848945048     
   9.5030000000115251        260.64845288344804     
   9.5230000000115247        260.29621780982916     
   9.5430000000115260        259.34786959719941     
   9.5630000000115256        258.85675798946960     
   9.5830000000115252        257.84315066604381     
   9.6030000000115248        256.99683062419035     
   9.6230000000115261        257.45892269095231     
   9.6430000000115257        258.21341257386644     
   9.6630000000115253        258.10025174427500     
   9.6830000000115248        259.95225821051690     
   9.7030000000115262        259.82079117713135     
   9.7230000000115258        260.08062559838231     
   9.7430000000115253        259.01209661652268     
   9.7630000000115249        259.05556958668848     
   9.7830000000115245        259.24504499031838     
   9.8030000000115258        259.37921421570087     
   9.8230000000115254        259.84584632550116     
   9.8430000000115250        260.46998377374007     
   9.8630000000115245        261.31786855128178     
   9.8830000000115259        261.93103192742564     
   9.9030000000115255        262.14533289529192     
   9.9230000000115250        263.13150273254342     
   9.9430000000115246        262.25945971212803     
   9.9630000000115260        261.48022342429016     
   9.9830000000115255        260.84750258425129     
   10.003000000011525        260.76381865164279     
   10.023000000011525        260.77105567894665     
   10.043000000011526        260.96342637821124     
   10.063000000011526        261.16741508365061     
   10.083000000011525        261.25087419429258     
   10.103000000011525        261.70196788666323     
   10.123000000011526        262.39144141353188     
   10.143000000011526        263.79306728803328     
   10.163000000011525        264.45715077518935     
   10.183000000011525        265.60483220375642     
   10.203000000011526        266.25728093224251     
   10.223000000011526        267.81889533996008     
   10.243000000011525        268.56130315352800     
   10.263000000011525        268.15985750845675     
   10.283000000011524        267.84837611712533     
   10.303000000011526        267.91547833583309     
   10.323000000011525        268.07712002080746     
   10.343000000011525        265.27900319039838     
   10.363000000011525        265.01736852970492     
   10.383000000011526        264.62484780738140     
   10.403000000011525        264.86212110163092     
   10.423000000011525        262.70631539255743     
   10.443000000011525        263.04650519913213     
   10.463000000011526        263.60645669391050     
   10.483000000011526        264.32996629772390     
   10.503000000011525        264.11249605014092     
   10.523000000011525        263.93887295044527     
   10.543000000011526        264.57918512392706     
   10.563000000011526        264.72055074841944     
   10.583000000011525        263.95831810473709     
   10.603000000011525        263.80940258129135     
   10.623000000011526        264.62477615758189     
   10.643000000011526        262.88714918553154     
   10.663000000011525        263.39095697635173     
   10.683000000011525        263.24759967369181     
   10.703000000011526        264.16172664494974     
   10.723000000011526        265.30818769047011     
   10.743000000011525        266.85301410244222     
   10.763000000011525        268.22399872635020     
   10.783000000011524        269.02058523413109     
   10.803000000011526        268.95284702342275     
   10.823000000011525        270.13164241947504     
   10.843000000011525        267.85268415822372     
   10.863000000011525        268.20912286364086     
   10.883000000011526        268.57912636105175     
   10.903000000011525        269.62492556845967     
   10.923000000011525        271.01290328163628     
   10.943000000011525        269.96920823947744     
   10.963000000011526        268.59571811714306     
   10.983000000011526        268.78699877129429     
   11.003000000011525        267.99384676896926     
   11.023000000011525        267.63457667671167     
   11.043000000011526        266.62283331358975     
   11.063000000011526        267.18882452158584     
   11.083000000011525        266.16670921595193     
   11.103000000011525        265.21918425746122     
   11.123000000011526        265.06346388669772     
   11.143000000011526        264.66733703370664     
   11.163000000011525        264.86117475157857     
   11.183000000011525        266.00640207045615     
   11.203000000011526        267.26742222068424     
   11.223000000011526        267.84703833245300     
   11.243000000011525        268.84120070045265     
   11.263000000011525        269.47158901075642     
   11.283000000011524        269.83015612884986     
   11.303000000011526        269.55850468309575     
   11.323000000011525        269.44607545009694     
   11.343000000011525        269.23102562132766     
   11.363000000011525        269.35334848345008     
   11.383000000011526        268.74934787474422     
   11.403000000011525        268.70995663867916     
   11.423000000011525        268.08995967503370     
   11.443000000011525        267.51388865807064     
   11.463000000011526        267.08667744747913     
   11.483000000011526        267.58220082882121     
   11.503000000011525        265.49114326773991     
   11.523000000011525        267.12798366694875     
   11.543000000011526        267.94865994104669     
   11.563000000011526        269.81893533218948     
   11.583000000011525        270.53822977501017     
   11.603000000011525        271.09306713656184     
   11.623000000011526        271.33498212732457     
   11.643000000011526        271.74053742725829     
   11.663000000011525        271.49135581436730     
   11.683000000011525        271.17250791471560     
   11.703000000011526        270.91597765072277     
   11.723000000011526        268.34740517602859     
   11.743000000011525        267.11905056365845     
   11.763000000011525        265.76461691221425     
   11.783000000011524        264.76076229758041     
   11.803000000011526        263.57045552614284     
   11.823000000011525        262.58305089731806     
   11.843000000011525        262.12885043588545     
   11.863000000011525        261.67903054230027     
   11.883000000011526        261.32207021066586     
   11.903000000011525        261.08213246796333     
   11.923000000011525        261.39146973079772     
   11.943000000011525        261.75180003133789     
   11.963000000011526        262.48676253333889     
   11.983000000011526        262.82449577746786     
   12.003000000011525        263.19156271712149     
   12.023000000011525        263.53398294671263     
   12.043000000011526        264.37225731511143     
   12.063000000011526        263.39748278188796     
   12.083000000011525        263.75618473312301     
   12.103000000011525        264.02635956717324     
   12.123000000011526        264.27287894405214     
   12.143000000011526        264.47973778663214     
   12.163000000011525        265.25570110322531     
   12.183000000011525        265.69878926213653     
   12.203000000011526        266.30083297021815     
   12.223000000011526        267.11722722575814     
   12.243000000011525        268.00295125424628     
   12.263000000011525        269.17411271727980     
   12.283000000011526        270.29715107407861     
   12.303000000011526        270.66115206034863     
   12.323000000011525        270.88302026036064     
   12.343000000011525        271.01034283016418     
   12.363000000011525        270.86330310010698     
   12.383000000011526        271.02877824603701     
   12.403000000011525        270.69276749733183     
   12.423000000011525        270.19705830172933     
   12.443000000011525        269.68342581893501     
   12.463000000011526        268.21004958896327     
   12.483000000011526        267.19823031409624     
   12.503000000011525        266.84020206893183     
   12.523000000011525        267.00910377520609     
   12.543000000011526        267.06068638892998     
   12.563000000011526        266.64548730605105     
   12.583000000011525        265.70030403879423     
   12.603000000011525        265.91690209865681     
   12.623000000011526        265.71208805424857     
   12.643000000011526        265.96161385395504     
   12.663000000011525        266.19472674218059     
   12.683000000011525        267.83977831674207     
   12.703000000011526        267.49718476846823     
   12.723000000011526        266.55117548945032     
   12.743000000011525        266.05638130693632     
   12.763000000011525        265.96430747330521     
   12.783000000011526        265.94958572970120     
   12.803000000011526        266.53738104381512     
   12.823000000011525        266.61444634765201     
   12.843000000011525        267.23253110296400     
   12.863000000011525        267.08770376044083     
   12.883000000011526        267.77256664561554     
   12.903000000011525        267.77750591319580     
   12.923000000011525        267.91014683512572     
   12.943000000011525        268.20170570819806     
   12.963000000011526        268.72750791238292     
   12.983000000011526        269.42595176796453     
   13.003000000011525        270.12344174377426     
   13.023000000011525        271.17632901783310     
   13.043000000011526        271.32834032306062     
   13.063000000011526        270.31342350161805     
   13.083000000011525        270.45601946509362     
   13.103000000011525        271.91634960053932     
   13.123000000011526        271.24522655208767     
   13.143000000011526        269.07777929956569     
   13.163000000011525        270.99965656258496     
   13.183000000011525        271.54201272068605     
   13.203000000011526        270.07593550021414     
   13.223000000011526        269.12781565650346     
   13.243000000011525        268.73833836699328     
   13.263000000011525        269.49019031577200     
   13.283000000011526        270.39839684462117     
   13.303000000011526        271.39059854950438     
   13.323000000011525        271.60699037064620     
   13.343000000011525        271.72834859288872     
   13.363000000011525        271.75916283446435     
   13.383000000011526        271.52839600819743     
   13.403000000011525        271.63586208645791     
   13.423000000011525        271.59498681839847     
   13.443000000011525        271.31348864123390     
   13.463000000011526        271.41368787744341     
   13.483000000011526        272.52407414998152     
   13.503000000011525        270.75866465587546     
   13.523000000011525        271.65420313593893     
   13.543000000011526        273.19948131077115     
   13.563000000011526        273.73979413928356     
   13.583000000011525        273.93438415049144     
   13.603000000011525        274.27079087720591     
   13.623000000011526        274.74745494832206     
   13.643000000011526        275.35947613626865     
   13.663000000011525        274.73302603640764     
   13.683000000011525        273.33298134351065     
   13.703000000011526        272.38748175484551     
   13.723000000011526        272.25826206849439     
   13.743000000011525        271.90805511638177     
   13.763000000011525        271.80110064358138     
   13.783000000011526        272.38526220508663     
   13.803000000011526        271.47674230435018     
   13.823000000011525        270.59610059189856     
   13.843000000011525        269.65610943000240     
   13.863000000011525        269.74361518112710     
   13.883000000011526        270.07071427930168     
   13.903000000011525        269.90845849872932     
   13.923000000011525        269.74945956246376     
   13.943000000011525        269.95632869324777     
   13.963000000011526        272.46867870662925     
   13.983000000011526        273.48303143838973     
   14.003000000011525        274.14924441986540     
   14.023000000011525        273.33273913437421     
   14.043000000011526        273.23861858817043     
   14.063000000011526        273.53462265960752     
   14.083000000011525        272.51740669931638     
   14.103000000011525        269.66425904433379     
   14.123000000011526        268.63325415949578     
   14.143000000011526        267.92709491719546     
   14.163000000011525        267.35698907200202     
   14.183000000011525        266.82585273060738     
   14.203000000011526        266.32070573379661     
   14.223000000011526        265.86855116482292     
   14.243000000011525        265.51023468352059     
   14.263000000011525        265.24425291812219     
   14.283000000011526        266.84933368590998     
   14.303000000011526        268.01550763267278     
   14.323000000011525        268.59530064772491     
   14.343000000011525        269.41720270059011     
   14.363000000011525        268.81515633559252     
   14.383000000011526        268.05913351006029     
   14.403000000011525        267.33179516424821     
   14.423000000011525        269.63073772867017     
   14.443000000011525        270.28581794250368     
   14.463000000011526        270.71235412881413     
   14.483000000011526        270.00108402207502     
   14.503000000011525        269.49585209221408     
   14.523000000011525        268.81844213187958     
   14.543000000011526        267.99623901429550     
   14.563000000011526        267.06837651063904     
   14.583000000011525        267.80390141769681     
   14.603000000011525        264.75489096308212     
   14.623000000011526        263.81835574020448     
   14.643000000011526        262.98778319286919     
   14.663000000011525        262.64577303491262     
   14.683000000011525        262.00246944529459     
   14.703000000011526        262.39336160225486     
   14.723000000011526        261.89734722020751     
   14.743000000011525        260.70051500656410     
   14.763000000011525        259.46853781701441     
   14.783000000011526        259.01978182634087     
   14.803000000011526        258.68096389724400     
   14.823000000011525        259.40825585078989     
   14.843000000011525        259.38937406239387     
   14.863000000011525        259.44103559671208     
   14.883000000011526        259.27454541154196     
   14.903000000011525        259.29983712278403     
   14.923000000011525        259.55796658432314     
   14.943000000011525        259.67667915922823     
   14.963000000011526        260.28271554935014     
   14.983000000011526        261.23541627904638     
   15.003000000011525        262.33027721838118     
   15.023000000011525        263.41798725752068     
   15.043000000011526        264.39212797726702     
   15.063000000011526        265.21867466885288     
   15.083000000011525        265.88183797854214     
   15.103000000011525        266.31019094811688     
   15.123000000011526        266.48377477709585     
   15.143000000011526        266.41082389908024     
   15.163000000011525        266.84400927522177     
   15.183000000011525        266.32919572713183     
   15.203000000011526        266.48480498526885     
   15.223000000011526        265.85029521206263     
   15.243000000011525        265.19502399376972     
   15.263000000011525        265.47284675399419     
   15.283000000011526        264.80200082540495     
   15.303000000011526        264.38587731891556     
   15.323000000011525        265.14992334307459     
   15.343000000011525        265.93313690759192     
   15.363000000011525        266.89530489188081     
   15.383000000011526        267.45323204760678     
   15.403000000011525        268.30927851609840     
   15.423000000011525        269.48993330531931     
   15.443000000011525        270.68887212458458     
   15.463000000011526        271.66999809923476     
   15.483000000011526        273.48093437846632     
   15.503000000011525        274.13370620154399     
   15.523000000011525        275.56670444612956     
   15.543000000011526        275.87296033361957     
   15.563000000011526        276.01471512876321     
   15.583000000011525        276.01773662656842     
   15.603000000011525        275.90726059484166     
   15.623000000011526        275.70478434525660     
   15.643000000011526        275.45534898215186     
   15.663000000011525        275.27957984976598     
   15.683000000011525        275.15422387616098     
   15.703000000011526        275.01434467238698     
   15.723000000011526        273.87222011668661     
   15.743000000011525        274.74842478477007     
   15.763000000011525        274.59117283291977     
   15.783000000011526        274.46517348441523     
   15.803000000011526        274.38214399403273     
   15.823000000011525        274.34504337330236     
   15.843000000011525        275.41654963904585     
   15.863000000011526        275.47293790186393     
   15.883000000011526        275.57502730372369     
   15.903000000011525        275.71656269036617     
   15.923000000011525        275.89853490987224     
   15.943000000011525        276.21847233353697     
   15.963000000011526        272.74450182971907     
   15.983000000011526        273.27645977290706     
   16.003000000011525        274.64945477452295     
   16.023000000011525        275.21606250359196     
   16.043000000011524        277.64767530938752     
   16.063000000011524        278.23478116489918     
   16.083000000011527        280.11775020113657     
   16.103000000011527        280.67827756589679     
   16.123000000011526        281.02961046205434     
   16.143000000011526        280.70396490727836     
   16.163000000011525        281.08262419669620     
   16.183000000011525        281.18901189956426     
   16.203000000011524        280.48604182855956     
   16.223000000011524        279.75267304641176     
   16.243000000011527        279.34575330357916     
   16.263000000011527        275.19227502986911     
   16.283000000011526        275.63375310378450     
   16.303000000011526        276.42653976841751     
   16.323000000011525        277.42476024946382     
   16.343000000011525        279.46835360062698     
   16.363000000011525        280.18645880585899     
   16.383000000011524        283.28177123006179     
   16.403000000011524        284.08480163697396     
   16.423000000011527        285.50587403190809     
   16.443000000011526        285.96895141913734     
   16.463000000011526        288.48092767651514     
   16.483000000011526        288.39663452350948     
   16.503000000011525        288.03261588352842     
   16.523000000011525        288.07301097474283     
   16.543000000011524        287.42968064409700     
   16.563000000011524        286.82295586931247     
   16.583000000011527        287.32738142615233     
   16.603000000011527        288.31618509101452     
   16.623000000011526        287.76018510208866     
   16.643000000011526        287.30892628260955     
   16.663000000011525        286.87388572847647     
   16.683000000011525        287.02714035550309     
   16.703000000011524        286.70166258074721     
   16.723000000011524        286.46117962823519     
   16.743000000011527        286.30495305883210     
   16.763000000011527        286.21905237116755     
   16.783000000011526        286.19649328113468     
   16.803000000011526        286.23082747888645     
   16.823000000011525        286.31076600314145     
   16.843000000011525        287.60381525160147     
   16.863000000011525        287.71312585533650     
   16.883000000011524        287.79190175439169     
   16.903000000011524        287.80809950418160     
   16.923000000011527        290.67297561602146     
   16.943000000011526        290.45453002463381     
   16.963000000011526        290.15741353303196     
   16.983000000011526        289.94638039044332     
   17.003000000011525        289.87666773272650     
   17.023000000011525        289.84057402239773     
   17.043000000011524        289.64916863384911     
   17.063000000011524        290.35508749405005     
   17.083000000011527        289.81630903201386     
   17.103000000011527        289.14149015418934     
   17.123000000011526        288.34242963288989     
   17.143000000011526        287.43346228453242     
   17.163000000011525        286.44861030466251     
   17.183000000011525        285.41664137971446     
   17.203000000011524        284.34953696873271     
   17.223000000011524        284.38206989703116     
   17.243000000011527        284.36416127251061     
   17.263000000011527        283.43332991355669     
   17.283000000011526        282.45459560967362     
   17.303000000011526        281.24371556228306     
   17.323000000011525        280.08911911905437     
   17.343000000011525        280.33070924170028     
   17.363000000011525        280.48784500758637     
   17.383000000011524        280.82639933074387     
   17.403000000011527        280.07106785717798     
   17.423000000011527        279.52251673969471     
   17.443000000011526        279.15157426827187     
   17.463000000011526        278.94926485478851     
   17.483000000011526        278.38299574932131     
   17.503000000011525        277.00115227066169     
   17.523000000011525        276.23172825486427     
   17.543000000011524        276.21025257567197     
   17.563000000011524        276.87533205494537     
   17.583000000011527        276.69348055612176     
   17.603000000011527        273.80046650521109     
   17.623000000011526        270.73102787109570     
   17.643000000011526        268.56136221805298     
   17.663000000011525        266.89968631035504     
   17.683000000011525        265.85618837318543     
   17.703000000011524        265.08483879795597     
   17.723000000011524        264.45397983850580     
   17.743000000011527        264.88974608068349     
   17.763000000011527        264.26247299669961     
   17.783000000011526        263.55349064882881     
   17.803000000011526        262.74119244906996     
   17.823000000011525        261.82027699870758     
   17.843000000011525        260.80162101084949     
   17.863000000011525        259.77663992001948     
   17.883000000011524        259.74288992827593     
   17.903000000011527        258.84232408828592     
   17.923000000011527        258.02788306523075     
   17.943000000011526        257.26738786438102     
   17.963000000011526        256.43855224503710     
   17.983000000011526        255.53315202983839     
   18.003000000011525        254.57253354726231     
   18.023000000011525        253.66811124282049     
   18.043000000011524        252.82911486539200     
   18.063000000011524        251.92932690483980     
   18.083000000011527        250.95996057335867     
   18.103000000011527        247.50462621269972     
   18.123000000011526        246.44080254882724     
   18.143000000011526        245.39384073689897     
   18.163000000011525        244.42345389902607     
   18.183000000011525        243.59721818976053     
   18.203000000011524        242.36480226993507     
   18.223000000011524        240.24439639661642     
   18.243000000011527        237.39479677299693     
   18.263000000011527        234.95453187968016     
   18.283000000011526        232.79901110294082     
   18.303000000011526        230.80963112873127     
   18.323000000011525        228.90024893386649     
   18.343000000011525        227.29386914324400     
   18.363000000011525        225.37455792098169     
   18.383000000011524        223.36435803007652     
   18.403000000011527        221.23045428156053     
   18.423000000011527        217.93790188116077     
   18.443000000011526        215.55900494484268     
   18.463000000011526        213.09587457615220     
   18.483000000011526        210.60546672052223     
   18.503000000011525        208.14399872406960     
   18.523000000011525        205.76402771037851     
   18.543000000011524        203.12400046521566     
   18.563000000011524        201.06923242441346     
   18.583000000011527        199.27076803447338     
   18.603000000011527        197.78010497991414     
   18.623000000011526        197.08396750686441     
   18.643000000011526        196.42010602261848     
   18.663000000011525        195.70098970222935     
   18.683000000011525        191.70947383409336     
   18.703000000011524        189.10754028497720     
   18.723000000011524        186.01325486957103     
   18.743000000011527        183.84366110598344     
   18.763000000011527        182.31690811292805     
   18.783000000011526        178.28404617581688     
   18.803000000011526        175.37531471679952     
   18.823000000011525        172.83385987748636     
   18.843000000011525        170.00909927263027     
   18.863000000011525        166.79050115779103     
   18.883000000011524        163.93516879363446     
   18.903000000011527        161.38354284961497     
   18.923000000011527        159.03976253595997     
   18.943000000011526        156.84583394787191     
   18.963000000011526        154.79740461799855     
   18.983000000011526        152.99837590444349     
   19.003000000011525        151.48868870315869     
   19.023000000011525        150.16805237084293     
   19.043000000011524        148.61290390301434     
   19.063000000011524        146.44911959716856     
   19.083000000011527        144.34772736618055     
   19.103000000011527        142.58352454356574     
   19.123000000011526        141.08545598280418     
   19.143000000011526        139.78899253446590     
   19.163000000011525        138.64306819775913     
   19.183000000011525        137.59840179480909     
   19.203000000011524        136.58432292463519     
   19.223000000011524        134.30626539539892     
   19.243000000011527        133.27966245979624     
   19.263000000011527        132.19692595551777     
   19.283000000011526        130.73395368231292     
   19.303000000011526        128.19845669129930     
   19.323000000011525        126.87800744636280     
   19.343000000011525        125.95985463422690     
   19.363000000011525        124.48372791486537     
   19.383000000011524        122.98278190963435     
   19.403000000011527        121.48754959677180     
   19.423000000011527        119.35941182585194     
   19.443000000011526        117.96831487293500     
   19.463000000011526        116.69208252580637     
   19.483000000011526        115.56536470650138     
   19.503000000011525        114.42676625455525     
   19.523000000011525        112.73412957681566     
   19.543000000011524        109.92881510727186     
   19.563000000011524        107.16755183538388     
   19.583000000011527        104.84236633483492     
   19.603000000011527        102.86832928233774     
   19.623000000011526        101.15069103310546     
   19.643000000011526        99.622702970785923     
   19.663000000011525        96.563019224189546     
   19.683000000011525        93.592926853517923     
   19.703000000011524        92.395221182252101     
   19.723000000011524        91.176929942577516     
   19.743000000011527        89.918401523760537     
   19.763000000011527        88.611687629286749     
   19.783000000011526        87.258255462267840     
   19.803000000011526        85.861985366489151     
   19.823000000011525        84.773509535610074     
   19.843000000011525        83.309751045898750     
   19.863000000011525        81.690803858984310     
   19.883000000011524        80.151319340544518     
   19.903000000011527        78.373624753925199     
   19.923000000011527        76.744568642761621     
   19.943000000011526        75.128402302165753     
   19.963000000011526        73.535963406178396     
   19.983000000011526        71.984627010226873     
   20.003000000011525        70.497059458975571     
   20.023000000011525        69.099093715222693     
   20.043000000011524        67.815345738242868     
   20.063000000011524        66.554724620946814     
   20.083000000011527        64.366639092525574     
   20.103000000011527        62.478554936426399     
   20.123000000011526        60.677563114178042     
   20.143000000011526        59.038359989534904     
   20.163000000011525        57.608511231369214     
   20.183000000011525        56.408186784685725     
   20.203000000011524        55.407849593731527     
   20.223000000011524        54.580323187822387     
   20.243000000011527        53.906837085978424     
   20.263000000011527        53.336544211221565     
   20.283000000011526        52.689068890789400     
   20.303000000011526        51.264290208752733     
   20.323000000011525        50.279766140627629     
   20.343000000011525        48.962060379013728     
   20.363000000011525        48.156904585069782     
   20.383000000011524        47.440662852234034     
   20.403000000011527        46.806553584972086     
   20.423000000011527        46.265621301594976     
   20.443000000011526        45.647417466816997     
   20.463000000011526        44.936387597182161     
   20.483000000011526        44.126092642698978     
   20.503000000011525        43.294402567985159     
   20.523000000011525        42.427578524689110     
   20.543000000011524        40.544988513814182     
   20.563000000011524        39.613197358038384     
   20.583000000011527        38.311684519013362     
   20.603000000011527        36.318618800534040     
   20.623000000011526        35.304233881914435     
   20.643000000011526        34.357403683848382     
   20.663000000011525        33.281034512134255     
   20.683000000011525        32.185455973243663     
   20.703000000011524        30.203363226052403     
   20.723000000011524        29.126055761877964     
   20.743000000011527        28.056639815103040     
   20.763000000011527        27.001765789693874     
   20.783000000011526        25.967232484392749     
   20.803000000011526        25.072257834429536     
   20.823000000011525        24.085262872855456     
   20.843000000011525        23.124104668879728     
   20.863000000011525        22.189250823062714     
   20.883000000011524        21.291610781444405     
   20.903000000011527        20.447222170759051     
   20.923000000011527        19.777166633164068     
   20.943000000011526        19.139924800192230     
   20.963000000011526        18.284624953558215     
   20.983000000011526        17.344555391369248     
   21.003000000011525        16.468621954832127     
   21.023000000011525        15.787444691788156     
   21.043000000011524        15.251248883178826     
   21.063000000011524        14.817195480087358     
   21.083000000011527        14.449262183440604     
   21.103000000011527        14.191960231576731     
   21.123000000011526        13.950689334651788     
   21.143000000011526        13.629234039046377     
   21.163000000011525        13.295908884063126     
   21.183000000011525        12.942523040515361     
   21.203000000011524        12.561293235888504     
   21.223000000011524        12.208649511803999     
   21.243000000011527        11.752992636409562     
   21.263000000011527        11.260769420117287     
   21.283000000011526        10.734967224662658     
   21.303000000011526        10.182756051999068     
   21.323000000011525        9.6138580453881382     
   21.343000000011525        9.0312943607577019     
   21.363000000011525        8.4441480140069540     
   21.383000000011524        7.8830418117729328     
   21.403000000011527        7.1818955537848268     
   21.423000000011527        6.4958347546593407     
   21.443000000011526        6.0829767012181684     
   21.463000000011526        5.8349198343425881     
   21.483000000011526        5.6892388804389409     
   21.503000000011525        5.6442361159612071     
   21.523000000011525        5.6783183107620969     
   21.543000000011524        5.7736404768038847     
   21.563000000011524        5.8993215389738891     
   21.583000000011527        5.9652407353543486     
   21.603000000011527        5.9936646363422055     
   21.623000000011526        6.2229489509291378     
   21.643000000011526        6.5984324948614086     
   21.663000000011525        7.0265513084758071     
   21.683000000011525        7.4888890211025698     
   21.703000000011524        7.9459634179019929     
   21.723000000011524        8.3669879630152195     
   21.743000000011527        8.7289486789597852     
   21.763000000011527        9.0159766687491505     
   21.783000000011526        9.2734893856608558     
   21.803000000011526        9.3896903349206333     
   21.823000000011525        9.4191425307388794     
   21.843000000011525        9.4715782271407392     
   21.863000000011525        9.3903245197771295     
   21.883000000011524        9.1901830927864392     
   21.903000000011527        8.9350842857611532     
   21.923000000011527        8.6377283077339460     
   21.943000000011526        8.3588250112876015     
   21.963000000011526        8.0017492124253042     
   21.983000000011526        7.6409801253470624     
   22.003000000011525        7.2904911750440586     
   22.023000000011525        6.9729057450805625     
   22.043000000011524        6.7514870046278039     
   22.063000000011524        6.5675526778823849     
   22.083000000011527        6.4426416817766397     
   22.103000000011527        6.3967534586728654     
   22.123000000011526        6.3871088854118607     
   22.143000000011526        6.3724005543294275     
   22.163000000011525        6.3841630873808199     
   22.183000000011525        6.4184212695418381     
   22.203000000011524        6.4736686127529222     
   22.223000000011524        6.5527416404373184     
   22.243000000011527        6.6811908463176000     
   22.263000000011527        6.8436275390315462     
   22.283000000011526        7.0578925145563911     
   22.303000000011526        7.3187036564266332     
   22.323000000011525        7.8104075233498333     
   22.343000000011525        8.5332661369704343     
   22.363000000011525        9.4372104075026897     
   22.383000000011524        10.487449103736918     
   22.403000000011527        11.619288672083664     
   22.423000000011527        12.861131190575161     
   22.443000000011526        14.394231127261639     
   22.463000000011526        16.016030957368987     
   22.483000000011526        17.708838867200431     
   22.503000000011525        19.412723003049006     
   22.523000000011525        21.077653272119722     
   22.543000000011524        22.663848077962683     
   22.563000000011524        23.773059259274707     
   22.583000000011527        25.147242328871183     
   22.603000000011527        26.441836175861738     
   22.623000000011526        27.643649974796354     
   22.643000000011526        28.710713537446640     
   22.663000000011525        29.635108454219079     
   22.683000000011525        30.418691920116004     
   22.703000000011524        31.064786703038553     
   22.723000000011524        31.363701169982207     
   22.743000000011527        31.735097137764917     
   22.763000000011527        31.983604550802102     
   22.783000000011526        32.136883380740045     
   22.803000000011526        32.286711681818318     
   22.823000000011525        32.378463669017862     
   22.843000000011525        32.428286920090976     
   22.863000000011525        32.426006162006040     
   22.883000000011524        32.398334530135088     
   22.903000000011527        32.379783328819286     
   22.923000000011527        32.419019478291375     
   22.943000000011526        32.543857692075129     
   22.963000000011526        32.970381537857193     
   22.983000000011526        33.649320929997998     
   23.003000000011525        34.686823700169718     
   23.023000000011525        34.909035989349967     
   23.043000000011524        36.640229340054802     
   23.063000000011524        38.571426683485228     
   23.083000000011527        40.619825168051179     
   23.103000000011527        42.714973123514667     
   23.123000000011526        43.716539989918552     
   23.143000000011526        45.717631651297509     
   23.163000000011525        47.615648313475937     
   23.183000000011525        49.382777771691366     
   23.203000000011524        50.999847726411247     
   23.223000000011524        52.454394545176434     
   23.243000000011527        53.741221698681485     
   23.263000000011527        54.864396518013848     
   23.283000000011526        55.536527354510788     
   23.303000000011526        56.362481853766582     
   23.323000000011525        57.051723688474993     
   23.343000000011525        57.617873408592033     
   23.363000000011525        58.075927014019967     
   23.383000000011524        58.441261914671934     
   23.403000000011527        58.728883810155459     
   23.423000000011527        58.953431313084387     
   23.443000000011526        59.133395818623889     
   23.463000000011526        59.325000605456331     
   23.483000000011526        59.605468028168630     
   23.503000000011525        59.992969230335525     
   23.523000000011525        60.419102952320948     
   23.543000000011524        60.866968367013200     
   23.563000000011524        61.346439689491937     
   23.583000000011527        61.865458225859122     
   23.603000000011527        62.429305865294069     
   23.623000000011526        63.041803304345130     
   23.643000000011526        63.705634217879236     
   23.663000000011525        64.421916137438615     
   23.683000000011525        65.191173035463279     
   23.703000000011524        66.012580009197677     
   23.723000000011524        66.885705993591031     
   23.743000000011527        67.810328728180423     
   23.763000000011527        68.778667354943167     
   23.783000000011526        69.780440324635947     
   23.803000000011526        70.814519425351477     
   23.823000000011525        71.911020524395482     
   23.843000000011525        73.085164290645906     
   23.863000000011525        74.308278793013201     
   23.883000000011524        75.583915681966147     
   23.903000000011527        76.969200370191217     
   23.923000000011527        78.717890232382928     
   23.943000000011526        80.389133287710820     
   23.963000000011526        82.087297433673285     
   23.983000000011526        83.797417038290007     
   24.003000000011525        85.505644565414045     
   24.023000000011525        87.196468099881685     
   24.043000000011524        88.857656504122502     
   24.063000000011527        90.487157955876398     
   24.083000000011527        92.264637027648320     
   24.103000000011527        93.997252298784446     
   24.123000000011526        94.707627225104588     
   24.143000000011526        96.449976806844077     
   24.163000000011525        98.121348313873426     
   24.183000000011525        99.728964818914818     
   24.203000000011524        101.28584783275728     
   24.223000000011524        102.81007231274117     
   24.243000000011527        104.32613423519479     
   24.263000000011527        105.83539316879286     
   24.283000000011526        107.22335972284472     
   24.303000000011526        108.47744564041233     
   24.323000000011525        109.94982143346478     
   24.343000000011525        111.62695159185537     
   24.363000000011525        113.30502839427211     
   24.383000000011524        115.03597973073606     
   24.403000000011527        117.08530069027873     
   24.423000000011527        119.42472184501594     
   24.443000000011526        121.96345868476570     
   24.463000000011526        124.63362452517916     
   24.483000000011526        127.38058015576486     
   24.503000000011525        130.05070223320115     
   24.523000000011525        132.45432674924001     
   24.543000000011524        134.79538451319627     
   24.563000000011527        137.24677516376218     
   24.583000000011527        139.72190443076866     
   24.603000000011527        142.15382628698910     
   24.623000000011526        144.49495371528090     
   24.643000000011526        146.70990794083349     
   24.663000000011525        148.77359215114777     
   24.683000000011525        150.66648877112092     
   24.703000000011524        152.37443638390482     
   24.723000000011524        153.89436126698126     
   24.743000000011527        155.22812401727515     
   24.763000000011527        156.38175793117702     
   24.783000000011526        157.57149901776103     
   24.803000000011526        158.55740725023165     
   24.823000000011525        159.58191629307549     
   24.843000000011525        160.56896263947385     
   24.863000000011525        161.45050147777775     
   24.883000000011524        162.24455322614114     
   24.903000000011527        162.97486790105529     
   24.923000000011527        163.84814059420771     
   24.943000000011526        164.84509049860861     
   24.963000000011526        165.86269830308194     
   24.983000000011526        166.87436853545515     
   25.003000000011525        167.89277232155649     
   25.023000000011525        169.01792518107567     
   25.043000000011524        170.08995758884021     
   25.063000000011527        171.19783660532153     
   25.083000000011527        172.35120848577947     
   25.103000000011527        173.55646310692086     
   25.123000000011526        174.81526426395487     
   25.143000000011526        176.13181756067513     
   25.163000000011525        177.51186769346515     
   25.183000000011525        178.95061169447050     
   25.203000000011524        180.43612099643900     
   25.223000000011524        181.95469814773625     
   25.243000000011527        183.49808284688416     
   25.263000000011527        185.05888866774279     
   25.283000000011526        186.62608675694284     
   25.303000000011526        188.11630131345350     
   25.323000000011525        189.64400318460088     
   25.343000000011525        191.12661237126935     
   25.363000000011525        193.45758452497051     
   25.383000000011524        194.81231449171386     
   25.403000000011527        196.09192304553142     
   25.423000000011527        197.29417161293247     
   25.443000000011526        198.47668799966593     
   25.463000000011526        199.73540422689479     
   25.483000000011526        201.13885971075197     
   25.503000000011525        202.65135062649966     
   25.523000000011525        204.23275020461773     
   25.543000000011524        205.75217416323605     
   25.563000000011527        207.16514208072991     
   25.583000000011527        209.68774645646567     
   25.603000000011527        210.88921211076499     
   25.623000000011526        211.99467278979012     
   25.643000000011526        213.13412162589853     
   25.663000000011525        214.08124305980542     
   25.683000000011525        214.96107929985828     
   25.703000000011524        215.78454788845474     
   25.723000000011524        216.56197243249758     
   25.743000000011527        217.30685503302786     
   25.763000000011527        218.03068676297957     
   25.783000000011526        218.74009668317757     
   25.803000000011526        219.44082236834444     
   25.823000000011525        220.13550385071113     
   25.843000000011525        220.82525516725948     
   25.863000000011525        221.51136060933149     
   25.883000000011524        222.19645789155163     
   25.903000000011527        222.88736453460942     
   25.923000000011527        223.59106078874714     
   25.943000000011526        224.31258296098295     
   25.963000000011526        225.05385186019282     
   25.983000000011526        225.80971561168471     
   26.003000000011525        226.56954284394638     
   26.023000000011525        227.33086922552809     
   26.043000000011524        229.75427346368028     
   26.063000000011527        231.96565817382952     
   26.083000000011527        232.70364106628236     
   26.103000000011527        233.52125547952062     
   26.123000000011526        234.60255696571940     
   26.143000000011526        235.81146027641327     
   26.163000000011525        237.17622269090589     
   26.183000000011525        238.72956609745353     
   26.203000000011524        240.36066595232779     
   26.223000000011524        241.55872547822341     
   26.243000000011527        241.92705399593112     
   26.263000000011527        242.41050290468405     
   26.283000000011526        243.36850622020413     
   26.303000000011526        244.76607627220199     
   26.323000000011525        246.59071398215099     
   26.343000000011525        248.79412424282728     
   26.363000000011525        250.62508170526650     
   26.383000000011524        250.86574338741269     
   26.403000000011527        249.86617615769345     
   26.423000000011527        249.55987756566304     
   26.443000000011526        249.80163915853365     
   26.463000000011526        250.52990197545452     
   26.483000000011526        251.18025933698220     
   26.503000000011525        252.48372547086277     
   26.523000000011525        253.40735098167670     
   26.543000000011524        254.43297604469424     
   26.563000000011527        256.03209543949754     
   26.583000000011527        257.62361922690940     
   26.603000000011527        259.17044783724242     
   26.623000000011526        262.37850530254201     
   26.643000000011526        263.77236995054233     
   26.663000000011525        265.06009240509377     
   26.683000000011525        266.24096159699582     
   26.703000000011524        267.31895201121011     
   26.723000000011524        268.30144062019730     
   26.743000000011527        269.19802509665601     
   26.763000000011527        270.02449082110411     
   26.783000000011526        270.84332308364634     
   26.803000000011526        271.74148028553645     
   26.823000000011525        274.36042891916998     
   26.843000000011525        275.39274786790969     
   26.863000000011525        276.47268954891911     
   26.883000000011524        277.67156912083641     
   26.903000000011527        278.94607896071267     
   26.923000000011527        280.19843732322863     
   26.943000000011526        281.41426174495945     
   26.963000000011526        282.59033582579605     
   26.983000000011526        283.72869558798971     
   27.003000000011525        284.86187258253847     
   27.023000000011525        286.06424022045809     
   27.043000000011524        287.39121897919955     
   27.063000000011527        288.75795203511717     
   27.083000000011527        290.07519826252434     
   27.103000000011527        291.31383472906197     
   27.123000000011526        292.45801975543793     
   27.143000000011526        293.52628991191932     
   27.163000000011525        294.61201097615600     
   27.183000000011525        295.75804719225397     
   27.203000000011524        296.97354467191673     
   27.223000000011524        298.27538391170981     
   27.243000000011527        299.68958066360557     
   27.263000000011527        301.25039939305918     
   27.283000000011526        302.89127023447060     
   27.303000000011526        303.95842080772968     
   27.323000000011525        303.64437124253112     
   27.343000000011525        302.73004075130785     
   27.363000000011525        302.21812606272061     
   27.383000000011524        302.03682684019327     
   27.403000000011527        302.12357259217782     
   27.423000000011527        302.41837674495389     
   27.443000000011526        302.86245869207272     
   27.463000000011526        303.39463794802828     
   27.483000000011526        304.79485280874428     
   27.503000000011525        306.40007090972767     
   27.523000000011525        307.73100592467074     
   27.543000000011524        308.08196299062269     
   27.563000000011527        308.37964239442454     
   27.583000000011527        308.63717482688395     
   27.603000000011527        308.80625036430388     
   27.623000000011526        308.87148597278895     
   27.643000000011526        308.90055499888928     
   27.663000000011525        308.99137744916760     
   27.683000000011525        309.15015561451099     
   27.703000000011524        309.38166040605495     
   27.723000000011524        309.69283353578589     
   27.743000000011527        310.09127642336915     
   27.763000000011527        310.58486780269982     
   27.783000000011526        312.31231160229549     
   27.803000000011526        313.20764084745412     
   27.823000000011525        314.04927374071082     
   27.843000000011525        315.04559748596989     
   27.863000000011525        316.21590784265311     
   27.883000000011524        317.58008597724466     
   27.903000000011527        319.15932165930599     
   27.923000000011527        321.51013341779486     
   27.943000000011526        323.65523583539482     
   27.963000000011526        326.10043764557281     
   27.983000000011526        328.58309349783576     
   28.003000000011525        330.14360293453558     
   28.023000000011525        329.99035670253596     
   28.043000000011524        329.71006168276176     
   28.063000000011527        329.88143533894180     
   28.083000000011527        330.39384690544159     
   28.103000000011527        331.64879737910155     
   28.123000000011526        332.85351886073516     
   28.143000000011526        332.91015640354709     
   28.163000000011525        332.42456443376062     
   28.183000000011525        330.37546787472945     
   28.203000000011524        326.33164580302173     
   28.223000000011524        325.19037289634639     
   28.243000000011527        324.35790690416934     
   28.263000000011527        323.75510460119091     
   28.283000000011526        323.31778390016206     
   28.303000000011526        322.99507058133474     
   28.323000000011525        322.74895000131750     
   28.343000000011525        322.55110815024813     
   28.363000000011525        322.38438298180705     
   28.383000000011524        322.24590705601690     
   28.403000000011527        322.13623871391030     
   28.423000000011527        322.05685148524844     
   28.443000000011526        322.01460731969536     
   28.463000000011526        322.01959653034521     
   28.483000000011526        322.08125185075181     
   28.503000000011525        322.20606389319624     
   28.523000000011525        322.39796957936704     
   28.543000000011524        322.65806494950039     
   28.563000000011527        322.98605597973017     
   28.583000000011527        323.38028840041693     
   28.603000000011527        323.83728034102944     
   28.623000000011526        324.35182407748846     
   28.643000000011526        324.91732549006770     
   28.663000000011525        325.52549219628798     
   28.683000000011525        326.16603600294462     
   28.703000000011524        323.39171946150577     
   28.723000000011524        324.07621290159983     
   28.743000000011527        324.77769455811858     
   28.763000000011527        325.50530868104858     
   28.783000000011526        322.77453009223609     
   28.803000000011526        323.52786603909897     
   28.823000000011525        323.64147825453097     
   28.843000000011525        324.45302083723863     
   28.863000000011525        325.22827507884284     
   28.883000000011524        325.93708112183572     
   28.903000000011527        326.56023949385866     
   28.923000000011527        328.23526409965291     
   28.943000000011526        328.04457312783921     
   28.963000000011526        328.37532891961297     
   28.983000000011526        328.57808481255904     
   29.003000000011525        328.66028246456023     
   29.023000000011525        328.63472654332747     
   29.043000000011524        328.51744135898133     
   29.063000000011527        328.32309454980907     
   29.083000000011527        328.06551522469914     
   29.103000000011527        327.75871724308121     
   29.123000000011526        327.41651617225671     
   29.143000000011526        327.05323206067163     
   29.163000000011525        329.15736559293879     
   29.183000000011525        324.17391584543475     
   29.203000000011524        323.82453345278310     
   29.223000000011524        323.50489760552819     
   29.243000000011527        323.22399503543437     
   29.263000000011527        322.99010053965236     
   29.283000000011526        322.81058231691685     
   29.303000000011526        324.19774499713623     
   29.323000000011525        324.11585032223502     
   29.343000000011525        324.08118456033151     
   29.363000000011525        324.10848476328579     
   29.383000000011524        324.20372096994760     
   29.403000000011527        324.37098396018030     
   29.423000000011527        324.62132941899478     
   29.443000000011526        324.94520431722691     
   29.463000000011526        325.32126788887234     
   29.483000000011526        324.70816590636372     
   29.503000000011525        325.20456832604657     
   29.523000000011525        324.69997107119013     
   29.543000000011524        325.30892389795048     
   29.563000000011527        325.93420450348560     
   29.583000000011527        326.58225026685841     
   29.603000000011527        327.26220379750913     
   29.623000000011526        327.98375847391384     
   29.643000000011526        328.75727143673146     
   29.663000000011525        329.59321777274357     
   29.683000000011525        330.49686477710964     
   29.703000000011524        331.42327221999517     
   29.723000000011524        332.24856049255732     
   29.743000000011527        332.82075297285149     
   29.763000000011527        332.99564346368038     
   29.783000000011526        334.75777035163566     
   29.803000000011526        334.08533364147252     
   29.823000000011525        333.44463678087476     
   29.843000000011525        335.06333739491777     
   29.863000000011525        334.76257135239649     
   29.883000000011524        334.64629343850282     
   29.903000000011527        334.68763173390016     
   29.923000000011527        334.86050760693610     
   29.943000000011526        335.13936068552590     
   29.963000000011526        335.50337475995957     
   29.983000000011526        335.93474936345297     
   30.003000000011525        336.41811403246271     
   30.023000000011525        336.93949438836484     
   30.043000000011524        337.48579782534443     
   30.063000000011527        338.04396446926404     
   30.083000000011527        338.60334971186921     
   30.103000000011527        339.15469327301122     
   30.123000000011526        339.68842063139164     
   30.143000000011526        340.19383118376697     
   30.163000000011525        340.66630209861012     
   30.183000000011525        341.10546506150365     
   30.203000000011524        341.50695652684061     
   30.223000000011524        341.86837179257776     
   30.243000000011527        342.18895077812829     
   30.263000000011527        342.46979672400494     
   30.283000000011526        342.71453010500147     
   30.303000000011526        342.92719812769866     
   30.323000000011525        343.10967602955952     
   30.343000000011525        343.26479233914182     
   30.363000000011525        343.39766669127022     
   30.383000000011524        346.25414313488210     
   30.403000000011527        346.37735128048968     
   30.423000000011527        346.50810306334967     
   30.443000000011526        346.65568903426436     
   30.463000000011526        346.83010931564598     
   30.483000000011526        347.03740390395927     
   30.503000000011525        347.24208295310859     
   30.523000000011525        350.72070869951762     
   30.543000000011524        350.83027792442164     
   30.563000000011527        351.00037579659522     
   30.583000000011527        351.26146306603266     
   30.603000000011527        351.59642108167566     
   30.623000000011526        354.99293970871145     
   30.643000000011526        355.18247524950215     
   30.663000000011525        358.19187840649403     
   30.683000000011525        357.67284224927221     
   30.703000000011524        360.08474878395378     
   30.723000000011524        359.33257131267220     
   30.743000000011527        358.75355913728680     
   30.763000000011527        358.32866443485216     
   30.783000000011526        358.03946694520852     
   30.803000000011526        357.86864171992619     
   30.823000000011525        359.15633364284457     
   30.843000000011525        359.21955579251363     
   30.863000000011525        359.36046606026190     
   30.883000000011524        359.57034016561306     
   30.903000000011527        361.24554277668881     
   30.923000000011527        361.61103788870065     
   30.943000000011526        362.01328697502623     
   30.963000000011526        365.97718174172599     
   30.983000000011526        366.42771248444751     
   31.003000000011525        366.88626842489907     
   31.023000000011525        367.34688542765457     
   31.043000000011524        369.59018429685938     
   31.063000000011527        370.09528772594814     
   31.083000000011527        370.59670241517404     
   31.103000000011527        371.09312603670276     
   31.123000000011526        371.58339542410044     
   31.143000000011526        372.06624071378394     
   31.163000000011525        372.54025038454751     
   31.183000000011525        373.00382459242803     
   31.203000000011524        373.45481341866531     
   31.223000000011528        373.89098593142808     
   31.243000000011527        374.30697790707802     
   31.263000000011527        374.69429417798153     
   31.283000000011526        375.04756874872135     
   31.303000000011526        375.36540733245147     
   31.323000000011525        375.64697639519306     
   31.343000000011525        375.89249001144208     
   31.363000000011525        376.10273438533687     
   31.383000000011524        376.27542579006996     
   31.403000000011527        376.39958861841797     
   31.423000000011527        376.46452311623165     
   31.443000000011526        376.46849882576498     
   31.463000000011526        376.41820653121152     
   31.483000000011526        380.22148371227792     
   31.503000000011525        380.08713021910216     
   31.523000000011525        379.91543701642922     
   31.543000000011524        379.71440659136005     
   31.563000000011527        379.49463191396785     
   31.583000000011527        379.25868665545590     
   31.603000000011527        379.01049243208439     
   31.623000000011526        378.75379457198324     
   31.643000000011526        378.49218740663559     
   31.663000000011525        378.22921830530407     
   31.683000000011525        381.94506951287440     
   31.703000000011524        381.69019893955118     
   31.723000000011528        381.44814403184864     
   31.743000000011527        381.22342509526612     
   31.763000000011527        381.01993664990374     
   31.783000000011526        380.83939890949028     
   31.803000000011526        380.68118769886212     
   31.823000000011525        380.54679648828039     
   31.843000000011525        380.43779295180423     
   31.863000000011525        380.35493476968082     
   31.883000000011524        380.29830874711939     
   31.903000000011527        380.26715840292593     
   31.923000000011527        370.51998617297045     
   31.943000000011526        370.53869468969793     
   31.963000000011526        370.57940415380568     
   31.983000000011526        373.93970012384767     
   32.003000000011525        374.03682772743838     
   32.023000000011528        374.15458121542611     
   32.043000000011524        374.29200274922914     
   32.063000000011527        374.45081071889706     
   32.083000000011523        378.71089197909731     
   32.103000000011527        378.94889866429230     
   32.123000000011523        379.24571609914381     
   32.143000000011526        379.61536621298541     
   32.163000000011529        384.23594913186724     
   32.183000000011525        384.74904438335039     
   32.203000000011528        385.30361744372101     
   32.223000000011524        385.88603113531985     
   32.243000000011527        386.49759754240006     
   32.263000000011523        387.14271118912774     
   32.283000000011526        387.82673016202381     
   32.303000000011522        388.54817969850325     
   32.323000000011525        389.22412249227455     
   32.343000000011529        389.71218259817437     
   32.363000000011525        389.86272265556335     
   32.383000000011528        389.53937520073458     
   32.403000000011524        388.64844050981111     
   32.423000000011527        387.45471267695723     
   32.443000000011523        386.38370800263959     
   32.463000000011526        385.43236064417908     
   32.483000000011529        384.59500674155152     
   32.503000000011525        373.73500199682525     
   32.523000000011528        373.11632843429254     
   32.543000000011524        372.60876736864373     
   32.563000000011527        372.21467920439642     
   32.583000000011523        371.92139424179209     
   32.603000000011527        371.71177698293565     
   32.623000000011523        371.57256354441586     
   32.643000000011526        371.50379613831342     
   32.663000000011529        371.49255073777687     
   32.683000000011525        375.68903751249456     
   32.703000000011528        375.72194172320843     
   32.723000000011524        375.75578050735936     
   32.743000000011527        375.78674587761901     
   32.763000000011523        384.43700465960558     
   32.783000000011526        384.44894126550514     
   32.803000000011522        384.44848185475371     
   32.823000000011525        384.43397285656653     
   32.843000000011529        384.40442842450517     
   32.863000000011525        384.35744152667280     
   32.883000000011528        384.28861801940667     
   32.903000000011524        393.14043223530939     
   32.923000000011527        393.00864096404342     
   32.943000000011523        392.85085689026823     
   32.963000000011526        392.66375904759525     
   32.983000000011529        392.44730406091264     
   33.003000000011525        392.20199823084232     
   33.023000000011528        391.92908131556391     
   33.043000000011524        391.63184140499470     
   33.063000000011527        391.32058638443459     
   33.083000000011523        391.00842363499783     
   33.103000000011527        390.70848493466053     
   33.123000000011523        390.43437181232053     
   33.143000000011526        394.83601785918620     
   33.163000000011529        394.62275861313918     
   33.183000000011525        401.98934105744013     
   33.203000000011528        401.80741437096458     
   33.223000000011524        401.62276547241112     
   33.243000000011527        401.43686640118693     
   33.263000000011523        401.25125839165224     
   33.283000000011526        401.06751807920972     
   33.303000000011522        400.88722101627451     
   33.323000000011525        400.71190843930594     
   33.343000000011529        400.54305728903716     
   33.363000000011525        400.38205348237688     
   33.383000000011528        400.23016843792834     
   33.403000000011524        400.08853885099609     
   33.423000000011527        399.95814898247568     
   33.443000000011523        399.83966171082460     
   33.463000000011526        399.73292256356439     
   33.483000000011529        399.63741175710283     
   33.503000000011525        399.55242801083568     
   33.523000000011528        399.47711157364137     
   33.543000000011524        399.41068218984532     
   33.563000000011527        399.35250336997314     
   33.583000000011523        399.30181866640584     
   33.603000000011527        399.25776485365259     
   33.623000000011523        399.21970265925859     
   33.643000000011526        399.18770533086456     
   33.663000000011529        404.04052617183601     
   33.683000000011525        404.02114996895239     
   33.703000000011528        404.00874115738117     
   33.723000000011524        404.00315060166514     
   33.743000000011527        404.00354495771592     
   33.763000000011523        404.00896730666312     
   33.783000000011526        404.01830225217122     
   33.803000000011522        404.02874884369959     
   33.823000000011525        404.03645584393206     
   33.843000000011529        412.91982473831018     
   33.863000000011525        412.87947692302868     
   33.883000000011528        412.82667006694828     
   33.903000000011524        412.75763709914713     
   33.923000000011527        412.66867978149594     
   33.943000000011523        412.55640517822098     
   33.963000000011526        412.41855690474148     
   33.983000000011529        412.25326028887730     
   34.003000000011525        412.05874188462292     
   34.023000000011528        411.83360205508160     
   34.043000000011524        411.57679654239081     
   34.063000000011527        411.28738986886498     
   34.083000000011523        410.96466342818246     
   34.103000000011527        410.60803309759137     
   34.123000000011523        410.21703147496066     
   34.143000000011526        409.79597118974311     
   34.163000000011529        409.35259433313678     
   34.183000000011525        408.88606468293642     
   34.203000000011528        408.39399634590427     
   34.223000000011524        407.87399731375450     
   34.243000000011527        407.32365978641235     
   34.263000000011523        406.74052345096885     
   34.283000000011526        406.12510172721113     
   34.303000000011529        405.48757103394473     
   34.323000000011525        404.83303821114077     
   34.343000000011529        404.16294258743909     
   34.363000000011525        403.47836975717013     
   34.383000000011528        402.77940482989771     
   34.403000000011524        402.06402332315326     
   34.423000000011527        406.23438011123812     
   34.443000000011523        405.46978073491914     
   34.463000000011526        404.68223874076909     
   34.483000000011529        403.87248317608191     
   34.503000000011525        403.04329552457222     
   34.523000000011528        402.19848513464933     
   34.543000000011524        403.59360553429946     
   34.563000000011527        402.65993140565985     
   34.583000000011523        401.72074836461115     
   34.603000000011527        400.78648184729565     
   34.623000000011523        399.86628257355176     
   34.643000000011526        398.96225991349780     
   34.663000000011529        398.07616455454308     
