   5.9999999793944880E-003   3871.9769154825431     
   2.5999999979394488E-002   3873.4023628313676     
   4.5999999979394489E-002   3874.6461641940118     
   6.5999999979394486E-002   3876.5280726284091     
   8.5999999979394490E-002   3877.9040331487577     
  0.10599999997939449        3878.4295485212692     
  0.12599999997939448        3879.6152784203323     
  0.14599999997939450        3881.1742833837297     
  0.16599999997939449        3882.0717066417692     
  0.18599999997939448        3883.7988074544523     
  0.20599999997939450        3885.3408250346342     
  0.22599999997939449        3885.9243995352181     
  0.24599999997939448        3888.4024505293592     
  0.26599999997939450        3890.1466584387867     
  0.28599999997939451        3889.2392796099016     
  0.30599999997939448        3891.2427120179418     
  0.32599999997939449        3892.1773830064681     
  0.34599999997939451        3896.8238694735801     
  0.36599999997939447        3896.9550861093726     
  0.38599999997939449        3896.3031268438381     
  0.40599999997939451        3897.5771082383762     
  0.42599999997939447        3897.8802639496957     
  0.44599999997939449        3901.5176678858470     
  0.46599999997939451        3899.1813799787574     
  0.48599999997939447        3903.8902184220501     
  0.50599999997939449        3905.1744334005825     
  0.52599999997939451        3904.1034976218962     
  0.54599999997939452        3907.2077600092202     
  0.56599999997939454        3907.4150465951916     
  0.58599999997939445        3905.5585779921239     
  0.60599999997939447        3910.4374492841312     
  0.62599999997939448        3910.7209164034957     
  0.64599999997939450        3916.0050917009162     
  0.66599999997939452        3918.2505341552169     
  0.68599999997939454        3913.6293442768942     
  0.70599999997939455        3913.3930405183573     
  0.72599999997939446        3920.1212080569744     
  0.74599999997939448        3926.2773814631705     
  0.76599999997939450        3917.9080910403482     
  0.78599999997939451        3928.8958289987504     
  0.80599999997939453        3927.3139165439379     
  0.82599999997939455        3924.4266812198534     
  0.84599999997939446        3926.0735541719550     
  0.86599999997939447        3923.6279360519138     
  0.88599999997939449        3930.8579425358253     
  0.90599999997939451        3934.8969915565576     
  0.92599999997939453        3935.2951430602634     
  0.94599999997939455        3934.0368317661332     
  0.96599999997939445        3932.7206988151497     
  0.98599999997939447        3936.4470808868459     
   1.0059999999793945        3930.2229522868238     
   1.0259999999793945        3933.6549336562693     
   1.0459999999793945        3931.4445254494890     
   1.0659999999793945        3945.1105720902078     
   1.0859999999793946        3943.3068582161341     
   1.1059999999793946        3940.1211656447454     
   1.1259999999793946        3955.1345162495518     
   1.1459999999793946        3936.6896115477984     
   1.1659999999793944        3937.5582181874274     
   1.1859999999793944        3949.1471382717846     
   1.2059999999793944        3949.4024733192009     
   1.2259999999793945        3950.6548343449967     
   1.2459999999793945        3955.7211494147036     
   1.2659999999793945        3945.1747743816577     
   1.2859999999793945        3965.1790616786147     
   1.3059999999793945        3953.2439060936003     
   1.3259999999793946        3956.9922506296948     
   1.3459999999793946        3962.9488283116302     
   1.3659999999793946        3960.8087145459294     
   1.3859999999793946        3968.9002555364023     
   1.4059999999793946        3968.2633958820688     
   1.4259999999793944        3961.1441087824487     
   1.4459999999793944        3964.0371126830300     
   1.4659999999793945        3971.5723980023622     
   1.4859999999793945        3970.1397402267744     
   1.5059999999793945        3966.3521833769805     
   1.5259999999793945        3981.4251764547384     
   1.5459999999793945        3976.6999597231666     
   1.5659999999793945        3969.6035364156255     
   1.5859999999793946        3974.8654319615985     
   1.6059999999793946        3969.3778862051727     
   1.6259999999793946        3976.8576008434529     
   1.6459999999793946        3981.7358602955424     
   1.6659999999793946        3979.4909370909281     
   1.6859999999793944        3992.1251115619284     
   1.7059999999793944        3983.2256246883712     
   1.7259999999793945        3980.6374570055532     
   1.7459999999793945        3982.3273478301608     
   1.7659999999793945        3985.8143057074981     
   1.7859999999793945        3991.8579037427608     
   1.8059999999793945        3999.1515716733957     
   1.8259999999793946        3998.2045660884878     
   1.8459999999793946        3994.3694193512874     
   1.8659999999793946        3977.8874346703310     
   1.8859999999793946        3985.7931852211750     
   1.9059999999793946        3990.2446914331381     
   1.9259999999793944        3990.0877122824022     
   1.9459999999793944        3993.7568731585202     
   1.9659999999793945        3997.7725233521696     
   1.9859999999793945        4010.6702064450169     
   2.0059999999793945        3990.5133717788540     
   2.0259999999793945        4007.5535867459412     
   2.0459999999793945        3995.8542809682708     
   2.0659999999793945        3997.0664551992340     
   2.0859999999793946        4008.9634127243894     
   2.1059999999793946        4023.6733963758907     
   2.1259999999793946        4030.2800755245785     
   2.1459999999793946        4023.7077489199455     
   2.1659999999793946        4031.7996343790933     
   2.1859999999793946        4031.8520009629910     
   2.2059999999793947        4008.7244670140321     
   2.2259999999793947        4018.0085192980564     
   2.2459999999793947        4042.2850222604557     
   2.2659999999793947        4028.6392933846059     
   2.2859999999793947        4013.8958199923691     
   2.3059999999793948        4018.4652911961007     
   2.3259999999793943        4010.5791476430895     
   2.3459999999793943        4036.5163796379125     
   2.3659999999793944        4046.0321273936938     
   2.3859999999793944        4027.9254116265083     
   2.4059999999793944        4033.3188516914011     
   2.4259999999793944        4042.8573988226130     
   2.4459999999793944        4039.4111343102445     
   2.4659999999793945        4036.3980723057994     
   2.4859999999793945        4036.9920508694390     
   2.5059999999793945        4042.7694948341273     
   2.5259999999793945        4043.0169312668431     
   2.5459999999793945        4033.5851273684680     
   2.5659999999793945        4046.7045749623098     
   2.5859999999793946        4030.4690452590289     
   2.6059999999793946        4031.0788504288766     
   2.6259999999793946        4037.9468681408516     
   2.6459999999793946        4050.7027221850585     
   2.6659999999793946        4054.4062496671572     
   2.6859999999793946        4053.8979457177420     
   2.7059999999793947        4037.9627135823953     
   2.7259999999793947        4034.3010138515474     
   2.7459999999793947        4046.0611784131111     
   2.7659999999793947        4045.7134957607591     
   2.7859999999793947        4045.0106365436259     
   2.8059999999793948        4065.1155934669714     
   2.8259999999793943        4069.2559497980678     
   2.8459999999793943        4084.5465861098846     
   2.8659999999793944        4056.1927040399587     
   2.8859999999793944        4078.0365275129616     
   2.9059999999793944        4060.6976820062705     
   2.9259999999793944        4049.7594492965795     
   2.9459999999793944        4045.6027523130238     
   2.9659999999793945        4045.7684280857325     
   2.9859999999793945        4056.4995026233501     
   3.0059999999793945        4058.2998019198481     
   3.0259999999793945        4066.4879725811152     
   3.0459999999793945        4093.2034421617623     
   3.0659999999793945        4078.2801349332030     
   3.0859999999793946        4078.5320455977048     
   3.1059999999793946        4071.9911613491331     
   3.1259999999793946        4058.9663500988709     
   3.1459999999793946        4054.0539201725364     
   3.1659999999793946        4058.0584873017992     
   3.1859999999793946        4070.2297197921021     
   3.2059999999793947        4091.3601172556359     
   3.2259999999793947        4101.7691671415205     
   3.2459999999793947        4113.7676576996964     
   3.2659999999793947        4111.1361398061654     
   3.2859999999793947        4129.7175773305980     
   3.3059999999793948        4101.8376791980336     
   3.3259999999793948        4090.6145200070682     
   3.3459999999793943        4082.7008355174930     
   3.3659999999793944        4098.8282996255493     
   3.3859999999793944        4093.3308052862249     
   3.4059999999793944        4087.6567775881599     
   3.4259999999793944        4098.2836436529624     
   3.4459999999793944        4102.5813441515502     
   3.4659999999793945        4117.5556431959540     
   3.4859999999793945        4110.4438610275483     
   3.5059999999793945        4100.4055390009289     
   3.5259999999793945        4112.1724405901714     
   3.5459999999793945        4116.1835126363594     
   3.5659999999793945        4112.3110168354269     
   3.5859999999793946        4089.9696517843990     
   3.6059999999793946        4112.6584323812431     
   3.6259999999793946        4115.7739766570476     
   3.6459999999793946        4121.4383808071352     
   3.6659999999793946        4126.4748004912708     
   3.6859999999793946        4116.5575555337728     
   3.7059999999793947        4113.8457786617519     
   3.7259999999793947        4099.1387096071876     
   3.7459999999793947        4124.8016423758800     
   3.7659999999793947        4108.4141899683582     
   3.7859999999793947        4112.7806428135582     
   3.8059999999793948        4116.6070956022713     
   3.8259999999793948        4122.9633929924075     
   3.8459999999793943        4143.3131748749465     
   3.8659999999793944        4154.6611024454814     
   3.8859999999793944        4136.4255233463828     
   3.9059999999793944        4145.0294670110425     
   3.9259999999793944        4150.3573715362691     
   3.9459999999793944        4155.3493782894884     
   3.9659999999793945        4151.0706743866840     
   3.9859999999793945        4135.5479081655658     
   4.0059999999793945        4119.9482543995318     
   4.0259999999793949        4131.6112149647424     
   4.0459999999793945        4140.1548164694295     
   4.0659999999793950        4151.7853153832375     
   4.0859999999793946        4145.7565028995568     
   4.1059999999793941        4155.7265507457996     
   4.1259999999793946        4168.0522771825290     
   4.1459999999793942        4187.0419354490268     
   4.1659999999793946        4195.0681683970297     
   4.1859999999793942        4179.9295840390942     
   4.2059999999793947        4194.2163050716972     
   4.2259999999793942        4214.6894440234109     
   4.2459999999793947        4202.4063950499431     
   4.2659999999793943        4203.9915241823037     
   4.2859999999793947        4188.0408225405708     
   4.3059999999793943        4184.0981956291062     
   4.3259999999793948        4196.2885279333441     
   4.3459999999793943        4185.9156711420164     
   4.3659999999793948        4190.2207989709759     
   4.3859999999793944        4183.4877116812631     
   4.4059999999793948        4164.4396762909691     
   4.4259999999793944        4174.5889108189995     
   4.4459999999793949        4179.3786869813639     
   4.4659999999793945        4193.9363299991610     
   4.4859999999793949        4210.7537135908124     
   4.5059999999793945        4221.6846597081149     
   4.5259999999793949        4227.8317932019445     
   4.5459999999793945        4238.5361902146624     
   4.5659999999793950        4221.3258998178180     
   4.5859999999793946        4218.3707023557927     
   4.6059999999793950        4232.6271378401234     
   4.6259999999793946        4238.1891632923152     
   4.6459999999793942        4214.6283699992591     
   4.6659999999793946        4218.0551481682696     
   4.6859999999793942        4238.1804509344702     
   4.7059999999793947        4248.9209167288172     
   4.7259999999793942        4257.7712083220831     
   4.7459999999793947        4247.0275269435615     
   4.7659999999793943        4230.4701061349069     
   4.7859999999793947        4224.7162570865385     
   4.8059999999793943        4222.3877815767901     
   4.8259999999793948        4211.4958792724292     
   4.8459999999793943        4216.1389408575214     
   4.8659999999793948        4205.1017898058317     
   4.8859999999793944        4203.0226364545715     
   4.9059999999793948        4185.6911590493983     
   4.9259999999793944        4190.6513764049769     
   4.9459999999793949        4179.5119510056811     
   4.9659999999793945        4185.9130315566981     
   4.9859999999793949        4190.3682371778077     
   5.0059999999793945        4195.6467417971835     
   5.0259999999793949        4184.6878426073499     
   5.0459999999793945        4191.0571194005361     
   5.0659999999793950        4190.7309146332927     
   5.0859999999793946        4198.7136338061000     
   5.1059999999793950        4198.5013928251274     
   5.1259999999793946        4201.5174127961654     
   5.1459999999793942        4206.4841962791879     
   5.1659999999793946        4209.6719494002919     
   5.1859999999793942        4214.7158429692099     
   5.2059999999793947        4219.9025913639725     
   5.2259999999793942        4216.3493134031041     
   5.2459999999793947        4227.3025099494544     
   5.2659999999793943        4231.0819837369963     
   5.2859999999793947        4245.8807972625891     
   5.3059999999793943        4258.7423209936751     
   5.3259999999793948        4271.5408484501040     
   5.3459999999793943        4278.4452453343220     
   5.3659999999793948        4271.1366298897738     
   5.3859999999793944        4265.6597684874068     
   5.4059999999793948        4260.6361290013410     
   5.4259999999793944        4252.6040106867376     
   5.4459999999793949        4258.8769473597849     
   5.4659999999793945        4271.0525738117813     
   5.4859999999793949        4280.7932089484884     
   5.5059999999793945        4271.5841815798449     
   5.5259999999793949        4271.9099426810444     
   5.5459999999793945        4288.6809036001987     
   5.5659999999793950        4285.8011521662002     
   5.5859999999793946        4294.0823917379257     
   5.6059999999793950        4305.1341285185936     
   5.6259999999793946        4323.1617011815069     
   5.6459999999793942        4332.4216485963634     
   5.6659999999793946        4328.9354007822349     
   5.6859999999793942        4332.8894736923830     
   5.7059999999793947        4308.0139726047073     
   5.7259999999793942        4303.0128851997852     
   5.7459999999793947        4299.6560708149691     
   5.7659999999793943        4310.0665329471158     
   5.7859999999793947        4281.0685484550686     
   5.8059999999793943        4272.6951054606061     
   5.8259999999793948        4259.5477516310357     
   5.8459999999793943        4239.6060433512557     
   5.8659999999793948        4229.5612440242376     
   5.8859999999793944        4232.2745064460014     
   5.9059999999793948        4233.2930898963605     
   5.9259999999793944        4213.4242579638167     
   5.9459999999793949        4200.9231256057192     
   5.9659999999793945        4191.2383555856877     
   5.9859999999793949        4177.8308295361630     
   6.0059999999793945        4161.7442610746411     
   6.0259999999793949        4157.1415434808732     
   6.0459999999793945        4161.0411965646481     
   6.0659999999793950        4181.2723019150726     
   6.0859999999793946        4199.0297973776806     
   6.1059999999793950        4183.1048217545476     
   6.1259999999793946        4167.4277693109034     
   6.1459999999793951        4153.7548825667855     
   6.1659999999793946        4160.3127492426211     
   6.1859999999793942        4168.4021254195623     
   6.2059999999793947        4167.5972495657625     
   6.2259999999793942        4184.2888563319293     
   6.2459999999793947        4205.1347962614473     
   6.2659999999793943        4177.6270708538168     
   6.2859999999793947        4196.6001230711026     
   6.3059999999793943        4192.4115502851773     
   6.3259999999793948        4207.8628237886451     
   6.3459999999793943        4223.7763941156236     
   6.3659999999793948        4234.4759301828390     
   6.3859999999793944        4251.6977232616746     
   6.4059999999793948        4273.3808314994940     
   6.4259999999793944        4285.5132580393201     
   6.4459999999793949        4299.0715528848050     
   6.4659999999793945        4311.9019587700259     
   6.4859999999793949        4326.0237046353313     
   6.5059999999793945        4322.8420688253364     
   6.5259999999793949        4332.8147619714564     
   6.5459999999793945        4336.8795690017132     
   6.5659999999793950        4352.7888332733528     
   6.5859999999793946        4349.5806037890261     
   6.6059999999793950        4304.1653806463200     
   6.6259999999793946        4311.8657420192148     
   6.6459999999793951        4314.8268813912846     
   6.6659999999793946        4323.6599287789968     
   6.6859999999793942        4333.4014660209932     
   6.7059999999793947        4331.0850280533405     
   6.7259999999793942        4345.3097934303742     
   6.7459999999793947        4333.5144490945777     
   6.7659999999793943        4333.8998051138578     
   6.7859999999793947        4326.4089276774457     
   6.8059999999793943        4333.7571267710991     
   6.8259999999793948        4332.8008731287864     
   6.8459999999793943        4352.7520775886105     
   6.8659999999793948        4353.7792217585311     
   6.8859999999793944        4369.8505402432438     
   6.9059999999793948        4373.9085173238591     
   6.9259999999793944        4386.2848777456375     
   6.9459999999793949        4393.4853101107210     
   6.9659999999793945        4385.3460825262409     
   6.9859999999793949        4376.1447157736520     
   7.0059999999793945        4377.1993812500186     
   7.0259999999793949        4383.7195592641356     
   7.0459999999793945        4391.8955005766193     
   7.0659999999793950        4402.5537593984564     
   7.0859999999793946        4407.8930913108725     
   7.1059999999793950        4413.6525377789103     
   7.1259999999793946        4387.5359361338278     
   7.1459999999793951        4377.9625086790875     
   7.1659999999793946        4362.8368974191280     
   7.1859999999793942        4382.6366743784893     
   7.2059999999793947        4400.8132664634331     
   7.2259999999793942        4385.3766562196215     
   7.2459999999793947        4392.0702677089885     
   7.2659999999793943        4399.3714035242519     
   7.2859999999793947        4420.5918924559228     
   7.3059999999793943        4392.9143164278375     
   7.3259999999793948        4407.0047049866553     
   7.3459999999793943        4374.3198186070304     
   7.3659999999793948        4380.6471687133917     
   7.3859999999793944        4387.0588377276317     
   7.4059999999793948        4381.4123908685988     
   7.4259999999793944        4354.5822944681950     
   7.4459999999793949        4362.6647920031664     
   7.4659999999793945        4361.8340707942871     
   7.4859999999793949        4369.1128972366178     
   7.5059999999793945        4341.7791668842910     
   7.5259999999793949        4347.2511343480919     
   7.5459999999793945        4346.3311755772202     
   7.5659999999793950        4341.4741158054367     
   7.5859999999793946        4353.5059581143623     
   7.6059999999793950        4350.5444907791034     
   7.6259999999793946        4345.9909969939972     
   7.6459999999793951        4341.6669842770898     
   7.6659999999793946        4336.1661828603019     
   7.6859999999793942        4326.7713852599627     
   7.7059999999793947        4332.0221639800247     
   7.7259999999793942        4325.0562425066873     
   7.7459999999793947        4303.1919122123591     
   7.7659999999793943        4290.3401313971144     
   7.7859999999793947        4292.5455882122542     
   7.8059999999793943        4290.9682948753498     
   7.8259999999793948        4294.3434110836133     
   7.8459999999793943        4287.0420690332567     
   7.8659999999793948        4292.6951976389937     
   7.8859999999793944        4281.4180786718425     
   7.9059999999793948        4266.7170622070980     
   7.9259999999793944        4265.6206163905845     
   7.9459999999793949        4263.7558085180181     
   7.9659999999793945        4257.1621907026911     
   7.9859999999793949        4241.2965771909348     
   8.0059999999793945        4205.3927415595572     
   8.0259999999793941        4196.7972521656566     
   8.0459999999793954        4187.9027675260586     
   8.0659999999793950        4180.1105104128064     
   8.0859999999793946        4166.4835544014986     
   8.1059999999793941        4140.8865934375053     
   8.1259999999793955        4143.1407992203804     
   8.1459999999793951        4130.9960309510534     
   8.1659999999793946        4119.5040880597098     
   8.1859999999793942        4099.1020598999594     
   8.2059999999793938        4088.5279599526057     
   8.2259999999793951        4092.6132373935657     
   8.2459999999793947        4093.0312666257250     
   8.2659999999793943        4085.3091666024720     
   8.2859999999793938        4078.7573583652847     
   8.3059999999793952        4080.7949926745828     
   8.3259999999793948        4084.2502740868654     
   8.3459999999793943        4057.3912941167496     
   8.3659999999793939        4034.6677786230603     
   8.3859999999793953        4048.8274325207672     
   8.4059999999793948        4063.9174724508403     
   8.4259999999793944        4066.0568442115768     
   8.4459999999793940        4077.2855450080201     
   8.4659999999793953        4064.3097079135591     
   8.4859999999793949        4031.5516167106653     
   8.5059999999793945        4041.0597815110032     
   8.5259999999793941        4034.6159921511330     
   8.5459999999793954        4048.5589488536580     
   8.5659999999793950        4027.6831525792795     
   8.5859999999793946        4006.7449247477853     
   8.6059999999793941        3985.9573219326230     
   8.6259999999793955        3993.9499638814409     
   8.6459999999793951        4009.9246985090895     
   8.6659999999793946        4019.8369193903723     
   8.6859999999793942        3978.5952486465962     
   8.7059999999793956        3989.6419770372786     
   8.7259999999793951        4001.5711093019481     
   8.7459999999793947        4014.2276460498824     
   8.7659999999793943        3997.8582537345169     
   8.7859999999793938        3985.0233549864838     
   8.8059999999793952        3998.8650993819010     
   8.8259999999793948        3994.1850074862964     
   8.8459999999793943        4008.9707664528769     
   8.8659999999793939        4024.4098937362728     
   8.8859999999793953        4040.6263739993901     
   8.9059999999793948        4072.4276652306494     
   8.9259999999793944        4106.7957693450944     
   8.9459999999793940        4124.8138255555250     
   8.9659999999793953        4151.8680076248311     
   8.9859999999793949        4196.5196007897603     
   9.0059999999793945        4214.5924100325437     
   9.0259999999793941        4234.2115057806832     
   9.0459999999793954        4243.1801737287897     
   9.0659999999793950        4263.0884311805303     
   9.0859999999793946        4299.9690029769763     
   9.1059999999793941        4328.7626742369939     
   9.1259999999793955        4354.9817898385018     
   9.1459999999793951        4364.7793397641317     
   9.1659999999793946        4359.1663599078183     
   9.1859999999793942        4385.8154800786515     
   9.2059999999793956        4404.3312287961426     
   9.2259999999793951        4427.1020849506558     
   9.2459999999793947        4448.6703661595047     
   9.2659999999793943        4464.4749429142894     
   9.2859999999793938        4479.9848258482980     
   9.3059999999793952        4481.5938195142662     
   9.3259999999793948        4486.9796452240189     
   9.3459999999793943        4509.3451902475499     
   9.3659999999793939        4551.3780613992858     
   9.3859999999793953        4570.6104635867732     
   9.4059999999793948        4590.3571091721251     
   9.4259999999793944        4606.4950853632718     
   9.4459999999793940        4621.7827880481700     
   9.4659999999793953        4632.1970890360799     
   9.4859999999793949        4641.5190695551964     
   9.5059999999793945        4634.0301774687587     
   9.5259999999793941        4647.2779579130392     
   9.5459999999793954        4655.7344571228523     
   9.5659999999793950        4678.3194329697435     
   9.5859999999793946        4707.5374685625411     
   9.6059999999793941        4712.2466935662633     
   9.6259999999793955        4724.3794134455566     
   9.6459999999793951        4728.4914396595996     
   9.6659999999793946        4732.3483793643945     
   9.6859999999793942        4744.5589156420547     
   9.7059999999793956        4747.5523885937200     
   9.7259999999793951        4757.8087169562941     
   9.7459999999793947        4750.8887580760938     
   9.7659999999793943        4752.4856506049500     
   9.7859999999793938        4739.7041045684773     
   9.8059999999793952        4740.9742848594296     
   9.8259999999793948        4742.5063147599903     
   9.8459999999793943        4750.6390589383018     
   9.8659999999793939        4740.9537886921771     
   9.8859999999793953        4711.0893149927451     
   9.9059999999793948        4709.7831118597287     
   9.9259999999793944        4706.8916389438464     
   9.9459999999793940        4704.0085443072503     
   9.9659999999793953        4700.8642463737242     
   9.9859999999793949        4699.3097158148239     
   10.005999999979394        4690.3317435405688     
   10.025999999979394        4686.2697127037027     
   10.045999999979395        4677.2105775215387     
   10.065999999979395        4684.5026806106043     
   10.085999999979395        4680.5366622269339     
   10.105999999979394        4697.7117712899226     
   10.125999999979395        4670.5156213975933     
   10.145999999979395        4677.1623258406971     
   10.165999999979395        4673.1790860640676     
   10.185999999979394        4669.5758308386503     
   10.205999999979396        4666.1100729753070     
   10.225999999979395        4666.9618410657813     
   10.245999999979395        4656.1932215185716     
   10.265999999979394        4653.1050337013821     
   10.285999999979394        4650.2522368880327     
   10.305999999979395        4650.9829525585101     
   10.325999999979395        4648.1609049067010     
   10.345999999979394        4645.5839795572419     
   10.365999999979394        4650.2735233552949     
   10.385999999979395        4659.8999055557351     
   10.405999999979395        4658.3378206029938     
   10.425999999979394        4671.3322601341442     
   10.445999999979394        4645.7893399432642     
   10.465999999979395        4644.6619975677668     
   10.485999999979395        4644.0403449957503     
   10.505999999979394        4643.6462520211371     
   10.525999999979394        4643.4376116271405     
   10.545999999979395        4653.1193321259461     
   10.565999999979395        4653.7976552367336     
   10.585999999979395        4678.3635868834617     
   10.605999999979394        4680.4672119596162     
   10.625999999979395        4683.1167899549891     
   10.645999999979395        4687.6837716776963     
   10.665999999979395        4703.2762477448960     
   10.685999999979394        4674.0876456130281     
   10.705999999979396        4677.6775981023429     
   10.725999999979395        4650.1511683097533     
   10.745999999979395        4619.4225425558843     
   10.765999999979394        4634.5004026209826     
   10.785999999979394        4650.0664398107565     
   10.805999999979395        4654.7494227413954     
   10.825999999979395        4661.1258233671697     
   10.845999999979394        4642.3921167394847     
   10.865999999979394        4659.0885170897591     
   10.885999999979395        4664.4604639626486     
   10.905999999979395        4681.6385233906840     
   10.925999999979394        4687.5402433961945     
   10.945999999979394        4681.8914642607233     
   10.965999999979395        4687.3277783750982     
   10.985999999979395        4693.0860637891883     
   11.005999999979394        4699.1372114376090     
   11.025999999979394        4681.6780523928610     
   11.045999999979395        4662.0673900819047     
   11.065999999979395        4666.3388754730504     
   11.085999999979395        4682.8593261975166     
   11.105999999979394        4674.8590130751618     
   11.125999999979395        4678.0720438465778     
   11.145999999979395        4681.8394535809193     
   11.165999999979395        4706.3277464066705     
   11.185999999979394        4710.4650598843145     
   11.205999999979396        4726.8761863890677     
   11.225999999979395        4741.6512519124544     
   11.245999999979395        4753.0956671255390     
   11.265999999979394        4765.8997595107676     
   11.285999999979394        4768.7407990386264     
   11.305999999979395        4771.4143428020616     
   11.325999999979395        4774.0645314059857     
   11.345999999979394        4760.4055808936209     
   11.365999999979394        4762.4316796929570     
   11.385999999979395        4764.0743050420915     
   11.405999999979395        4752.7831371362736     
   11.425999999979394        4742.2671974200011     
   11.445999999979394        4742.1720914063899     
   11.465999999979395        4741.8501708343692     
   11.485999999979395        4741.2033640691452     
   11.505999999979394        4750.8188880294838     
   11.525999999979394        4762.5288703757815     
   11.545999999979395        4763.8111885150483     
   11.565999999979395        4761.3132722336522     
   11.585999999979395        4758.6918585672820     
   11.605999999979394        4735.0827981531620     
   11.625999999979395        4732.0424721983236     
   11.645999999979395        4711.2617544669720     
   11.665999999979395        4707.0947133374366     
   11.685999999979394        4706.5159660847312     
   11.705999999979396        4701.9915569913010     
   11.725999999979395        4709.6214976979536     
   11.745999999979395        4705.0196374482466     
   11.765999999979394        4700.3834867419901     
   11.785999999979394        4702.9518330743113     
   11.805999999979395        4717.4579984961611     
   11.825999999979395        4713.7900380110805     
   11.845999999979394        4686.3180982807371     
   11.865999999979394        4617.5364851935819     
   11.885999999979395        4617.9263003513397     
   11.905999999979395        4640.9169500062162     
   11.925999999979394        4620.5583263489316     
   11.945999999979394        4611.6896146897816     
   11.965999999979395        4611.5782197047411     
   11.985999999979395        4596.6725425232526     
   12.005999999979394        4571.0555885484901     
   12.025999999979394        4572.0767472544139     
   12.045999999979395        4563.5792615880491     
   12.065999999979395        4555.4881151826203     
   12.085999999979395        4561.0141520047191     
   12.105999999979394        4564.8431609829386     
   12.125999999979395        4571.0442646489873     
   12.145999999979395        4592.3168450033209     
   12.165999999979395        4586.2236592931531     
   12.185999999979394        4580.7691304179198     
   12.205999999979396        4575.9209885861610     
   12.225999999979395        4571.6171740885147     
   12.245999999979395        4567.8636771731590     
   12.265999999979394        4564.6937384729899     
   12.285999999979396        4562.1041241029025     
   12.305999999979395        4560.0432908919265     
   12.325999999979395        4571.6962120917624     
   12.345999999979394        4584.4816404464118     
   12.365999999979394        4584.2536637120211     
   12.385999999979395        4584.5906070104056     
   12.405999999979395        4599.5101601340448     
   12.425999999979394        4601.0380903122332     
   12.445999999979394        4603.0843077387053     
   12.465999999979395        4617.9688738324794     
   12.485999999979395        4620.7906584614511     
   12.505999999979394        4624.1027337403793     
   12.525999999979394        4586.2181623472179     
   12.545999999979395        4601.9671504181833     
   12.565999999979395        4620.9158074513716     
   12.585999999979395        4625.6992071025243     
   12.605999999979394        4630.9401775443812     
   12.625999999979395        4650.3385138825524     
   12.645999999979395        4656.4381248933369     
   12.665999999979395        4666.7597601432972     
   12.685999999979394        4673.2275186977004     
   12.705999999979396        4680.0934140493200     
   12.725999999979395        4689.9246963372534     
   12.745999999979395        4697.1749138290779     
   12.765999999979394        4704.5970501085585     
   12.785999999979396        4712.3218426440317     
   12.805999999979395        4720.3772875474651     
   12.825999999979395        4728.7042799369065     
   12.845999999979394        4737.3195639798314     
   12.865999999979394        4748.7698063651351     
   12.885999999979395        4757.6895183477318     
   12.905999999979395        4766.4870799891460     
   12.925999999979394        4775.1935874673045     
   12.945999999979394        4783.7788783481956     
   12.965999999979395        4788.0601539286008     
   12.985999999979395        4796.1286016635686     
   13.005999999979394        4758.0967065963350     
   13.025999999979394        4780.7543214563302     
   13.045999999979395        4788.3335180890135     
   13.065999999979395        4795.8939649158474     
   13.085999999979395        4803.4842144034492     
   13.105999999979394        4811.1233952759085     
   13.125999999979395        4824.9678939639698     
   13.145999999979395        4832.5682097354447     
   13.165999999979395        4839.9863561167367     
   13.185999999979394        4807.7020140051318     
   13.205999999979396        4814.6173229477381     
   13.225999999979395        4837.2640646499176     
   13.245999999979395        4843.8881605470833     
   13.265999999979394        4850.4377447948264     
   13.285999999979396        4856.9259811409020     
   13.305999999979395        4863.2501559832772     
   13.325999999979395        4865.8159219223207     
   13.345999999979394        4888.0233714699143     
   13.365999999979394        4894.0600734095060     
   13.385999999979395        4893.7230647495680     
   13.405999999979395        4899.3731165473082     
   13.425999999979394        4904.8285968023893     
   13.445999999979394        4920.2907467653340     
   13.465999999979395        4941.6588849066993     
   13.485999999979395        4963.8066095766708     
   13.505999999979394        4948.2718269452234     
   13.525999999979394        4952.4835251626328     
   13.545999999979395        4956.6057937331661     
   13.565999999979395        4948.0456825381671     
   13.585999999979395        4951.8940939831191     
   13.605999999979394        4955.6535238679344     
   13.625999999979395        4959.2505968401438     
   13.645999999979395        4967.2471784578929     
   13.665999999979395        4969.9348707607733     
   13.685999999979394        5004.6130824826150     
   13.705999999979396        5006.9418249460396     
   13.725999999979395        5009.1589572445973     
   13.745999999979395        5033.1937621883635     
   13.765999999979394        5050.7718478959605     
   13.785999999979396        5052.6572318463495     
   13.805999999979395        5054.6994723964744     
   13.825999999979395        5056.3369769350948     
   13.845999999979394        5057.4551403575842     
   13.865999999979394        5058.2013103173231     
   13.885999999979395        5058.7500341070754     
   13.905999999979395        5079.5334173144320     
   13.925999999979394        5079.3146702495596     
   13.945999999979394        5015.2628285005285     
   13.965999999979395        5028.8824597190251     
   13.985999999979395        5043.4875854023176     
   14.005999999979394        5029.8281976625140     
   14.025999999979394        5028.5551623876509     
   14.045999999979395        5027.1115746265004     
   14.065999999979395        5036.9152928577114     
   14.085999999979395        5048.8440922953359     
   14.105999999979394        5046.8173591505038     
   14.125999999979395        5044.5685164436254     
   14.145999999979395        5042.2225993976626     
   14.165999999979395        5039.8768645939344     
   14.185999999979394        5040.8410545195475     
   14.205999999979396        5038.0091981768492     
   14.225999999979395        5034.8180054174172     
   14.245999999979395        4946.1226085028320     
   14.265999999979394        4940.9743084957763     
   14.285999999979396        4887.0189850784018     
   14.305999999979395        4880.8267806651047     
   14.325999999979395        4874.1232400810559     
   14.345999999979394        4818.2618019640659     
   14.365999999979394        4810.5551350665964     
   14.385999999979395        4816.8501355654680     
   14.405999999979395        4809.6253467911092     
   14.425999999979394        4800.9119002146026     
   14.445999999979394        4791.6856537524900     
   14.465999999979395        4731.3796910009414     
   14.485999999979395        4721.1555818070365     
   14.505999999979394        4710.8667947421691     
   14.525999999979394        4700.3344572451815     
   14.545999999979395        4689.4810489639676     
   14.565999999979395        4678.3081430045104     
   14.585999999979395        4617.4090536448539     
   14.605999999979394        4577.1988177159628     
   14.625999999979395        4580.8272938098835     
   14.645999999979395        4567.1819762809619     
   14.665999999979395        4529.1103952685935     
   14.685999999979394        4465.4334803449265     
   14.705999999979396        4449.8311073167652     
   14.725999999979395        4434.1262636059510     
   14.745999999979395        4418.2006937397427     
   14.765999999979394        4401.9157323179097     
   14.785999999979396        4385.1577338015750     
   14.805999999979395        4346.1139868932969     
   14.825999999979395        4289.5523413151113     
   14.845999999979394        4232.3506073301651     
   14.865999999979394        4210.5051510585254     
   14.885999999979395        4182.0963646879954     
   14.905999999979395        4136.1773499265273     
   14.925999999979394        4123.4728925663230     
   14.945999999979394        4097.3510560628420     
   14.965999999979395        4070.7732427197989     
   14.985999999979395        4043.7701976681865     
   15.005999999979394        4012.9358582982090     
   15.025999999979394        3972.8047460311113     
   15.045999999979395        3943.9550235323904     
   15.065999999979395        3914.8110265494170     
   15.085999999979395        3885.3470441868644     
   15.105999999979394        3855.5348672280402     
   15.125999999979395        3825.3363589854512     
   15.145999999979395        3808.7208600664630     
   15.165999999979395        3792.2373398981163     
   15.185999999979394        3760.1478155020495     
   15.205999999979396        3719.3614374520125     
   15.225999999979395        3685.3920254254031     
   15.245999999979395        3630.1149874030116     
   15.265999999979394        3594.9355809223866     
   15.285999999979396        3559.4873147889848     
   15.305999999979395        3523.8053191930553     
   15.325999999979395        3487.9164665417138     
   15.345999999979394        3451.8325864250251     
   15.365999999979394        3415.3226110969290     
   15.385999999979395        3365.4819583915951     
   15.405999999979395        3315.9412335460256     
   15.425999999979394        3277.3670468327996     
   15.445999999979394        3238.4518059432644     
   15.465999999979395        3199.2074222372580     
   15.485999999979395        3159.4723341140048     
   15.505999999979394        3113.3853229258170     
   15.525999999979394        3072.5244579993282     
   15.545999999979395        3031.4006933512878     
   15.565999999979395        3014.6422734587804     
   15.585999999979395        2970.7206843136219     
   15.605999999979394        2928.0014186115345     
   15.625999999979395        2885.1447881853687     
   15.645999999979395        2842.2450502493170     
   15.665999999979395        2799.3127879271046     
   15.685999999979394        2756.2797400477143     
   15.705999999979396        2715.2778344743128     
   15.725999999979395        2672.1930005479262     
   15.745999999979395        2629.3303002238104     
   15.765999999979394        2585.7414963655992     
   15.785999999979396        2541.8767436348335     
   15.805999999979395        2508.1129338247774     
   15.825999999979395        2470.6143099825904     
   15.845999999979394        2427.9028241759379     
   15.865999999979396        2403.1073506058005     
   15.885999999979395        2360.4958295502493     
   15.905999999979395        2315.9829480160688     
   15.925999999979394        2271.5034694046794     
   15.945999999979394        2229.2881628131277     
   15.965999999979395        2187.2395258912620     
   15.985999999979395        2142.3779060977231     
   16.005999999979394        2097.7960174150644     
   16.025999999979394        2056.6813415286379     
   16.045999999979394        2012.3628143488861     
   16.065999999979393        1968.2810700166215     
   16.085999999979396        1924.4396269702549     
   16.105999999979396        1880.8654186406220     
   16.125999999979395        1841.5062866137771     
   16.145999999979395        1798.3617040298600     
   16.165999999979395        1755.5403723318834     
   16.185999999979394        1712.9759682785088     
   16.205999999979394        1678.1497502121595     
   16.225999999979393        1636.2025224096431     
   16.245999999979396        1594.7730567066696     
   16.265999999979396        1566.8283389997459     
   16.285999999979396        1525.9258035367818     
   16.305999999979395        1485.4239196734379     
   16.325999999979395        1445.3339853359025     
   16.345999999979394        1405.6893049923206     
   16.365999999979394        1366.5118572247309     
   16.385999999979393        1327.7888369783136     
   16.405999999979393        1289.5344223122206     
   16.425999999979396        1257.2623232372482     
   16.445999999979396        1219.9030881181423     
   16.465999999979395        1187.4968218581107     
   16.485999999979395        1150.9135286878700     
   16.505999999979394        1114.8693023011856     
   16.525999999979394        1079.4644430273977     
   16.545999999979394        1044.6864491067720     
   16.565999999979393        1010.4107476495642     
   16.585999999979396        976.65089506505979     
   16.605999999979396        943.45521835676470     
   16.625999999979395        918.13381455218678     
   16.645999999979395        885.92867260048649     
   16.665999999979395        854.25560010712161     
   16.685999999979394        823.15886973921192     
   16.705999999979394        792.64407839044918     
   16.725999999979393        762.71648731136725     
   16.745999999979396        733.40791563390997     
   16.765999999979396        710.48656427491369     
   16.785999999979396        682.30051226685396     
   16.805999999979395        656.52490651969902     
   16.825999999979395        630.83651202078067     
   16.845999999979394        604.30983756076273     
   16.865999999979394        580.34887119045698     
   16.885999999979393        554.75004904060415     
   16.905999999979393        529.65924681084755     
   16.925999999979396        505.09410381848073     
   16.945999999979396        481.14488591725274     
   16.965999999979395        457.88779693225047     
   16.985999999979395        435.23144049371706     
   17.005999999979394        413.14309585169951     
   17.025999999979394        391.59090196266476     
   17.045999999979394        370.60788150941141     
   17.065999999979393        350.23408669585905     
   17.085999999979396        331.93596766633630     
   17.105999999979396        312.59453083047964     
   17.125999999979395        293.81663418028023     
   17.145999999979395        275.61504241898319     
   17.165999999979395        257.90693274210872     
   17.185999999979394        240.70709773059025     
   17.205999999979394        224.07630651881783     
   17.225999999979393        208.08138876508687     
   17.245999999979396        192.74156597405889     
   17.265999999979396        178.03066538779655     
   17.285999999979396        164.32572617975046     
   17.305999999979395        150.74456767042412     
   17.325999999979395        137.73378399849904     
   17.345999999979394        125.29207828883962     
   17.365999999979394        113.42664076213947     
   17.385999999979393        102.15179342793621     
   17.405999999979397        91.457199394370818     
   17.425999999979396        81.342277816327339     
   17.445999999979396        71.805398151775819     
   17.465999999979395        62.846328674995611     
   17.485999999979395        54.468431335799949     
   17.505999999979394        46.686487155915948     
   17.525999999979394        39.512982894724274     
   17.545999999979394        32.944948489969448     
   17.565999999979393        26.967734437217132     
   17.585999999979396        21.581304829362306     
   17.605999999979396        16.798837155833645     
   17.625999999979395        12.622470426568160     
   17.645999999979395        9.0520696817186348     
   17.665999999979395        6.0918266766940388     
   17.685999999979394        3.7482884010851634     
   17.705999999979394        2.0314043124725853     
   17.725999999979393       0.94173713847616913     
   17.745999999979396       0.47776776180511260     
   17.765999999979396       0.63763057412393886     
   17.785999999979396        1.4233913336703898     
   17.805999999979395        2.8371856529258404     
   17.825999999979395        4.8964961694505682     
   17.845999999979394        7.6013002374137804     
   17.865999999979394        10.952569269999206     
   17.885999999979393        14.957476822550596     
   17.905999999979397        19.706583345498256     
   17.925999999979396        25.027493799096476     
   17.945999999979396        30.848790074416172     
   17.965999999979395        37.298214336482118     
   17.985999999979395        44.511494330817925     
   18.005999999979394        52.382175591502921     
   18.025999999979394        60.911842754344214     
   18.045999999979394        70.083399780550835     
   18.065999999979393        79.881452558110027     
   18.085999999979396        90.151352402351847     
   18.105999999979396        101.21109350298461     
   18.125999999979395        112.89229584684544     
   18.145999999979395        125.18608587777777     
   18.165999999979395        138.03357128171172     
   18.185999999979394        149.89998791857036     
   18.205999999979394        164.03911712118699     
   18.225999999979393        178.50951757737880     
   18.245999999979396        191.97734330411484     
   18.265999999979396        207.47385841362427     
   18.285999999979396        223.50704194040989     
   18.305999999979395        240.02334889055405     
   18.325999999979395        255.74376909169999     
   18.345999999979394        273.15770397998824     
   18.365999999979394        289.73206815077265     
   18.385999999979393        308.15313753517756     
   18.405999999979397        327.09068585110680     
   18.425999999979396        348.24333477506048     
   18.445999999979396        368.22748198548476     
   18.465999999979395        388.95559380916194     
   18.485999999979395        409.91353257790013     
   18.505999999979394        431.38068931197051     
   18.525999999979394        453.27413065571659     
   18.545999999979394        475.55624582865471     
   18.565999999979393        498.22858776193169     
   18.585999999979396        521.29978683055458     
   18.605999999979396        541.02073761386066     
   18.625999999979395        564.90483021231000     
   18.645999999979395        589.18854204769946     
   18.665999999979395        613.86603361591654     
   18.685999999979394        640.08779719283200     
   18.705999999979394        668.96096878019534     
   18.725999999979393        694.62341575604341     
   18.745999999979396        714.20706283237769     
   18.765999999979396        740.26816171977384     
   18.785999999979396        763.69537272224113     
   18.805999999979395        790.14225818020577     
   18.825999999979395        817.02060948572375     
   18.845999999979394        844.23221521252458     
   18.865999999979394        871.67235321214116     
   18.885999999979393        899.32635002251163     
   18.905999999979397        927.21306816907054     
   18.925999999979396        955.37245691592250     
   18.945999999979396        983.71788125846035     
   18.965999999979395        1012.1708527948437     
   18.985999999979395        1027.8077168493130     
   19.005999999979394        1056.3331615612396     
   19.025999999979394        1085.0083770292779     
   19.045999999979394        1113.8322277307579     
   19.065999999979393        1142.8275232594240     
   19.085999999979396        1156.9853282070551     
   19.105999999979396        1186.0625899832430     
   19.125999999979395        1220.4059017437146     
   19.145999999979395        1249.9146440751765     
   19.165999999979395        1281.0194112465954     
   19.185999999979394        1312.8442734247478     
   19.205999999979394        1342.9918966440930     
   19.225999999979393        1373.2937956590192     
   19.245999999979396        1403.7527688598636     
   19.265999999979396        1434.3690518573237     
   19.285999999979396        1465.1931102378014     
   19.305999999979395        1496.2725462837277     
   19.325999999979395        1527.4695929895834     
   19.345999999979394        1558.7254536926405     
   19.365999999979394        1590.0115368482977     
   19.385999999979393        1621.3002670928677     
   19.405999999979397        1652.5975534340669     
   19.425999999979396        1683.9265532242591     
   19.445999999979396        1715.3154043473828     
   19.465999999979395        1722.9296425228511     
   19.485999999979395        1754.3271510937209     
   19.505999999979394        1785.8400072997429     
   19.525999999979394        1817.4295879569379     
   19.545999999979394        1849.0899711659347     
   19.565999999979393        1880.8354015093739     
   19.585999999979396        1912.6846149602322     
   19.605999999979396        1944.6662039169721     
   19.625999999979395        1976.8072955922928     
   19.645999999979395        2009.1240051415050     
   19.665999999979395        2042.2056524169452     
   19.685999999979394        2074.9204095874347     
   19.705999999979394        2107.7651362501015     
   19.725999999979393        2140.3431418759965     
   19.745999999979396        2111.2911176677148     
   19.765999999979396        2078.1623488650530     
   19.785999999979396        2042.2608900689304     
   19.805999999979395        2072.2619004578414     
   19.825999999979395        2086.4607160077517     
   19.845999999979394        2119.2419462734556     
   19.865999999979394        2079.9105480756048     
   19.885999999979393        2108.9721495352278     
   19.905999999979397        2138.0693388313903     
   19.925999999979396        2167.1949462752159     
   19.945999999979396        2196.2543618688983     
   19.965999999979395        2199.6823851927397     
   19.985999999979395        2228.5187498498176     
   20.005999999979394        2257.3427935298109     
   20.025999999979394        2286.1262048442613     
   20.045999999979394        2314.7861344162884     
   20.065999999979393        2343.2636668947825     
   20.085999999979396        2345.1709201659678     
   20.105999999979396        2373.9124999635001     
   20.125999999979395        2402.5706441557877     
   20.145999999979395        2431.1660294928215     
   20.165999999979395        2459.7647025712963     
   20.185999999979394        2488.3291585391958     
   20.205999999979394        2516.6835847287448     
   20.225999999979393        2511.7704600116399     
   20.245999999979396        2488.6825320673570     
   20.265999999979396        2516.5818252903973     
   20.285999999979396        2544.6467666106646     
   20.305999999979395        2572.8896002374213     
   20.325999999979395        2601.2308738394267     
   20.345999999979394        2629.6307241537843     
   20.365999999979394        2658.0566359924815     
   20.385999999979393        2686.4720208316121     
   20.405999999979397        2714.8582654140255     
   20.425999999979396        2743.2329821675626     
   20.445999999979396        2770.2276768826619     
   20.465999999979395        2751.8231432563948     
   20.485999999979395        2779.7442620644315     
   20.505999999979394        2807.6955038460005     
   20.525999999979394        2835.6953180492137     
   20.545999999979394        2863.7535493941091     
   20.565999999979393        2891.8512269256166     
   20.585999999979396        2919.9643655111004     
   20.605999999979396        2946.3949960846189     
   20.625999999979395        2974.5389050362769     
   20.645999999979395        3002.7220172088473     
   20.665999999979395        3030.9608355931464     
   20.685999999979394        3059.2867746058673     
   20.705999999979394        3095.5605718796519     
   20.725999999979393        3124.2636505217174     
   20.745999999979396        3153.0452723653857     
   20.765999999979396        3181.9133884323846     
   20.785999999979396        3210.8732119873462     
   20.805999999979395        3239.9281965442706     
   20.825999999979395        3269.0805396563478     
   20.845999999979394        3298.3306041093792     
   20.865999999979394        3326.0131565834436     
   20.885999999979393        3354.9169763540544     
   20.905999999979397        3312.9076417257925     
   20.925999999979396        3341.8022922523542     
   20.945999999979396        3370.8355555517132     
   20.965999999979395        3400.0323653707619     
   20.985999999979395        3429.3992144418567     
   21.005999999979394        3458.9372087193956     
   21.025999999979394        3488.6473194793566     
   21.045999999979394        3518.5129006396382     
   21.065999999979393        3548.5067137609472     
   21.085999999979396        3578.6191224885047     
   21.105999999979396        3608.8590082666933     
   21.125999999979395        3639.1862196754091     
   21.145999999979395        3669.6015153049411     
   21.165999999979395        3700.1283778961456     
   21.185999999979394        3730.7795347289216     
   21.205999999979394        3761.5687089120793     
   21.225999999979393        3792.4973447422276     
   21.245999999979396        3823.5690409991507     
   21.265999999979396        3853.1088442361120     
   21.285999999979396        3884.4692997199745     
   21.305999999979395        3915.9849469166834     
   21.325999999979395        3947.6368406653660     
   21.345999999979394        3979.2472314717006     
   21.365999999979394        4010.4840164736147     
   21.385999999979393        3952.6634628065076     
   21.405999999979397        3983.3195457871302     
   21.425999999979396        3922.2697469364612     
   21.445999999979396        3952.4477928846777     
   21.465999999979395        3985.8425882661518     
   21.485999999979395        4015.7674025944007     
   21.505999999979394        3953.1643903315967     
   21.525999999979394        3982.9086849168129     
   21.545999999979394        4012.7361727611774     
   21.565999999979393        4042.6816927416394     
   21.585999999979396        4072.7651566230256     
   21.605999999979396        4100.1445925790194     
   21.625999999979395        4130.3332253684293     
   21.645999999979395        4161.7291525209166     
   21.665999999979395        4191.7060390375973     
   21.685999999979394        4126.6436123383673     
   21.705999999979394        4156.4576214495492     
   21.725999999979393        4186.3556598269561     
   21.745999999979396        4216.3564977715059     
   21.765999999979396        4246.3665502785216     
   21.785999999979396        4276.2953421040966     
   21.805999999979395        4306.1701318207397     
   21.825999999979395        4336.0210321256063     
   21.845999999979394        4365.7779078406356     
   21.865999999979394        4395.1558558802963     
   21.885999999979393        4333.8124716213088     
   21.905999999979397        4360.0559950147363     
   21.925999999979396        4389.0729088113540     
   21.945999999979396        4418.0157897700701     
   21.965999999979395        4446.8663273774919     
   21.985999999979395        4475.5660196024428     
   22.005999999979394        4475.0166590815688     
   22.025999999979394        4414.5340444493077     
   22.045999999979394        4441.9359656236038     
   22.065999999979393        4469.2756342209077     
   22.085999999979396        4496.4856389493762     
   22.105999999979396        4523.4678307235554     
   22.125999999979395        4550.2074709220615     
   22.145999999979395        4576.6983538199065     
   22.165999999979395        4602.9549385095343     
   22.185999999979394        4629.0162793909140     
   22.205999999979394        4654.9236173859563     
   22.225999999979393        4646.7358354763301     
   22.245999999979396        4672.1431120894158     
   22.265999999979396        4697.3287396615287     
   22.285999999979396        4722.3157548701729     
   22.305999999979395        4747.1586943386483     
   22.325999999979395        4771.9271914126803     
   22.345999999979394        4796.6736086953160     
   22.365999999979394        4821.3281809231230     
   22.385999999979393        4845.8127457225710     
   22.405999999979397        4870.0436880874568     
   22.425999999979396        4893.9844247527381     
   22.445999999979396        4917.6228887578800     
   22.465999999979395        4940.9591926009189     
   22.485999999979395        4963.9941336688553     
   22.505999999979394        4987.5731074970508     
   22.525999999979394        5009.8867484434822     
   22.545999999979394        5031.8877650919158     
   22.565999999979393        5053.5745269764930     
   22.585999999979396        5074.9445651648166     
   22.605999999979396        5096.0037801880508     
   22.625999999979395        5116.7711258182735     
   22.645999999979395        5137.2664183414827     
   22.665999999979395        5118.5103584597646     
   22.685999999979394        5138.2207008148789     
   22.705999999979394        5157.4967368696998     
   22.725999999979393        5176.3557466470174     
   22.745999999979396        5194.8407420486128     
   22.765999999979396        5212.9831791767219     
   22.785999999979396        5230.6735858039710     
   22.805999999979395        5219.1443329746644     
   22.825999999979395        5235.6625097187962     
   22.845999999979394        5226.9050760389091     
   22.865999999979394        5242.3690239721955     
   22.885999999979393        5257.5418561796359     
   22.905999999979397        5272.4198689019295     
   22.925999999979396        5286.9475890539525     
   22.945999999979396        5301.0590280799097     
   22.965999999979395        5314.7380667460693     
   22.985999999979395        5327.9887444124588     
   23.005999999979394        5340.8643469687167     
   23.025999999979394        5353.3409081658237     
   23.045999999979394        5365.2246301482137     
   23.065999999979393        5368.7741089331794     
   23.085999999979396        5373.9443841067668     
   23.105999999979396        5383.8902452144030     
   23.125999999979395        5393.5017992608573     
   23.145999999979395        5402.7756842993476     
   23.165999999979395        5411.7051239927578     
   23.185999999979394        5420.2607710929715     
   23.205999999979394        5378.9324023675308     
   23.225999999979393        5386.0201394043497     
   23.245999999979396        5399.0313554979293     
   23.265999999979396        5365.6679662193737     
   23.285999999979396        5371.1076194983561     
   23.305999999979395        5376.1941183632880     
   23.325999999979395        5380.9406139908269     
   23.345999999979394        5385.2729412507233     
   23.365999999979394        5404.3987000408324     
   23.385999999979393        5407.7906666043100     
   23.405999999979397        5410.9017944456027     
   23.425999999979396        5413.6977210404957     
   23.445999999979396        5416.1988323872702     
   23.465999999979395        5418.4043220556687     
   23.485999999979395        5420.3104652867723     
   23.505999999979394        5421.9565293673504     
   23.525999999979394        5423.2934608883088     
   23.545999999979394        5448.8333356037892     
   23.565999999979393        5449.7411195637169     
   23.585999999979396        5450.6511010538034     
   23.605999999979396        5473.8235205576002     
   23.625999999979395        5474.6952951466592     
   23.645999999979395        5475.5774140541234     
   23.665999999979395        5476.2710942503327     
   23.685999999979394        5476.6168947397455     
   23.705999999979394        5414.3938906180219     
   23.725999999979393        5413.4166408354849     
   23.745999999979396        5412.0477240100017     
   23.765999999979396        5436.7971026317637     
   23.785999999979396        5434.6958174363945     
   23.805999999979395        5459.8988265807156     
   23.825999999979395        5457.2142951804226     
   23.845999999979394        5454.2807430766534     
   23.865999999979394        5451.1097123016907     
   23.885999999979393        5447.7268731083514     
   23.905999999979397        5473.8977408943738     
   23.925999999979396        5469.8645823270117     
   23.945999999979396        5426.7955560063592     
   23.965999999979395        5421.9215620846207     
   23.985999999979395        5417.0529853833887     
   24.005999999979394        5338.9340923361578     
   24.025999999979394        5333.5254606991375     
   24.045999999979394        5360.7961136312824     
   24.065999999979397        5355.2389199959698     
   24.085999999979396        5349.6863111708499     
   24.105999999979396        5344.1464576569051     
   24.125999999979395        5338.6265009586741     
   24.145999999979395        5333.1382733976961     
   24.165999999979395        5327.7071124180720     
   24.185999999979394        5322.3686651206790     
   24.205999999979394        5353.0398366569561     
   24.225999999979393        5347.7999056085682     
   24.245999999979396        5342.5242423860009     
   24.265999999979396        5337.2098424152955     
   24.285999999979396        5376.2070767179011     
   24.305999999979395        5370.9498190754794     
   24.325999999979395        5365.8480627670397     
   24.345999999979394        5360.9501252049104     
   24.365999999979394        5356.2802986821907     
   24.385999999979393        5351.8046088940318     
   24.405999999979397        5347.4801291790609     
   24.425999999979396        5343.2818702515806     
   24.445999999979396        5339.2144554835040     
   24.465999999979395        5335.2904674851534     
   24.485999999979395        5331.5224021876575     
   24.505999999979394        5327.9281066448775     
   24.525999999979394        5324.5297482005590     
   24.545999999979394        5321.3332799516684     
   24.565999999979397        5318.3296009535670     
   24.585999999979396        5315.5317343113838     
   24.605999999979396        5312.9575222890617     
   24.625999999979395        5310.6362514329021     
   24.645999999979395        5308.5999621139463     
   24.665999999979395        5306.8912832012838     
   24.685999999979394        5348.3524993288011     
   24.705999999979394        5347.1923219959854     
   24.725999999979393        5346.2832283079006     
   24.745999999979396        5345.6392760801218     
   24.765999999979396        5345.2190998165916     
   24.785999999979396        5345.0316032642877     
   24.805999999979395        5345.1206865813692     
   24.825999999979395        5345.5180493784101     
   24.845999999979394        5346.2075799318800     
   24.865999999979394        5347.1577564388826     
   24.885999999979393        5348.3320970754030     
   24.905999999979397        5349.7036224508729     
   24.925999999979396        5351.2723563600457     
   24.945999999979396        5353.0468909208557     
   24.965999999979395        5355.0472313420314     
   24.985999999979395        5357.3006590288342     
   25.005999999979394        5359.8316671263719     
   25.025999999979394        5362.6524560349799     
   25.045999999979394        5267.5746082694859     
   25.065999999979397        5270.4279720039085     
   25.085999999979396        5273.5918014821227     
   25.105999999979396        5277.0698432115632     
   25.125999999979395        5325.9372031501061     
   25.145999999979395        5330.0142576555627     
   25.165999999979395        5334.3346743006532     
   25.185999999979394        5338.9049938764638     
   25.205999999979394        5343.7705541486275     
   25.225999999979393        5391.9585073593425     
   25.245999999979396        5397.4250840314171     
   25.265999999979396        5403.1075737134406     
   25.285999999979396        5409.0045930547049     
   25.305999999979395        5415.1150676043371     
   25.325999999979395        5421.4366700413138     
   25.345999999979394        5427.9657897875804     
   25.365999999979394        5434.7012335803865     
   25.385999999979393        5441.6528066425244     
   25.405999999979397        5448.8400778402092     
   25.425999999979396        5456.2806636043006     
   25.445999999979396        5463.9655255506277     
   25.465999999979395        5471.7927146773791     
   25.485999999979395        5479.6802497605977     
   25.505999999979394        5487.6503474164329     
   25.525999999979394        5495.7421304463433     
   25.545999999979394        5503.9923111035878     
   25.565999999979397        5512.4342977265842     
   25.585999999979396        5521.0814729621352     
   25.605999999979396        5529.9130831390767     
   25.625999999979395        5538.8929346280574     
   25.645999999979395        5548.0119983021450     
   25.665999999979395        5557.2873120599061     
   25.685999999979394        5566.7444424670166     
   25.705999999979394        5576.4052003657835     
   25.725999999979393        5586.1774205190777     
   25.745999999979396        5595.9310726676113     
   25.765999999979396        5605.6405189164725     
   25.785999999979396        5615.3286690416635     
   25.805999999979395        5625.0239953556638     
   25.825999999979395        5634.7548150458806     
   25.845999999979394        5644.5447959357034     
   25.865999999979394        5654.4001536929109     
   25.885999999979393        5664.3196293575947     
   25.905999999979397        5674.3041124611045     
   25.925999999979396        5684.3608377408473     
   25.945999999979396        5694.4931043764891     
   25.965999999979395        5704.7024297094667     
   25.985999999979395        5714.9904630446163     
   26.005999999979394        5725.3597452779286     
   26.025999999979394        5619.6124178963491     
   26.045999999979394        5629.6441528761115     
   26.065999999979397        5688.1998475992650     
   26.085999999979396        5698.5010892185937     
   26.105999999979396        5708.8651198920588     
   26.125999999979395        5719.2877385587017     
   26.145999999979395        5729.7648141487653     
   26.165999999979395        5740.2921869118027     
   26.185999999979394        5750.8655331765822     
   26.205999999979394        5761.4790915122248     
   26.225999999979393        5772.1270029898051     
   26.245999999979396        5782.8065048195222     
   26.265999999979396        5793.5047963967609     
   26.285999999979396        5804.1771317603143     
   26.305999999979395        5814.7736039287420     
   26.325999999979395        5825.2392537276464     
   26.345999999979394        5835.5090051967281     
   26.365999999979394        5747.8439720943652     
   26.385999999979393        5758.1014416275775     
   26.405999999979397        5768.3673254639734     
   26.425999999979396        5830.0967316886663     
   26.445999999979396        5840.4631288288374     
   26.465999999979395        5850.8204899915463     
   26.485999999979395        5861.1714099513674     
   26.505999999979394        5871.5186103913375     
   26.525999999979394        5881.8760548577648     
   26.545999999979394        5892.2659000151198     
   26.565999999979397        5902.7111968277559     
   26.585999999979396        5913.2361438200896     
   26.605999999979396        5923.8508570203858     
   26.625999999979395        5934.5594846131307     
   26.645999999979395        5945.3672378353795     
   26.665999999979395        6009.9388083426556     
   26.685999999979394        6021.0619258216011     
   26.705999999979394        6032.3046754205161     
   26.725999999979393        6043.6724050078828     
   26.745999999979396        6055.0619028288529     
   26.765999999979396        6066.3576336040787     
   26.785999999979396        6077.5739705181786     
   26.805999999979395        6088.7292669192393     
   26.825999999979395        6099.8402169069823     
   26.845999999979394        6110.9220970149208     
   26.865999999979394        6121.9895420112589     
   26.885999999979393        6133.0460496144096     
   26.905999999979397        6144.0792274012729     
   26.925999999979396        6210.6000610950032     
   26.945999999979396        6221.7024079889516     
   26.965999999979395        6289.4189866388815     
   26.985999999979395        6300.7029785014602     
   27.005999999979394        6312.0253706736567     
   27.025999999979394        6323.3332714230837     
   27.045999999979394        6334.5636210595731     
   27.065999999979397        6345.6569229936704     
   27.085999999979396        6356.5509928574575     
   27.105999999979396        6301.5746581924150     
   27.125999999979395        6312.2600980153838     
   27.145999999979395        6380.8209943338697     
   27.165999999979395        6391.4812067617968     
   27.185999999979394        6402.1121286553107     
   27.205999999979394        6412.7151322588152     
   27.225999999979393        6423.2724911443429     
   27.245999999979396        6433.7289399005085     
   27.265999999979396        6502.4330478353186     
   27.285999999979396        6512.7994516617309     
   27.305999999979395        6523.1068595039787     
   27.325999999979395        6533.3097064129151     
   27.345999999979394        6543.2739890683506     
   27.365999999979394        6672.7887243095838     
   27.385999999979393        6682.6413492995052     
   27.405999999979397        6692.4287519119234     
   27.425999999979396        6702.1374405870947     
   27.445999999979396        6711.7503439007660     
   27.465999999979395        6721.2064262345993     
   27.485999999979395        6791.1106332828585     
   27.505999999979394        6800.3725439346272     
   27.525999999979394        6809.5327784241090     
   27.545999999979394        6880.2918315456745     
   27.565999999979397        6889.5688780061091     
   27.585999999979396        6898.9224062057328     
   27.605999999979396        6908.2390712146416     
   27.625999999979395        6917.2495597427669     
   27.645999999979395        6925.8455103938741     
   27.665999999979395        6934.0456560731582     
   27.685999999979394        6941.8722804821036     
   27.705999999979394        6949.3707597917091     
   27.725999999979393        6956.6188324241093     
   27.745999999979396        6963.6802269379214     
   27.765999999979396        6970.5648161868439     
   27.785999999979396        6977.2716435299271     
   27.805999999979395        6983.8430940296194     
   27.825999999979395        6990.3273068659310     
   27.845999999979394        6996.7674153861935     
   27.865999999979394        7003.2016876646530     
   27.885999999979393        6963.7093933460374     
   27.905999999979397        7030.6043455912568     
   27.925999999979396        7035.9978361881485     
   27.945999999979396        7041.1900716833889     
   27.965999999979395        7046.1006839070014     
   27.985999999979395        7036.3137835537045     
   28.005999999979394        7040.8665132961887     
   28.025999999979394        7045.2398664265365     
   28.045999999979394        7049.3892376144431     
   28.065999999979397        7053.2728553547058     
   28.085999999979396        7056.7440580352977     
   28.105999999979396        7113.4484257594750     
   28.125999999979395        7116.2288829549998     
   28.145999999979395        7118.8211237142068     
   28.165999999979395        7182.1424233951248     
   28.185999999979394        7184.1831876463511     
   28.205999999979394        7185.9313326775800     
   28.225999999979393        7187.3529802058683     
   28.245999999979396        7188.4745983181347     
   28.265999999979396        7189.3311530781239     
   28.285999999979396        7189.9572564389300     
   28.305999999979395        7190.3837093483680     
   28.325999999979395        7190.6404691604139     
   28.345999999979394        7190.7582129242510     
   28.365999999979394        7190.6710113301879     
   28.385999999979393        7190.1206564345293     
   28.405999999979397        7189.1063262403068     
   28.425999999979396        7187.6623979481328     
   28.445999999979396        7185.8232808353559     
   28.465999999979395        7183.6211717682600     
   28.485999999979395        7094.3623327097994     
   28.505999999979394        7090.7837611191499     
   28.525999999979394        7086.9262512224850     
   28.545999999979394        7082.8177949332621     
   28.565999999979397        7078.4910024398978     
   28.585999999979396        7073.9872405570059     
   28.605999999979396        7069.3556657974705     
   28.625999999979395        7064.5990912577881     
   28.645999999979395        7059.6562579733591     
   28.665999999979395        7054.5000193231472     
   28.685999999979394        7049.1100723907048     
   28.705999999979394        7043.4666318896507     
   28.725999999979393        7037.5509165991461     
   28.745999999979396        7031.3575990941399     
   28.765999999979396        7089.3456964409143     
   28.785999999979396        7082.4144982283151     
   28.805999999979395        7075.2183015874889     
   28.825999999979395        7067.7848606034431     
   28.845999999979394        7060.1440930175804     
   28.865999999979394        7052.3255523320786     
   28.885999999979393        7044.3389091067993     
   28.905999999979397        7036.1155433599724     
   28.925999999979396        7027.5841852657168     
   28.945999999979396        7018.7577134567782     
   28.965999999979395        7009.6744073611135     
   28.985999999979395        7000.3743819214196     
   29.005999999979394        6990.8966831276939     
   29.025999999979394        6981.2264053740628     
   29.045999999979394        6971.2892972115860     
   29.065999999979397        6961.0602801026944     
   29.085999999979396        6950.5532743390932     
   29.105999999979396        6939.7814348704060     
   29.125999999979395        6928.7541910655864     
   29.145999999979395        6917.4831831244692     
   29.165999999979395        6905.9868528164989     
   29.185999999979394        6842.9020698561462     
   29.205999999979394        6830.2496281654185     
   29.225999999979393        6817.4314860528102     
   29.245999999979396        6804.4641801350190     
   29.265999999979396        6791.3603771603839     
   29.285999999979396        6778.1323251571748     
   29.305999999979395        6764.7884539132938     
   29.325999999979395        6706.7196863528216     
   29.345999999979394        6692.3850239835774     
   29.365999999979394        6677.9311206086722     
   29.385999999979393        6663.3617267214540     
   29.405999999979397        6648.6964193530275     
   29.425999999979396        6633.9586548572051     
   29.445999999979396        6619.1718962193736     
   29.465999999979395        6604.3500933987443     
   29.485999999979395        6589.4423151208739     
   29.505999999979394        6574.3769130199416     
   29.525999999979394        6559.1320012641399     
   29.545999999979394        6543.6998534588856     
   29.565999999979397        6527.9767563170681     
   29.585999999979396        6567.2679624209895     
   29.605999999979396        6480.6555458721068     
   29.625999999979395        6462.2086135181626     
   29.645999999979395        6366.1828505556950     
   29.665999999979395        6264.1861686940010     
   29.685999999979394        6242.4037802163866     
   29.705999999979394        6220.4775444474108     
   29.725999999979393        6198.4219187243489     
   29.745999999979396        6228.7789607018922     
   29.765999999979396        6181.6170735342084     
   29.785999999979396        6157.0150882208663     
