   1.2000000002444722E-002   1349.7313504052752     
   3.2000000002444726E-002   1350.1612462583805     
   5.2000000002444723E-002   1350.5738665621891     
   7.2000000002444720E-002   1350.8762499045567     
   9.2000000002444723E-002   1351.3085858544027     
  0.11200000000244473        1352.1976835475900     
  0.13200000000244472        1352.3872045877242     
  0.15200000000244474        1352.9321060814186     
  0.17200000000244473        1353.0009219187264     
  0.19200000000244472        1353.1599235837530     
  0.21200000000244473        1353.5757718953685     
  0.23200000000244472        1354.4153678677037     
  0.25200000000244471        1354.9413194111060     
  0.27200000000244473        1355.4290629267787     
  0.29200000000244475        1354.8085638318871     
  0.31200000000244471        1355.7969245348884     
  0.33200000000244473        1356.4644011601611     
  0.35200000000244475        1356.4706607058122     
  0.37200000000244471        1356.8600029542151     
  0.39200000000244473        1356.6879866574716     
  0.41200000000244474        1356.7605679547785     
  0.43200000000244471        1358.5466629747614     
  0.45200000000244472        1359.0147363339124     
  0.47200000000244474        1360.0073707999632     
  0.49200000000244470        1358.9186839021829     
  0.51200000000244472        1360.3990082959954     
  0.53200000000244474        1360.7332615469695     
  0.55200000000244476        1360.0740185329335     
  0.57200000000244478        1362.0772001589555     
  0.59200000000244468        1360.7584255130625     
  0.61200000000244470        1364.2085174778065     
  0.63200000000244472        1363.9661181750976     
  0.65200000000244474        1362.3733822957238     
  0.67200000000244475        1365.7859823409212     
  0.69200000000244477        1365.3665140812413     
  0.71200000000244479        1364.9009634922088     
  0.73200000000244470        1364.3815737038542     
  0.75200000000244471        1363.2079479375093     
  0.77200000000244473        1367.9729300808151     
  0.79200000000244475        1367.7835142730266     
  0.81200000000244477        1369.8605558621300     
  0.83200000000244478        1367.0928874851436     
  0.85200000000244469        1365.7213362384305     
  0.87200000000244471        1368.8929413667236     
  0.89200000000244473        1371.4777132533686     
  0.91200000000244474        1368.7492992757468     
  0.93200000000244476        1366.5695199960378     
  0.95200000000244478        1371.2390966804812     
  0.97200000000244469        1369.8494639173528     
  0.99200000000244470        1374.1839288940057     
   1.0120000000024447        1370.8963358538210     
   1.0320000000024447        1370.7334554699685     
   1.0520000000024448        1370.6086102609279     
   1.0720000000024448        1372.9047627769305     
   1.0920000000024448        1370.5824041029346     
   1.1120000000024448        1372.5999518985750     
   1.1320000000024448        1371.1009126817314     
   1.1520000000024448        1375.9065924071031     
   1.1720000000024446        1375.8726421562915     
   1.1920000000024447        1375.3617403866501     
   1.2120000000024447        1372.3640636657133     
   1.2320000000024447        1375.8493988748828     
   1.2520000000024447        1375.7380580656486     
   1.2720000000024447        1377.4785870241274     
   1.2920000000024447        1375.6090858806074     
   1.3120000000024448        1375.7189710334453     
   1.3320000000024448        1377.8708357248197     
   1.3520000000024448        1378.9131826982446     
   1.3720000000024448        1375.1707533032225     
   1.3920000000024448        1378.2779534462359     
   1.4120000000024449        1382.2660761742934     
   1.4320000000024447        1381.2811010460118     
   1.4520000000024447        1379.6191936959592     
   1.4720000000024447        1382.7277805375932     
   1.4920000000024447        1388.1867744702761     
   1.5120000000024447        1380.7531453510130     
   1.5320000000024447        1376.5684396320216     
   1.5520000000024448        1382.0917974943550     
   1.5720000000024448        1383.5912934177238     
   1.5920000000024448        1383.6309100638930     
   1.6120000000024448        1377.0911120746191     
   1.6320000000024448        1383.8193893222076     
   1.6520000000024448        1384.7596065795910     
   1.6720000000024449        1389.7365937386983     
   1.6920000000024447        1386.9008101670659     
   1.7120000000024447        1383.5288124916185     
   1.7320000000024447        1384.8606848892400     
   1.7520000000024447        1386.0872370947841     
   1.7720000000024447        1394.1922248588130     
   1.7920000000024447        1398.7121944064065     
   1.8120000000024448        1381.2748940619504     
   1.8320000000024448        1384.9968794906761     
   1.8520000000024448        1386.0071046503574     
   1.8720000000024448        1392.2565783531311     
   1.8920000000024448        1392.2543397454274     
   1.9120000000024449        1397.6222171559625     
   1.9320000000024447        1384.6343218549841     
   1.9520000000024447        1384.6483645132707     
   1.9720000000024447        1390.1454383412986     
   1.9920000000024447        1395.2692934292525     
   2.0120000000024447        1394.2937820801294     
   2.0320000000024447        1396.4559530372003     
   2.0520000000024448        1398.8224264870903     
   2.0720000000024448        1396.4691002840511     
   2.0920000000024448        1389.5112958973136     
   2.1120000000024448        1390.8207490346708     
   2.1320000000024448        1393.9524801755094     
   2.1520000000024448        1394.4160630326171     
   2.1720000000024449        1396.1337341371327     
   2.1920000000024449        1400.3920420863003     
   2.2120000000024449        1403.5860914873349     
   2.2320000000024449        1402.3624798033852     
   2.2520000000024449        1402.9864223847426     
   2.2720000000024450        1396.1073737131958     
   2.2920000000024450        1388.8953428589941     
   2.3120000000024450        1393.9499572510786     
   2.3320000000024446        1401.3891528317492     
   2.3520000000024446        1408.3035251030169     
   2.3720000000024446        1406.3645643944901     
   2.3920000000024446        1406.2504880163622     
   2.4120000000024446        1398.0297431624010     
   2.4320000000024447        1402.7312076288297     
   2.4520000000024447        1407.6188849594052     
   2.4720000000024447        1395.6893122000079     
   2.4920000000024447        1398.1402682226674     
   2.5120000000024447        1396.9425879634236     
   2.5320000000024447        1402.2635985676181     
   2.5520000000024448        1407.2080262736883     
   2.5720000000024448        1404.2321753843894     
   2.5920000000024448        1409.6864047186023     
   2.6120000000024448        1410.2483736353547     
   2.6320000000024448        1406.1818877058563     
   2.6520000000024448        1408.2035585797425     
   2.6720000000024449        1407.1672130143754     
   2.6920000000024449        1411.0187806721619     
   2.7120000000024449        1403.3024956887407     
   2.7320000000024449        1406.0101435586594     
   2.7520000000024449        1413.1043092398595     
   2.7720000000024450        1418.2132757167071     
   2.7920000000024450        1417.1240420361453     
   2.8120000000024450        1422.6138464641765     
   2.8320000000024446        1417.6195545224309     
   2.8520000000024446        1418.9430174408212     
   2.8720000000024446        1424.2992912318525     
   2.8920000000024446        1411.9708080149803     
   2.9120000000024446        1412.8535192520385     
   2.9320000000024447        1410.8340111083764     
   2.9520000000024447        1416.3035307093658     
   2.9720000000024447        1422.5360980624575     
   2.9920000000024447        1426.5440470203669     
   3.0120000000024447        1412.0921445162653     
   3.0320000000024447        1409.9008425698535     
   3.0520000000024448        1406.1835763304996     
   3.0720000000024448        1411.1879591247439     
   3.0920000000024448        1416.1581728084761     
   3.1120000000024448        1420.1587445747002     
   3.1320000000024448        1418.5484524117787     
   3.1520000000024448        1416.8840392582938     
   3.1720000000024449        1417.2794066161578     
   3.1920000000024449        1418.4727196459298     
   3.2120000000024449        1401.9823239953928     
   3.2320000000024449        1405.6987100986503     
   3.2520000000024449        1406.0621796002795     
   3.2720000000024450        1411.4991411211374     
   3.2920000000024450        1416.0945061501532     
   3.3120000000024450        1420.3290916023773     
   3.3320000000024450        1421.7091464697612     
   3.3520000000024446        1427.3913091429749     
   3.3720000000024446        1426.2681201544528     
   3.3920000000024446        1417.9820080720397     
   3.4120000000024446        1418.3101171521023     
   3.4320000000024447        1418.3309395558888     
   3.4520000000024447        1422.4490682205728     
   3.4720000000024447        1423.3133012667145     
   3.4920000000024447        1427.4191335652661     
   3.5120000000024447        1432.6512483803317     
   3.5320000000024447        1434.4011065049940     
   3.5520000000024448        1437.8264931186152     
   3.5720000000024448        1443.6010100148151     
   3.5920000000024448        1436.8606628721031     
   3.6120000000024448        1424.6128191831508     
   3.6320000000024448        1419.7010105956633     
   3.6520000000024448        1424.3611283483690     
   3.6720000000024449        1428.0614213734359     
   3.6920000000024449        1429.6263407253541     
   3.7120000000024449        1423.2190519145427     
   3.7320000000024449        1431.4926622865116     
   3.7520000000024449        1435.7414271850084     
   3.7720000000024450        1431.1566766403896     
   3.7920000000024450        1433.1995014890017     
   3.8120000000024450        1436.9088720512891     
   3.8320000000024450        1441.7244472775722     
   3.8520000000024446        1442.3157188317489     
   3.8720000000024446        1430.2898448706198     
   3.8920000000024446        1432.2063273662704     
   3.9120000000024446        1436.5884940384271     
   3.9320000000024447        1442.9776317127348     
   3.9520000000024447        1445.7374784009157     
   3.9720000000024447        1448.4314939146802     
   3.9920000000024447        1443.7002547944694     
   4.0120000000024447        1438.8833780868104     
   4.0320000000024452        1442.3406716949980     
   4.0520000000024448        1441.9451630921367     
   4.0720000000024452        1445.5278936781363     
   4.0920000000024448        1443.6240735409044     
   4.1120000000024444        1436.0332313048950     
   4.1320000000024448        1436.4940245272401     
   4.1520000000024444        1441.1501850004406     
   4.1720000000024449        1448.1089097749773     
   4.1920000000024444        1442.7086897420288     
   4.2120000000024449        1446.5358533888277     
   4.2320000000024445        1445.2553090205638     
   4.2520000000024449        1451.2723179979857     
   4.2720000000024445        1447.6907663583204     
   4.2920000000024450        1443.3682961576039     
   4.3120000000024445        1448.0360215603953     
   4.3320000000024450        1444.8888051070342     
   4.3520000000024446        1443.8482852996181     
   4.3720000000024450        1444.6972761378745     
   4.3920000000024446        1444.9819102130962     
   4.4120000000024451        1446.8108386419115     
   4.4320000000024447        1451.3988620813279     
   4.4520000000024451        1458.1464901303182     
   4.4720000000024447        1462.6616961303416     
   4.4920000000024451        1464.7741169538517     
   4.5120000000024447        1445.6602913677807     
   4.5320000000024452        1445.6865826119629     
   4.5520000000024448        1446.3632921575204     
   4.5720000000024452        1443.2738391004568     
   4.5920000000024448        1447.4268874643385     
   4.6120000000024453        1450.5813695731131     
   4.6320000000024448        1453.1453783285940     
   4.6520000000024444        1457.6782686970882     
   4.6720000000024449        1462.8022109836079     
   4.6920000000024444        1464.5592668658594     
   4.7120000000024449        1465.7262061617732     
   4.7320000000024445        1460.9659563568578     
   4.7520000000024449        1464.7107077979206     
   4.7720000000024445        1463.0450900682824     
   4.7920000000024450        1463.2246571435303     
   4.8120000000024445        1443.0784728411777     
   4.8320000000024450        1442.7907075039120     
   4.8520000000024446        1447.1965954389011     
   4.8720000000024450        1451.4220976913252     
   4.8920000000024446        1450.3478381528801     
   4.9120000000024451        1453.6589834848853     
   4.9320000000024447        1451.2494919355543     
   4.9520000000024451        1449.6845898663521     
   4.9720000000024447        1450.0754898661080     
   4.9920000000024451        1454.3332242569920     
   5.0120000000024447        1448.9465917880484     
   5.0320000000024452        1450.8844212327524     
   5.0520000000024448        1454.9982642182199     
   5.0720000000024452        1457.8732513590562     
   5.0920000000024448        1464.0019355214142     
   5.1120000000024453        1464.9390006710048     
   5.1320000000024448        1465.8053570200886     
   5.1520000000024444        1467.4961738295772     
   5.1720000000024449        1472.2275271607339     
   5.1920000000024444        1470.5596650671548     
   5.2120000000024449        1476.1646272842333     
   5.2320000000024445        1478.4883363139488     
   5.2520000000024449        1474.7531485911502     
   5.2720000000024445        1479.4676420790390     
   5.2920000000024450        1484.4109101111842     
   5.3120000000024445        1489.4025063746819     
   5.3320000000024450        1490.3854376022389     
   5.3520000000024446        1484.9559723982525     
   5.3720000000024450        1493.2665482267707     
   5.3920000000024446        1493.6166215270587     
   5.4120000000024451        1473.3339973331224     
   5.4320000000024447        1464.5823925133184     
   5.4520000000024451        1465.7483780331852     
   5.4720000000024447        1471.2421884515757     
   5.4920000000024451        1476.1177515094046     
   5.5120000000024447        1479.8623070432427     
   5.5320000000024452        1483.9985448067901     
   5.5520000000024448        1484.4020201351234     
   5.5720000000024452        1491.6252725673603     
   5.5920000000024448        1495.9574567463342     
   5.6120000000024453        1503.9122346729821     
   5.6320000000024448        1499.0628369065266     
   5.6520000000024444        1501.1969466794581     
   5.6720000000024449        1504.8858148548468     
   5.6920000000024444        1508.4607775304187     
   5.7120000000024449        1512.7152471850050     
   5.7320000000024445        1508.3695794390314     
   5.7520000000024449        1510.4847608951954     
   5.7720000000024445        1491.4488149526269     
   5.7920000000024450        1487.9217961154870     
   5.8120000000024445        1487.0080966711278     
   5.8320000000024450        1488.9399344141809     
   5.8520000000024446        1481.7161664574235     
   5.8720000000024450        1484.8968367010918     
   5.8920000000024446        1486.4426382920683     
   5.9120000000024451        1486.7968278998799     
   5.9320000000024447        1493.9842099226785     
   5.9520000000024451        1494.8234026861498     
   5.9720000000024447        1497.7116365025465     
   5.9920000000024451        1493.1599387955048     
   6.0120000000024447        1483.4871553989112     
   6.0320000000024452        1486.5766168347623     
   6.0520000000024448        1486.5720926474746     
   6.0720000000024452        1483.4793753730276     
   6.0920000000024448        1477.3152860109735     
   6.1120000000024453        1479.5407540677936     
   6.1320000000024448        1486.5694898402098     
   6.1520000000024453        1489.2899203133516     
   6.1720000000024449        1486.3955223006176     
   6.1920000000024444        1497.3492898819477     
   6.2120000000024449        1496.6074133858253     
   6.2320000000024445        1501.3917867929417     
   6.2520000000024449        1503.5520533649772     
   6.2720000000024445        1496.1894080078582     
   6.2920000000024450        1491.2960611420642     
   6.3120000000024445        1494.7931575460966     
   6.3320000000024450        1488.2671914113896     
   6.3520000000024446        1490.5426003653918     
   6.3720000000024450        1492.7864733582110     
   6.3920000000024446        1484.9834460622171     
   6.4120000000024451        1485.0778916098113     
   6.4320000000024447        1482.5029862835381     
   6.4520000000024451        1477.3154250120824     
   6.4720000000024447        1478.7901116227879     
   6.4920000000024451        1479.0767111810969     
   6.5120000000024447        1481.1029366762350     
   6.5320000000024452        1489.9374546197787     
   6.5520000000024448        1492.4559657547902     
   6.5720000000024452        1493.2701294018884     
   6.5920000000024448        1495.2728213598737     
   6.6120000000024453        1498.3692833044202     
   6.6320000000024448        1499.0393906357772     
   6.6520000000024453        1500.0804410644826     
   6.6720000000024449        1507.4387176579335     
   6.6920000000024444        1511.5995743592800     
   6.7120000000024449        1515.2799928896293     
   6.7320000000024445        1518.8398421285860     
   6.7520000000024449        1505.7725891060650     
   6.7720000000024445        1493.6175009809431     
   6.7920000000024450        1489.4894442583450     
   6.8120000000024445        1493.0573681903472     
   6.8320000000024450        1487.6874680118331     
   6.8520000000024446        1488.2622303801911     
   6.8720000000024450        1485.8242352008690     
   6.8920000000024446        1491.3660280366885     
   6.9120000000024451        1499.2655370000207     
   6.9320000000024447        1501.7123992267766     
   6.9520000000024451        1504.7798680802252     
   6.9720000000024447        1508.3483094672358     
   6.9920000000024451        1511.9423106698207     
   7.0120000000024447        1518.3111950231848     
   7.0320000000024452        1521.5069033495645     
   7.0520000000024448        1521.7431121424138     
   7.0720000000024452        1523.1436304416638     
   7.0920000000024448        1527.9570033392547     
   7.1120000000024453        1524.8979614209081     
   7.1320000000024448        1523.6634066361926     
   7.1520000000024453        1518.3747848957807     
   7.1720000000024449        1518.7331809088212     
   7.1920000000024444        1516.2045140249661     
   7.2120000000024449        1492.8778316071378     
   7.2320000000024445        1495.9912301059946     
   7.2520000000024449        1491.6786876097892     
   7.2720000000024445        1496.4118039519133     
   7.2920000000024450        1495.7036845701680     
   7.3120000000024445        1492.8126304866223     
   7.3320000000024450        1494.3224423982113     
   7.3520000000024446        1494.9936319827568     
   7.3720000000024450        1499.0010455323848     
   7.3920000000024446        1498.6134139186672     
   7.4120000000024451        1492.9919978770899     
   7.4320000000024447        1498.1745587050100     
   7.4520000000024451        1503.4882453257178     
   7.4720000000024447        1506.9968175492579     
   7.4920000000024451        1507.0435654497796     
   7.5120000000024447        1499.7485387377105     
   7.5320000000024452        1500.4550528909638     
   7.5520000000024448        1502.7261045570274     
   7.5720000000024452        1505.0640250253014     
   7.5920000000024448        1505.4781428642291     
   7.6120000000024453        1507.0300048813638     
   7.6320000000024448        1510.6489988760511     
   7.6520000000024453        1514.4103423346080     
   7.6720000000024449        1517.8247829827194     
   7.6920000000024444        1518.2314116140722     
   7.7120000000024449        1517.8472363233782     
   7.7320000000024445        1518.6715627089709     
   7.7520000000024449        1522.5783212703739     
   7.7720000000024445        1526.4905828935518     
   7.7920000000024450        1530.2643860486876     
   7.8120000000024445        1533.1939380753638     
   7.8320000000024450        1535.6365855741544     
   7.8520000000024446        1542.5585916221391     
   7.8720000000024450        1538.5974288529399     
   7.8920000000024446        1542.2672795754588     
   7.9120000000024451        1546.5467368193724     
   7.9320000000024447        1547.9572898326285     
   7.9520000000024451        1552.1238754409424     
   7.9720000000024447        1549.2927510331310     
   7.9920000000024451        1543.4035263691655     
   8.0120000000024447        1550.2827446565145     
   8.0320000000024443        1541.3391407480738     
   8.0520000000024456        1541.3076442098766     
   8.0720000000024452        1544.2439917118106     
   8.0920000000024448        1544.0747874370456     
   8.1120000000024444        1547.2781886640921     
   8.1320000000024457        1547.8025973265892     
   8.1520000000024453        1548.4029116760250     
   8.1720000000024449        1552.1177879544309     
   8.1920000000024444        1553.2378600165482     
   8.2120000000024440        1547.5083563793976     
   8.2320000000024454        1552.4366602840498     
   8.2520000000024449        1553.9448622607676     
   8.2720000000024445        1557.7561697012529     
   8.2920000000024441        1558.2811718294047     
   8.3120000000024454        1562.3303857078927     
   8.3320000000024450        1563.2831945765683     
   8.3520000000024446        1566.3429725170106     
   8.3720000000024442        1567.8653848663544     
   8.3920000000024455        1568.0845353107004     
   8.4120000000024451        1569.7899712244980     
   8.4320000000024447        1573.1295694475559     
   8.4520000000024442        1569.1920645202233     
   8.4720000000024456        1568.2697482435385     
   8.4920000000024451        1569.0081340523907     
   8.5120000000024447        1566.9750797265378     
   8.5320000000024443        1566.1645548123226     
   8.5520000000024456        1565.5157467956196     
   8.5720000000024452        1567.3206072643343     
   8.5920000000024448        1569.8487073524454     
   8.6120000000024444        1571.1684936905015     
   8.6320000000024457        1567.6309681901737     
   8.6520000000024453        1569.6294556169494     
   8.6720000000024449        1560.4568332899817     
   8.6920000000024444        1563.1162400126855     
   8.7120000000024458        1561.4785142029334     
   8.7320000000024454        1561.1080677665373     
   8.7520000000024449        1564.1874035477915     
   8.7720000000024445        1563.7269475983790     
   8.7920000000024441        1563.4277658130882     
   8.8120000000024454        1566.5753689866963     
   8.8320000000024450        1566.5367369136311     
   8.8520000000024446        1573.8010531312559     
   8.8720000000024442        1577.8300107473533     
   8.8920000000024455        1585.5831095654428     
   8.9120000000024451        1592.7277735450891     
   8.9320000000024447        1594.2887949185406     
   8.9520000000024442        1599.5517370538885     
   8.9720000000024456        1601.4244039200062     
   8.9920000000024451        1603.0544323177687     
   9.0120000000024447        1585.4873070445713     
   9.0320000000024443        1553.3231368840572     
   9.0520000000024456        1546.6058562450394     
   9.0720000000024452        1550.7574451116325     
   9.0920000000024448        1551.2150845624449     
   9.1120000000024444        1551.8075697881504     
   9.1320000000024457        1544.5563718582312     
   9.1520000000024453        1548.9777404427223     
   9.1720000000024449        1547.0519698300816     
   9.1920000000024444        1550.9524981916343     
   9.2120000000024458        1554.6021513767516     
   9.2320000000024454        1558.4100710246096     
   9.2520000000024449        1558.5576919188743     
   9.2720000000024445        1566.3509938884818     
   9.2920000000024441        1565.9713904519326     
   9.3120000000024454        1570.2063660836277     
   9.3320000000024450        1574.5079272386008     
   9.3520000000024446        1578.8439885197618     
   9.3720000000024442        1578.9613882527490     
   9.3920000000024455        1578.9059424187601     
   9.4120000000024451        1578.9446792568219     
   9.4320000000024447        1579.1059375252464     
   9.4520000000024442        1569.2708842650975     
   9.4720000000024456        1573.4663846331291     
   9.4920000000024451        1574.3184104746099     
   9.5120000000024447        1575.2534554843594     
   9.5320000000024443        1580.2933684567304     
   9.5520000000024456        1569.2084642386944     
   9.5720000000024452        1568.9852920482067     
   9.5920000000024448        1569.2597446258449     
   9.6120000000024444        1536.2145406528748     
   9.6320000000024457        1527.2230339153332     
   9.6520000000024453        1530.3790659356214     
   9.6720000000024449        1529.6584086103310     
   9.6920000000024444        1532.5374159807220     
   9.7120000000024458        1531.5826340704618     
   9.7320000000024454        1534.4563788634712     
   9.7520000000024449        1529.2183148104275     
   9.7720000000024445        1532.0977997565706     
   9.7920000000024441        1538.8389467545837     
   9.8120000000024454        1538.8241154210725     
   9.8320000000024450        1541.9921705195002     
   9.8520000000024446        1541.5601737965274     
   9.8720000000024442        1541.3459949721494     
   9.8920000000024455        1541.0456891192696     
   9.9120000000024451        1540.7428828777988     
   9.9320000000024447        1540.4176070571973     
   9.9520000000024442        1540.1074798984732     
   9.9720000000024456        1540.0877385333029     
   9.9920000000024451        1540.1264860486185     
   10.012000000002445        1540.7775232878487     
   10.032000000002444        1542.1230673811606     
   10.052000000002446        1544.7226281318005     
   10.072000000002445        1544.1703009231896     
   10.092000000002445        1549.0234129425569     
   10.112000000002444        1548.7567311012144     
   10.132000000002446        1545.9353478968474     
   10.152000000002445        1546.3277542320145     
   10.172000000002445        1546.3442122853896     
   10.192000000002444        1546.4575100352074     
   10.212000000002446        1546.5936541665862     
   10.232000000002445        1546.7197560016343     
   10.252000000002445        1546.8741574877547     
   10.272000000002445        1549.8121782628846     
   10.292000000002444        1548.6607621364362     
   10.312000000002445        1551.8955402367046     
   10.332000000002445        1552.0990538331350     
   10.352000000002445        1552.2406213884562     
   10.372000000002444        1555.8661725437910     
   10.392000000002446        1559.0090956037363     
   10.412000000002445        1558.9968536573772     
   10.432000000002445        1557.5506498931215     
   10.452000000002444        1562.6155328302027     
   10.472000000002446        1563.0140483258515     
   10.492000000002445        1564.0248489227949     
   10.512000000002445        1564.0636679711210     
   10.532000000002444        1567.5981911800563     
   10.552000000002446        1567.7033250491331     
   10.572000000002445        1573.5734986930470     
   10.592000000002445        1572.4430838943729     
   10.612000000002444        1569.7332705822382     
   10.632000000002446        1568.0281319731928     
   10.652000000002445        1562.6174298443736     
   10.672000000002445        1566.8016052797561     
   10.692000000002444        1566.7809211955866     
   10.712000000002446        1559.1429201898898     
   10.732000000002445        1563.3505723098779     
   10.752000000002445        1563.1877444892305     
   10.772000000002445        1562.9800876439399     
   10.792000000002444        1558.7568287588952     
   10.812000000002445        1558.3699207288278     
   10.832000000002445        1558.1252554644025     
   10.852000000002445        1553.6891155116014     
   10.872000000002444        1548.2169344741419     
   10.892000000002446        1555.0043818843626     
   10.912000000002445        1558.1019417694986     
   10.932000000002445        1560.5944145313329     
   10.952000000002444        1565.1719083251123     
   10.972000000002446        1569.3447205580310     
   10.992000000002445        1575.1874944204494     
   11.012000000002445        1579.9714728394149     
   11.032000000002444        1580.3492171339688     
   11.052000000002446        1585.5692763202646     
   11.072000000002445        1591.2092385219382     
   11.092000000002445        1592.1147989635924     
   11.112000000002444        1593.1098823604368     
   11.132000000002446        1601.7650066003498     
   11.152000000002445        1607.9482686307394     
   11.172000000002445        1609.3508165147723     
   11.192000000002444        1612.2623796243893     
   11.212000000002446        1623.6282656815865     
   11.232000000002445        1625.0145870751353     
   11.252000000002445        1626.1986304931895     
   11.272000000002445        1619.7876368801487     
   11.292000000002444        1620.6397115455372     
   11.312000000002445        1621.5614390341207     
   11.332000000002445        1622.5337952389607     
   11.352000000002445        1623.5919354016942     
   11.372000000002444        1632.9339951652760     
   11.392000000002446        1634.1909119380505     
   11.412000000002445        1635.5049704869191     
   11.432000000002445        1641.9348052852524     
   11.452000000002444        1643.1454822310625     
   11.472000000002446        1644.7346896266927     
   11.492000000002445        1645.6369222859059     
   11.512000000002445        1646.3615419723963     
   11.532000000002444        1647.0458198018571     
   11.552000000002446        1647.8578313030114     
   11.572000000002445        1653.9701231957440     
   11.592000000002445        1655.1241211304850     
   11.612000000002444        1656.4326465726531     
   11.632000000002446        1662.8633493779043     
   11.652000000002445        1669.3848059141276     
   11.672000000002445        1670.7385951613837     
   11.692000000002444        1682.0007595628017     
   11.712000000002446        1688.1209947500499     
   11.732000000002445        1688.7821600881507     
   11.752000000002445        1689.4619175465182     
   11.772000000002445        1690.2253867484176     
   11.792000000002444        1707.1007831909594     
   11.812000000002445        1700.6052118426298     
   11.832000000002445        1701.7351478045953     
   11.852000000002445        1703.1501162891641     
   11.872000000002444        1710.4339704005613     
   11.892000000002446        1711.9219657536339     
   11.912000000002445        1713.0217717911191     
   11.932000000002445        1713.8763024627340     
   11.952000000002444        1703.7127014446210     
   11.972000000002446        1704.3563091836781     
   11.992000000002445        1704.9735056858888     
   12.012000000002445        1698.9143399991176     
   12.032000000002444        1685.4591133161930     
   12.052000000002446        1688.3465177996313     
   12.072000000002445        1688.4318496139863     
   12.092000000002445        1686.7297524197566     
   12.112000000002444        1686.4456749612789     
   12.132000000002446        1686.7374062088616     
   12.152000000002445        1686.3926749565730     
   12.172000000002445        1687.2780156043880     
   12.192000000002444        1687.0955951610163     
   12.212000000002446        1686.9652714165654     
   12.232000000002445        1686.8244569220312     
   12.252000000002445        1686.6562786345171     
   12.272000000002445        1686.4689076018885     
   12.292000000002446        1686.2957309165567     
   12.312000000002445        1686.1646164039466     
   12.332000000002445        1685.9895943844119     
   12.352000000002445        1691.3561509369104     
   12.372000000002444        1691.2081985791613     
   12.392000000002446        1702.4936049668668     
   12.412000000002445        1708.1166043827973     
   12.432000000002445        1707.9396712798812     
   12.452000000002444        1707.9066718927577     
   12.472000000002446        1712.8765749839097     
   12.492000000002445        1712.9811263222700     
   12.512000000002445        1712.7347774747202     
   12.532000000002444        1703.4614896407290     
   12.552000000002446        1693.9895675708319     
   12.572000000002445        1693.3251446494551     
   12.592000000002445        1692.7612738496910     
   12.612000000002444        1695.2791528800067     
   12.632000000002446        1694.8838621321686     
   12.652000000002445        1694.5631207740651     
   12.672000000002445        1680.7752072533654     
   12.692000000002444        1680.2591909249595     
   12.712000000002446        1679.6369264321777     
   12.732000000002445        1678.8901689746592     
   12.752000000002445        1684.1747998464693     
   12.772000000002445        1683.5990362949435     
   12.792000000002446        1671.2281142091451     
   12.812000000002445        1670.2368087645277     
   12.832000000002445        1669.2778368953680     
   12.852000000002445        1660.6528433487235     
   12.872000000002444        1659.1615648318921     
   12.892000000002446        1662.3314106123198     
   12.912000000002445        1661.1070623508499     
   12.932000000002445        1659.9245571336844     
   12.952000000002444        1658.6717839119258     
   12.972000000002446        1663.2903755108618     
   12.992000000002445        1649.0883825090430     
   13.012000000002445        1647.6899155634605     
   13.032000000002444        1651.8651711144687     
   13.052000000002446        1668.1086554751009     
   13.072000000002445        1667.0223366461394     
   13.092000000002445        1666.0655748272902     
   13.112000000002444        1665.1435138017903     
   13.132000000002446        1664.2499445536939     
   13.152000000002445        1663.4450733179747     
   13.172000000002445        1662.8074103523343     
   13.192000000002444        1662.3658797426751     
   13.212000000002446        1667.7238894684226     
   13.232000000002445        1667.3369846219919     
   13.252000000002445        1667.0223214660282     
   13.272000000002445        1666.9464945363636     
   13.292000000002446        1667.0882060067852     
   13.312000000002445        1667.3530462229919     
   13.332000000002445        1673.6499826024724     
   13.352000000002445        1680.2937954336369     
   13.372000000002444        1680.8035137867280     
   13.392000000002446        1686.6463393619395     
   13.412000000002445        1693.9692123229363     
   13.432000000002445        1695.2721083505887     
   13.452000000002444        1696.6432840326195     
   13.472000000002446        1698.0047571484774     
   13.492000000002445        1682.7380613431310     
   13.512000000002445        1683.8210133720695     
   13.532000000002444        1651.2089666240372     
   13.552000000002446        1658.4283868929333     
   13.572000000002445        1642.0470090184949     
   13.592000000002445        1643.1374621762825     
   13.612000000002444        1650.4227035814674     
   13.632000000002446        1651.3055056781538     
   13.652000000002445        1652.1927392123650     
   13.672000000002445        1653.1914412625079     
   13.692000000002444        1654.2880994342406     
   13.712000000002446        1655.4812364920108     
   13.732000000002445        1662.8617182316598     
   13.752000000002445        1664.2259968622125     
   13.772000000002445        1678.3892299189106     
   13.792000000002446        1686.0757525903559     
   13.812000000002445        1687.5722305075169     
   13.832000000002445        1695.7048250522964     
   13.852000000002445        1697.2486167078866     
   13.872000000002444        1698.7953693428722     
   13.892000000002446        1700.3599943615714     
   13.912000000002445        1708.6557836681295     
   13.932000000002445        1717.0653978321027     
   13.952000000002444        1719.7909667809256     
   13.972000000002446        1721.4055891893374     
   13.992000000002445        1723.0420778737000     
   14.012000000002445        1738.3195792711574     
   14.032000000002444        1739.9490114650812     
   14.052000000002446        1741.4239663680098     
   14.072000000002445        1742.7368492416610     
   14.092000000002445        1743.9182984464358     
   14.112000000002444        1744.1879526269529     
   14.132000000002446        1744.0756757961192     
   14.152000000002445        1743.6750519849224     
   14.172000000002445        1742.8179187178910     
   14.192000000002444        1743.4589550683881     
   14.212000000002446        1751.3207627081201     
   14.232000000002445        1752.3516286181286     
   14.252000000002445        1753.6609308289667     
   14.272000000002445        1755.2798861016265     
   14.292000000002446        1764.3237660765460     
   14.312000000002445        1747.0341569893124     
   14.332000000002445        1748.7520723201239     
   14.352000000002445        1750.2671483364597     
   14.372000000002444        1751.3842749609273     
   14.392000000002446        1727.8166660280510     
   14.412000000002445        1714.5496844833726     
   14.432000000002445        1694.3258364231683     
   14.452000000002444        1700.6097994530228     
   14.472000000002446        1699.8262533750230     
   14.492000000002445        1692.1202140415219     
   14.512000000002445        1691.3476300210004     
   14.532000000002444        1697.7556010711146     
   14.552000000002446        1697.1863567207060     
   14.572000000002445        1696.4916026593307     
   14.592000000002445        1695.5819503259920     
   14.612000000002444        1708.2239413870059     
   14.632000000002446        1688.0359814229928     
   14.652000000002445        1693.6180089962459     
   14.672000000002445        1692.0006106450769     
   14.692000000002444        1690.3940813285451     
   14.712000000002446        1688.8238668927024     
   14.732000000002445        1694.4020444041976     
   14.752000000002445        1692.9601400066774     
   14.772000000002445        1691.6154030761095     
   14.792000000002446        1690.3745930605887     
   14.812000000002445        1689.1765219065953     
   14.832000000002445        1687.9389329698402     
   14.852000000002445        1686.6740360969470     
   14.872000000002444        1685.4021355865025     
   14.892000000002446        1684.1434740354723     
   14.912000000002445        1682.9081113092052     
   14.932000000002445        1681.6993863715304     
   14.952000000002444        1680.4011049543763     
   14.972000000002446        1678.8220582653698     
   14.992000000002445        1676.9145959878831     
   15.012000000002445        1674.7439728996746     
   15.032000000002444        1656.9154732753068     
   15.052000000002446        1657.6465756494695     
   15.072000000002445        1654.6121746608678     
   15.092000000002445        1651.4939486521071     
   15.112000000002444        1654.4365760063101     
   15.132000000002446        1651.2355779752545     
   15.152000000002445        1648.0676547224907     
   15.172000000002445        1644.9395697820451     
   15.192000000002444        1641.8561336604625     
   15.212000000002446        1635.5698037130940     
   15.232000000002445        1632.1786954176685     
   15.252000000002445        1628.8274905156923     
   15.272000000002445        1625.4760747228372     
   15.292000000002446        1622.6197656461040     
   15.312000000002445        1618.9121270484757     
   15.332000000002445        1614.9639384950260     
   15.352000000002445        1610.7724132176343     
   15.372000000002444        1606.4063350245576     
   15.392000000002446        1601.9527391455124     
   15.412000000002445        1597.4930440028966     
   15.432000000002445        1591.0754049169452     
   15.452000000002444        1586.6066541564644     
   15.472000000002446        1582.1768254171307     
   15.492000000002445        1577.6053157938666     
   15.512000000002445        1572.8658032434014     
   15.532000000002444        1568.0209704308188     
   15.552000000002446        1563.0651501471111     
   15.572000000002445        1557.8545060688036     
   15.592000000002445        1557.7526604290911     
   15.612000000002444        1551.9863593342682     
   15.632000000002446        1545.7371309304567     
   15.652000000002445        1530.5213711970750     
   15.672000000002445        1532.3451696739114     
   15.692000000002444        1525.5145227906114     
   15.712000000002446        1518.6182935151080     
   15.732000000002445        1511.6998533312610     
   15.752000000002445        1486.7250739400552     
   15.772000000002445        1479.5080447971955     
   15.792000000002446        1472.4411202258871     
   15.812000000002445        1465.5442186849777     
   15.832000000002445        1457.8255709052835     
   15.852000000002445        1450.6809036863938     
   15.872000000002446        1443.2755009926993     
   15.892000000002446        1435.6329239871075     
   15.912000000002445        1427.7942224106700     
   15.932000000002445        1402.8869866203083     
   15.952000000002444        1394.5235406670947     
   15.972000000002446        1369.4671138216993     
   15.992000000002445        1360.4972295034420     
   16.012000000002445        1351.4943712735601     
   16.032000000002444        1326.2293620968492     
   16.052000000002444        1300.4392453362411     
   16.072000000002443        1296.3392881211755     
   16.092000000002447        1285.9650760705201     
   16.112000000002446        1281.4888507380274     
   16.132000000002446        1270.5827140784570     
   16.152000000002445        1259.4730777835478     
   16.172000000002445        1248.2373136069136     
   16.192000000002444        1235.7701103710510     
   16.212000000002444        1224.5774820711129     
   16.232000000002444        1213.5458337287880     
   16.252000000002447        1202.6053003638317     
   16.272000000002446        1191.7445224145192     
   16.292000000002446        1180.7076761671954     
   16.312000000002445        1169.4762624173150     
   16.332000000002445        1158.1481999249663     
   16.352000000002445        1146.7971834304956     
   16.372000000002444        1134.2511500467356     
   16.392000000002444        1122.8570829537184     
   16.412000000002443        1117.0755055061682     
   16.432000000002446        1104.7712412700953     
   16.452000000002446        1093.2096324317702     
   16.472000000002446        1085.8421379961060     
   16.492000000002445        1073.6119732114400     
   16.512000000002445        1061.3434991466927     
   16.532000000002444        1049.0832987759036     
   16.552000000002444        1036.7985977706549     
   16.572000000002443        1024.4432818803878     
   16.592000000002447        1012.1633965530548     
   16.612000000002446        1000.1151978544268     
   16.632000000002446        988.24460829508973     
   16.652000000002445        976.29059300344920     
   16.672000000002445        964.08548904834856     
   16.692000000002444        952.78400497924463     
   16.712000000002444        940.17425295032513     
   16.732000000002444        932.07941018760994     
   16.752000000002447        919.35126840972487     
   16.772000000002446        906.56490531005272     
   16.792000000002446        893.73430744217205     
   16.812000000002445        881.09991305982714     
   16.832000000002445        868.17944136789754     
   16.852000000002445        855.30928234915586     
   16.872000000002444        842.51011971754986     
   16.892000000002444        829.79503177649042     
   16.912000000002443        819.05073902179288     
   16.932000000002446        806.38401731883982     
   16.952000000002446        793.73725810400583     
   16.972000000002446        781.05875704659036     
   16.992000000002445        772.21443560832768     
   17.012000000002445        759.35653061468884     
   17.032000000002444        746.46357813156294     
   17.052000000002444        733.56516249050560     
   17.072000000002443        720.69298078452141     
   17.092000000002447        707.87728057404922     
   17.112000000002446        695.15146447949621     
   17.132000000002446        683.17536333220312     
   17.152000000002445        670.40727967336807     
   17.172000000002445        657.73709168066466     
   17.192000000002444        646.37865504866443     
   17.212000000002444        633.81786985869996     
   17.232000000002444        621.33246396091897     
   17.252000000002447        608.82479421312439     
   17.272000000002446        596.29762811396290     
   17.292000000002446        583.78821145196434     
   17.312000000002445        571.32290121077006     
   17.332000000002445        558.93312200515822     
   17.352000000002445        546.65522008821529     
   17.372000000002444        536.54175137461198     
   17.392000000002444        524.44973301786729     
   17.412000000002447        514.55621422360105     
   17.432000000002446        502.74605366499696     
   17.452000000002446        491.06657466553514     
   17.472000000002446        481.77039382629761     
   17.492000000002445        470.14068737599860     
   17.512000000002445        458.56798508385140     
   17.532000000002444        447.08930874181141     
   17.552000000002444        435.74806739777830     
   17.572000000002443        424.57681453140447     
   17.592000000002447        413.58681179350026     
   17.612000000002446        404.22213331013990     
   17.632000000002446        393.42413019480642     
   17.652000000002445        382.79078259636577     
   17.672000000002445        372.33810341873885     
   17.692000000002444        365.60047809831480     
   17.712000000002444        357.02593458268245     
   17.732000000002444        347.00128335333375     
   17.752000000002447        337.12291039712437     
   17.772000000002446        328.79478907276575     
   17.792000000002446        320.84055506834716     
   17.812000000002445        312.63070017055509     
   17.832000000002445        303.14974196849596     
   17.852000000002445        293.79487140358253     
   17.872000000002444        284.56456139367430     
   17.892000000002444        276.80185037992266     
   17.912000000002447        267.78238633810423     
   17.932000000002446        258.92059031741888     
   17.952000000002446        250.23023665387933     
   17.972000000002446        241.72284254902490     
   17.992000000002445        233.40484223372911     
   18.012000000002445        225.28208120541743     
   18.032000000002444        217.33633631318642     
   18.052000000002444        209.52083816436050     
   18.072000000002443        202.92082081062682     
   18.092000000002447        195.30072411314723     
   18.112000000002446        187.79071355843899     
   18.132000000002446        181.37877614969278     
   18.152000000002445        174.05829668838058     
   18.172000000002445        166.88241862080216     
   18.192000000002444        159.86967977893153     
   18.212000000002444        153.03757477026133     
   18.232000000002444        146.39557242023082     
   18.252000000002447        139.93285073545661     
   18.272000000002446        133.63740831720435     
   18.292000000002446        127.48320632504065     
   18.312000000002445        121.72290852977093     
   18.332000000002445        115.87390269382706     
   18.352000000002445        111.38370318457163     
   18.372000000002444        105.78216567916678     
   18.392000000002444        100.42744096633788     
   18.412000000002447        95.105023334671614     
   18.432000000002446        90.419574786108512     
   18.452000000002446        85.344110418472596     
   18.472000000002446        80.396564507352011     
   18.492000000002445        75.570531015906241     
   18.512000000002445        70.874439841792167     
   18.532000000002444        66.428610973113535     
   18.552000000002444        62.366524222019152     
   18.572000000002443        58.227536769755631     
   18.592000000002447        54.509846793467105     
   18.612000000002446        50.590730688574880     
   18.632000000002446        46.720168412328917     
   18.652000000002445        42.997019295401287     
   18.672000000002445        39.587640407100167     
   18.692000000002444        36.174441635952320     
   18.712000000002444        32.914151028328448     
   18.732000000002444        29.807291367172521     
   18.752000000002447        26.854938508130370     
   18.772000000002446        24.058485470992494     
   18.792000000002446        21.420719054943440     
   18.812000000002445        18.944242610155033     
   18.832000000002445        16.630589001226088     
   18.852000000002445        14.480719063307907     
   18.872000000002444        12.491082521332716     
   18.892000000002444        10.659286994125669     
   18.912000000002447        8.9856109526605223     
   18.932000000002446        7.4252802463685690     
   18.952000000002446        6.0793987208825611     
   18.972000000002446        4.8869442042642683     
   18.992000000002445        3.8468866230004983     
   19.012000000002445        2.9584883051991420     
   19.032000000002444        2.2214554309326076     
   19.052000000002444        1.6408625182566652     
   19.072000000002443        1.2050743491060871     
   19.092000000002447       0.92053580901729959     
   19.112000000002446       0.78704371629005510     
   19.132000000002446       0.80903163475477347     
   19.152000000002445       0.98305409374954711     
   19.172000000002445        1.3036531057124223     
   19.192000000002444        1.7757497449859554     
   19.212000000002444        2.3993381548227628     
   19.232000000002444        3.1744282564904935     
   19.252000000002447        4.1009850411072728     
   19.272000000002446        5.1057930497138271     
   19.292000000002446        6.3155131480664979     
   19.312000000002445        7.6749681814303390     
   19.332000000002445        9.1859753011050067     
   19.352000000002445        10.849646077560848     
   19.372000000002444        12.511565757494953     
   19.392000000002444        14.449504108163872     
   19.412000000002447        16.533004076210922     
   19.432000000002446        18.760071247290213     
   19.452000000002446        21.089269369627587     
   19.472000000002446        22.844494320077850     
   19.492000000002445        25.411198670539090     
   19.512000000002445        28.120774271579641     
   19.532000000002444        31.003987312332569     
   19.552000000002444        33.909259273739700     
   19.572000000002443        37.051282051621214     
   19.592000000002447        40.264743253619208     
   19.612000000002446        43.702550446408956     
   19.632000000002446        47.274133014324860     
   19.652000000002445        51.011176834967721     
   19.672000000002445        54.889555415201805     
   19.692000000002444        58.907854017592520     
   19.712000000002444        63.067456494325079     
   19.732000000002444        67.370309617159606     
   19.752000000002447        71.818965007719783     
   19.772000000002446        76.414921562915197     
   19.792000000002446        81.154247907558045     
   19.812000000002445        86.031061279592350     
   19.832000000002445        91.041380162827565     
   19.852000000002445        96.186379478854320     
   19.872000000002444        101.46802985188245     
   19.892000000002444        106.88602775270070     
   19.912000000002447        112.43674890096432     
   19.932000000002446        118.11508516057766     
   19.952000000002446        123.91525663602388     
   19.972000000002446        129.83021643774200     
   19.992000000002445        135.85745308548115     
   20.012000000002445        142.00385617029630     
   20.032000000002444        148.30571758146604     
   20.052000000002444        154.77039318013539     
   20.072000000002443        155.71393163620681     
   20.092000000002447        162.30460630693318     
   20.112000000002446        169.02961147633948     
   20.132000000002446        175.87509608626590     
   20.152000000002445        182.33698603075578     
   20.172000000002445        189.40839110901732     
   20.192000000002444        196.57971897618961     
   20.212000000002444        203.88460287288953     
   20.232000000002444        211.34771356621573     
   20.252000000002447        218.96011655177151     
   20.272000000002446        226.71227436742893     
   20.292000000002446        226.81278056182228     
   20.312000000002445        234.61961506344213     
   20.332000000002445        242.53684840724642     
   20.352000000002445        250.56029865322003     
   20.372000000002444        258.68645365897737     
   20.392000000002444        266.91231434692941     
   20.412000000002447        275.23669902193177     
   20.432000000002446        283.67093121536311     
   20.452000000002446        292.21550176757040     
   20.472000000002446        300.86736003455815     
   20.492000000002445        309.62290105321784     
   20.512000000002445        318.47718653816594     
   20.532000000002444        327.42604634736773     
   20.552000000002444        336.46494549878594     
   20.572000000002443        345.58658621001172     
   20.592000000002447        354.78418150399233     
   20.612000000002446        364.05105077467505     
   20.632000000002446        373.38109018409102     
   20.652000000002445        382.76699449763385     
   20.672000000002445        392.20446312133498     
   20.692000000002444        401.69498033294980     
   20.712000000002444        411.23262139146311     
   20.732000000002444        422.29786840491863     
   20.752000000002447        431.94924133230415     
   20.772000000002446        441.62005927964918     
   20.792000000002446        452.12519651239700     
   20.812000000002445        462.03501271777549     
   20.832000000002445        472.05634729614815     
   20.852000000002445        482.17042847401279     
   20.872000000002444        492.42361600525237     
   20.892000000002444        502.84228816971921     
   20.912000000002447        507.03381630403737     
   20.932000000002446        517.63629986957972     
   20.952000000002446        528.31499501896872     
   20.972000000002446        539.04765727107292     
   20.992000000002445        549.82297787580774     
   21.012000000002445        560.62183317601352     
   21.032000000002444        571.42689601126290     
   21.052000000002444        583.98618048974527     
   21.072000000002443        594.79056776493292     
   21.092000000002447        605.55731442072806     
   21.112000000002446        616.28769689376463     
   21.132000000002446        626.99161387124457     
   21.152000000002445        628.67829782579065     
   21.172000000002445        639.29698519244050     
   21.192000000002444        649.92692981252083     
   21.212000000002444        641.34645652165307     
   21.232000000002444        651.76033443605843     
   21.252000000002447        651.95627081338853     
   21.272000000002446        662.37539336678526     
   21.292000000002446        642.83465598976863     
   21.312000000002445        653.02559080252377     
   21.332000000002445        663.29530452345261     
   21.352000000002445        673.64782519642449     
   21.372000000002444        684.11826539030960     
   21.392000000002444        694.73198911733084     
   21.412000000002447        673.71630911592888     
   21.432000000002446        684.10169670065306     
   21.452000000002446        694.49677737556453     
   21.472000000002446        704.90010409699335     
   21.492000000002445        715.31056697458109     
   21.512000000002445        725.67729058933025     
   21.532000000002444        735.94397833787514     
   21.552000000002444        746.10266550585277     
   21.572000000002443        740.47120915085998     
   21.592000000002447        750.28177021024646     
   21.612000000002446        760.02697929490409     
   21.632000000002446        769.72246075149792     
   21.652000000002445        779.39007656047545     
   21.672000000002445        789.06090285355970     
   21.692000000002444        799.64501430859661     
   21.712000000002444        809.43399321782783     
   21.732000000002444        819.34231541625172     
   21.752000000002447        810.56533174437595     
   21.772000000002446        821.29645167248464     
   21.792000000002446        832.36688326820877     
   21.812000000002445        842.86398264124000     
   21.832000000002445        853.41982496347703     
   21.852000000002445        863.94509750700229     
   21.872000000002444        874.38198072605394     
   21.892000000002444        884.72489644187215     
   21.912000000002447        895.77324418917055     
   21.932000000002446        905.98579134240424     
   21.952000000002446        916.15595417665509     
   21.972000000002446        926.30368088239732     
   21.992000000002445        936.43817093506391     
   22.012000000002445        946.56223215946090     
   22.032000000002444        956.73753004961281     
   22.052000000002444        967.06144249343106     
   22.072000000002443        977.50974830823225     
   22.092000000002447        988.05570564625214     
   22.112000000002446        998.66931640961616     
   22.132000000002446        1009.3172471689899     
   22.152000000002445        1019.9734916567701     
   22.172000000002445        1030.6297490489308     
   22.192000000002444        1041.2802403079554     
   22.212000000002444        1051.9309043453279     
   22.232000000002444        1062.6042893534743     
   22.252000000002447        1073.3060841154804     
   22.272000000002446        1084.0484116081491     
   22.292000000002446        1094.8405898212488     
   22.312000000002445        1105.6904325945507     
   22.332000000002445        1116.6011642727951     
   22.352000000002445        1127.5658779444805     
   22.372000000002444        1138.5805052955595     
   22.392000000002444        1149.5061310964024     
   22.412000000002447        1160.5561577571641     
   22.432000000002446        1171.5028817462992     
   22.452000000002446        1182.2846083833610     
   22.472000000002446        1192.8773316591355     
   22.492000000002445        1203.3103327284621     
   22.512000000002445        1213.6211998481501     
   22.532000000002444        1193.5070754894300     
   22.552000000002444        1203.3949926045702     
   22.572000000002443        1213.2655834017767     
   22.592000000002447        1223.1367567594098     
   22.612000000002446        1233.0227160917295     
   22.632000000002446        1242.9444029229985     
   22.652000000002445        1252.9228457106444     
   22.672000000002445        1262.9709228572706     
   22.692000000002444        1273.0970901715968     
   22.712000000002444        1283.2964732570754     
   22.732000000002444        1293.5529114997169     
   22.752000000002447        1303.8462477639682     
   22.772000000002446        1314.1826328787965     
   22.792000000002446        1324.5454589899030     
   22.812000000002445        1334.9010089992667     
   22.832000000002445        1345.2229666642595     
   22.852000000002445        1355.4840554156726     
   22.872000000002444        1365.6547216976567     
   22.892000000002444        1375.7454823118494     
   22.912000000002447        1385.7451315282367     
   22.932000000002446        1394.9349761046249     
   22.952000000002446        1404.6966902950603     
   22.972000000002446        1414.3098090761309     
   22.992000000002445        1423.7576347328213     
   23.012000000002445        1433.0326492158183     
   23.032000000002444        1442.1648279347862     
   23.052000000002444        1451.2424014626865     
   23.072000000002443        1460.3267078859728     
   23.092000000002447        1469.4400928794178     
   23.112000000002446        1478.5972480401513     
   23.132000000002446        1487.7947608685565     
   23.152000000002445        1497.0408609268654     
   23.172000000002445        1506.3975980465566     
   23.192000000002444        1515.8392634607724     
   23.212000000002444        1525.2812786328195     
   23.232000000002444        1534.6438257657242     
   23.252000000002447        1543.9178132512507     
   23.272000000002446        1553.1342061558373     
   23.292000000002446        1562.3251392137051     
   23.312000000002445        1571.5003844308283     
   23.332000000002445        1580.5958115071805     
   23.352000000002445        1589.5309926781717     
   23.372000000002444        1598.2569494499915     
   23.392000000002444        1606.7871279597853     
   23.412000000002447        1615.1381515894229     
   23.432000000002446        1623.3485445254021     
   23.452000000002446        1631.4605506138807     
   23.472000000002446        1639.5092504751844     
   23.492000000002445        1647.5347814585962     
   23.512000000002445        1655.5537518317626     
   23.532000000002444        1663.5477231525704     
   23.552000000002444        1671.4705935629893     
   23.572000000002443        1679.3105986246844     
   23.592000000002447        1687.1824004178109     
   23.612000000002446        1664.5768353990563     
   23.632000000002446        1672.4031881644592     
   23.652000000002445        1680.3615213085507     
   23.672000000002445        1688.4395370978023     
   23.692000000002444        1696.6468664257777     
   23.712000000002444        1705.0344790426275     
   23.732000000002444        1713.5316442972733     
   23.752000000002447        1722.5660161776245     
   23.772000000002446        1730.8165466194860     
   23.792000000002446        1738.8022484827204     
   23.812000000002445        1746.5246327884402     
   23.832000000002445        1753.9920616711693     
   23.852000000002445        1761.3192669125156     
   23.872000000002444        1768.6336503405103     
   23.892000000002444        1775.9318185478987     
   23.912000000002447        1757.1923888142599     
   23.932000000002446        1764.1126154356105     
   23.952000000002446        1770.9374389376339     
   23.972000000002446        1777.6565777467131     
   23.992000000002445        1784.2901888426109     
   24.012000000002445        1790.8590745644697     
   24.032000000002444        1797.3709460101704     
   24.052000000002444        1771.0238934135434     
   24.072000000002447        1778.7711883468439     
   24.092000000002447        1784.7577137519156     
   24.112000000002446        1790.7505542155063     
   24.132000000002446        1796.7031933085198     
   24.152000000002445        1802.5357857710724     
   24.172000000002445        1808.1787854258519     
   24.192000000002444        1813.6334510675174     
   24.212000000002444        1818.9206547713284     
   24.232000000002444        1824.0379522742569     
   24.252000000002447        1829.0326753087486     
   24.272000000002446        1836.7882484386284     
   24.292000000002446        1841.7313466382177     
   24.312000000002445        1846.7626647593565     
   24.332000000002445        1851.8548361540616     
   24.352000000002445        1856.9914531300562     
   24.372000000002444        1862.1492200268015     
   24.392000000002444        1867.3036627994904     
   24.412000000002447        1872.4295634029309     
   24.432000000002446        1877.5019151137653     
   24.452000000002446        1882.4983100111028     
   24.472000000002446        1887.4107969092188     
   24.492000000002445        1892.2444862589839     
   24.512000000002445        1897.0122263556500     
   24.532000000002444        1901.7318792256940     
   24.552000000002444        1906.4126607639746     
   24.572000000002447        1911.0606958876526     
   24.592000000002447        1915.6816364086112     
   24.612000000002446        1920.2840729763655     
   24.632000000002446        1924.8661685453585     
   24.652000000002445        1929.3348440070381     
   24.672000000002445        1933.6661832298594     
   24.692000000002444        1937.9580754301401     
   24.712000000002444        1942.2197065799085     
   24.732000000002444        1946.4627011629120     
   24.752000000002447        1950.6939174134518     
   24.772000000002446        1954.8817780956001     
   24.792000000002446        1958.9986105638047     
   24.812000000002445        1963.0210814229142     
   24.832000000002445        1966.9278933240066     
   24.852000000002445        1970.7580410709843     
   24.872000000002444        1974.5818508413131     
   24.892000000002444        1978.4700680762560     
   24.912000000002447        1982.4923384851966     
   24.932000000002446        1986.6212499077938     
   24.952000000002446        1990.7217867786642     
   24.972000000002446        1994.6564959112050     
   24.992000000002445        1998.3081778716960     
   25.012000000002445        2001.7007791796664     
   25.032000000002444        2004.8863138514778     
   25.052000000002444        1989.6374849953561     
   25.072000000002447        1992.4108228141929     
   25.092000000002447        1976.6838661937231     
   25.112000000002446        1979.2985939917301     
   25.132000000002446        1981.9119098468527     
   25.152000000002445        1984.5229289164927     
   25.172000000002445        1987.1405297210658     
   25.192000000002444        1989.7711498961287     
   25.212000000002444        1992.4152069068666     
   25.232000000002444        2004.6320786125173     
   25.252000000002447        2007.2491010688386     
   25.272000000002446        2009.8596619216414     
   25.292000000002446        2012.4557549081578     
   25.312000000002445        2015.0288181761016     
   25.332000000002445        1996.7020186803732     
   25.352000000002445        1999.0123378971587     
   25.372000000002444        2001.2421424918518     
   25.392000000002444        2003.3687903477976     
   25.412000000002447        2005.3700209443573     
   25.432000000002446        2007.2249852553823     
   25.452000000002446        2008.9387424117085     
   25.472000000002446        2010.6625924847649     
   25.492000000002445        2012.4161573468357     
   25.512000000002445        2014.1782587536941     
   25.532000000002444        2015.9253098057625     
   25.552000000002444        2017.6386480826334     
   25.572000000002447        2019.3026867276121     
   25.592000000002447        2020.9182990488187     
   25.612000000002446        2022.4963505534956     
   25.632000000002446        2024.0449360705354     
   25.652000000002445        2025.5732965963923     
   25.672000000002445        2039.7680601013765     
   25.692000000002444        2041.1337362715585     
   25.712000000002444        2042.4700577629201     
   25.732000000002444        2043.8268829339322     
   25.752000000002447        2045.2299120060836     
   25.772000000002446        2060.7221690576202     
   25.792000000002446        2062.1810783158953     
   25.812000000002445        2063.7103501707215     
   25.832000000002445        2065.2577413839681     
   25.852000000002445        2066.7616684816267     
   25.872000000002444        2068.1747849197932     
   25.892000000002444        2069.5003815127429     
   25.912000000002447        2070.7529405846321     
   25.932000000002446        2071.9472438662847     
   25.952000000002446        2073.0962558981023     
   25.972000000002446        2047.2682033931931     
   25.992000000002445        2048.1694731247126     
   26.012000000002445        2049.0725171472486     
   26.032000000002444        2049.9846349260533     
   26.052000000002444        2050.9236266893581     
   26.072000000002447        2068.4377559582103     
   26.092000000002447        2069.4304121626465     
   26.112000000002446        2087.5330571143345     
   26.132000000002446        2088.6157776698146     
   26.152000000002445        2089.7483573820255     
   26.172000000002445        2090.8861082562407     
   26.192000000002444        2091.9880920480446     
   26.212000000002444        2093.0548491698910     
   26.232000000002444        2094.0870935064186     
   26.252000000002447        2095.0783459144141     
   26.272000000002446        2096.0524459158623     
   26.292000000002446        2097.0330333643096     
   26.312000000002445        2098.0420867738935     
   26.332000000002445        2099.1000020859497     
   26.352000000002445        2100.2151825054980     
   26.372000000002444        2101.3876518910452     
   26.392000000002444        2102.5998675405626     
   26.412000000002447        2103.7879090594106     
   26.432000000002446        2122.4562605433175     
   26.452000000002446        2123.5038182440276     
   26.472000000002446        2124.4704166720780     
   26.492000000002445        2125.4743503734976     
   26.512000000002445        2126.5606298958137     
   26.532000000002444        2127.7292180731970     
   26.552000000002444        2128.9824405259924     
   26.572000000002447        2130.2923350040069     
   26.592000000002447        2131.6262177315725     
   26.612000000002446        2132.9535937653454     
   26.632000000002446        2152.7456116992394     
   26.652000000002445        2154.0359828167079     
   26.672000000002445        2155.3083247828749     
   26.692000000002444        2175.9606153566901     
   26.712000000002444        2177.2054505241690     
   26.732000000002444        2178.4495902179792     
   26.752000000002447        2179.8253482425121     
   26.772000000002446        2181.3200190664666     
   26.792000000002446        2183.0025806744670     
   26.812000000002445        2184.8647345918284     
   26.832000000002445        2206.4341350189934     
   26.852000000002445        2208.4813306715914     
   26.872000000002444        2210.5535503553870     
   26.892000000002444        2212.6069225101010     
   26.912000000002447        2214.6155641149180     
   26.932000000002446        2216.5780669888104     
   26.952000000002446        2218.4712798956521     
   26.972000000002446        2220.2812248058463     
   26.992000000002445        2186.4430147888143     
   27.012000000002445        2187.9112576916382     
   27.032000000002444        2189.2662283534114     
   27.052000000002444        2117.5665934479284     
   27.072000000002447        2118.4966638327551     
   27.092000000002447        2119.5707070657359     
   27.112000000002446        2140.7760271722291     
   27.132000000002446        2142.1033574723765     
   27.152000000002445        2104.2779946740784     
   27.172000000002445        2105.3809539998201     
   27.192000000002444        2126.6018044333100     
   27.212000000002444        2127.4555432910611     
   27.232000000002444        2128.1862176534232     
   27.252000000002447        2128.8187857565008     
   27.272000000002446        2129.3816400555288     
   27.292000000002446        2129.9092567921525     
   27.312000000002445        2130.4377070887836     
   27.332000000002445        2131.0020044798930     
   27.352000000002445        2131.5931738938266     
   27.372000000002444        2132.1818897267453     
   27.392000000002444        2132.7782878104099     
   27.412000000002447        2133.3940529620900     
   27.432000000002446        2134.0363992975617     
   27.452000000002446        2134.7074658462730     
   27.472000000002446        2155.4086722879679     
   27.492000000002445        2156.2032216676357     
   27.512000000002445        2157.0294488422924     
   27.532000000002444        2179.0369041915765     
   27.552000000002444        2179.9454064244023     
   27.572000000002447        2180.8860131978709     
   27.592000000002447        2202.6530934393477     
   27.612000000002446        2203.6599917604981     
   27.632000000002446        2204.6633596645429     
   27.652000000002445        2227.6992984100370     
   27.672000000002445        2228.7021974061036     
   27.692000000002444        2229.6841384990544     
   27.712000000002444        2230.6328149174365     
   27.732000000002444        2231.5443628164339     
   27.752000000002447        2232.4237386737632     
   27.772000000002446        2233.2774591882321     
   27.792000000002446        2234.1124294678393     
   27.812000000002445        2257.4730944256212     
   27.832000000002445        2258.3005508789151     
   27.852000000002445        2259.1172513515003     
   27.872000000002444        2282.9187683067125     
   27.892000000002444        2283.7156514186272     
   27.912000000002447        2284.4967257997432     
   27.932000000002446        2285.2672471408041     
   27.952000000002446        2286.0423950443687     
   27.972000000002446        2286.8396717122432     
   27.992000000002445        2287.6765575879172     
   28.012000000002445        2335.7151270218378     
   28.032000000002444        2336.6633828904378     
   28.052000000002444        2337.5588115011487     
   28.072000000002447        2338.3990555083274     
   28.092000000002447        2339.1817373003255     
   28.112000000002446        2339.9043855275941     
   28.132000000002446        2340.5645642402624     
   28.152000000002445        2341.1614072058769     
   28.172000000002445        2341.7057107071755     
   28.192000000002444        2342.2145932601043     
   28.212000000002444        2342.7050782746414     
   28.232000000002444        2343.1938052371888     
   28.252000000002447        2343.6648685736732     
   28.272000000002446        2344.0953451117371     
   28.292000000002446        2344.4932947502098     
   28.312000000002445        2344.8651555827596     
   28.332000000002445        2345.2231277961910     
   28.352000000002445        2345.5811061505733     
   28.372000000002444        2345.9523224440836     
   28.392000000002444        2370.8839180347318     
   28.412000000002447        2371.3517594910968     
   28.432000000002446        2371.8702585946944     
   28.452000000002446        2372.4528814643190     
   28.472000000002446        2373.1128547699795     
   28.492000000002445        2373.8585596162611     
   28.512000000002445        2374.6942053773105     
   28.532000000002444        2375.6262299383989     
   28.552000000002444        2376.6658352497348     
   28.572000000002447        2403.0915798297992     
   28.592000000002447        2404.2764194381339     
   28.612000000002446        2362.3520920520409     
   28.632000000002446        2363.3497544493302     
   28.652000000002445        2364.3282650291194     
   28.672000000002445        2365.2614622478127     
   28.692000000002444        2366.0955006667859     
   28.712000000002444        2366.7812053934817     
   28.732000000002444        2367.3116412265240     
   28.752000000002447        2367.6802123188577     
   28.772000000002446        2367.8911028770403     
   28.792000000002446        2323.9937760961261     
   28.812000000002445        2323.7103665607196     
   28.832000000002445        2249.0885173869806     
   28.852000000002445        2248.0700292891315     
   28.872000000002444        2246.9885055995719     
   28.892000000002444        2245.8673070323684     
   28.912000000002447        2269.7554680669605     
   28.932000000002446        2268.5831436119174     
   28.952000000002446        2267.4400532687441     
   28.972000000002446        2266.3162335329521     
   28.992000000002445        2265.1772950533168     
   29.012000000002445        2264.0259599162755     
   29.032000000002444        2262.8641361478790     
   29.052000000002444        2286.9807238557100     
   29.072000000002447        2285.7332289889096     
   29.092000000002447        2284.4656962838026     
   29.112000000002446        2283.1746259147581     
   29.132000000002446        2281.8580388225050     
   29.152000000002445        2280.5156725848124     
   29.172000000002445        2279.1472833449211     
   29.192000000002444        2277.7528007339820     
   29.212000000002444        2327.3115722813059     
   29.232000000002444        2325.6933463188830     
   29.252000000002447        2279.7406082439666     
   29.272000000002446        2277.8388582302805     
   29.292000000002446        2302.7015262457812     
   29.312000000002445        2300.7237362472856     
   29.332000000002445        2298.7349514051407     
   29.352000000002445        2296.7424327252306     
   29.372000000002444        2294.7529958333625     
   29.392000000002444        2292.7738192222141     
   29.412000000002447        2290.8130909501515     
   29.432000000002446        2288.8785545830974     
   29.452000000002446        2313.9322698006549     
   29.472000000002446        2312.0281287376588     
   29.492000000002445        2310.1697774498225     
   29.512000000002445        2308.3516581544000     
   29.532000000002444        2306.5790184695775     
   29.552000000002444        2304.8613650396546     
   29.572000000002447        2303.2080050050959     
   29.592000000002447        2301.6249474237343     
   29.612000000002446        2300.0603343167159     
   29.632000000002446        2298.4814119597750     
   29.652000000002445        2296.8858549348024     
   29.672000000002445        2295.2707288453189     
   29.692000000002444        2293.6329907331101     
   29.712000000002444        2291.9697057402736     
   29.732000000002444        2290.2780512915019     
   29.752000000002447        2288.5561864550596     
   29.772000000002446        2286.8038036604771     
   29.792000000002446        2285.0206801148752     
   29.812000000002445        2283.2057470898717     
   29.832000000002445        2281.3577057500565     
   29.852000000002445        2279.4752465980787     
   29.872000000002444        2277.5569840682474     
   29.892000000002444        2275.6014963850007     
   29.912000000002447        2273.6076000444718     
   29.932000000002446        2271.5741716723801     
   29.952000000002446        2269.5001273115290     
   29.972000000002446        2267.3844018966415     
   29.992000000002445        2265.2268194120115     
   30.012000000002445        2263.0371940929240     
   30.032000000002444        2260.8310250627746     
   30.052000000002444        2258.6236583283867     
   30.072000000002447        2256.4301231380773     
   30.092000000002447        2271.3974087109050     
   30.112000000002446        2268.8862598462169     
   30.132000000002446        2266.3288725005295     
   30.152000000002445        2263.7252768954418     
   30.172000000002445        2261.0768097525702     
   30.192000000002444        2258.3868931505676     
   30.212000000002444        2255.6604500766257     
   30.232000000002444        2277.5280110927356     
   30.252000000002447        2274.6674018909825     
   30.272000000002446        2271.7902848998192     
   30.292000000002446        2268.9035040720273     
   30.312000000002445        2266.0136714450755     
   30.332000000002445        2263.1266444389962     
   30.352000000002445        2260.2477968093222     
   30.372000000002444        2257.3805111069055     
   30.392000000002444        2254.5275100476001     
   30.412000000002447        2258.2303402710118     
   30.432000000002446        2254.8121106930507     
   30.452000000002446        2251.4135640275754     
   30.472000000002446        2248.0378089121532     
   30.492000000002445        2244.6879980640088     
   30.512000000002445        2241.3673611436493     
   30.532000000002444        2238.0761031861930     
   30.552000000002444        2234.8015308339063     
   30.572000000002447        2231.5275536000167     
   30.592000000002447        2228.2378795485092     
   30.612000000002446        2224.9160163100946     
   30.632000000002446        2221.5453459908731     
   30.652000000002445        2218.1154951923691     
   30.672000000002445        2214.6284493848243     
   30.692000000002444        2211.0872912566479     
   30.712000000002444        2207.4944237504233     
   30.732000000002444        2203.8521938349045     
   30.752000000002447        2200.1629627352777     
   30.772000000002446        2196.4290950347136     
   30.792000000002446        2192.6529492138002     
   30.812000000002445        2188.8368695862600     
   30.832000000002445        2184.9832183023464     
   30.852000000002445        2182.9996267196989     
   30.872000000002444        2178.8358464319190     
   30.892000000002444        2174.6420236613098     
   30.912000000002447        2170.4209783367210     
   30.932000000002446        2166.1742827254689     
   30.952000000002446        2161.9007774300708     
   30.972000000002446        2157.5989661501339     
   30.992000000002445        2153.2675339076795     
   31.012000000002445        2148.9053692335478     
   31.032000000002444        2144.5116439170370     
   31.052000000002444        2140.0858676569637     
   31.072000000002447        2135.6271064321845     
   31.092000000002447        2131.1345172060446     
   31.112000000002446        2126.6075692709783     
   31.132000000002446        2122.0457507771457     
   31.152000000002445        2117.4485615036278     
   31.172000000002445        2135.8829413426074     
   31.192000000002444        2131.1148555400714     
   31.212000000002444        2126.3094623129705     
   31.232000000002447        2129.2645090522633     
   31.252000000002447        2124.1508209066055     
   31.272000000002446        2119.0085342968655     
   31.292000000002446        2095.4939190251048     
   31.312000000002445        2090.0585736977505     
   31.332000000002445        2084.6154201388554     
   31.352000000002445        2098.3076922803184     
   31.372000000002444        2092.3262405034784     
   31.392000000002444        2086.3155628121017     
   31.412000000002447        2080.2807704265351     
   31.432000000002446        2074.2287071376518     
   31.452000000002446        2068.1769432572996     
   31.472000000002446        2062.1468337279466     
   31.492000000002445        2067.5718692406149     
   31.512000000002445        2061.3951842693468     
   31.532000000002444        2055.2469912413189     
   31.552000000002444        2049.1041040940768     
   31.572000000002447        2042.9688651598326     
   31.592000000002447        2036.8325834885743     
   31.612000000002446        2030.6813171589156     
   31.632000000002446        2024.5012182943258     
   31.652000000002445        2018.2793981797217     
   31.672000000002445        2012.0030375339697     
   31.692000000002444        2005.6624780453797     
   31.712000000002444        1999.2603770590988     
   31.732000000002447        1992.8021723993177     
   31.752000000002447        1986.2932731235576     
   31.772000000002446        1979.7430749063751     
   31.792000000002446        1973.1715343624683     
   31.812000000002445        1966.6003213664844     
   31.832000000002445        1960.0509840647101     
   31.852000000002445        1953.5391071283962     
   31.872000000002444        1947.0262027741217     
   31.892000000002444        1940.4994015216466     
   31.912000000002447        1933.9605395960814     
   31.932000000002446        1927.4114336312095     
   31.952000000002446        1878.2668652072800     
   31.972000000002446        1870.9453971052851     
   31.992000000002445        1863.6106107442622     
   32.012000000002445        1856.2599684557440     
   32.032000000002448        1848.8909610316382     
   32.052000000002444        1841.5012271964695     
   32.072000000002447        1834.0885018315764     
   32.092000000002443        1826.6505266896361     
