   2.6999999994586688E-002   2544.1975375279212     
   4.6999999994586691E-002   2545.1988005462567     
   6.6999999994586695E-002   2546.3402814294013     
   8.6999999994586685E-002   2547.1392402392962     
  0.10699999999458669        2548.2573859426338     
  0.12699999999458669        2549.0522934672913     
  0.14699999999458668        2549.4459846537229     
  0.16699999999458670        2551.0073562809157     
  0.18699999999458669        2551.6455086391106     
  0.20699999999458668        2552.8275987010306     
  0.22699999999458670        2553.9610710438742     
  0.24699999999458669        2554.5992015427555     
  0.26699999999458668        2554.9942134188273     
  0.28699999999458670        2556.5020542030197     
  0.30699999999458671        2557.8823717604387     
  0.32699999999458668        2558.5069489870525     
  0.34699999999458669        2558.7349514988618     
  0.36699999999458671        2560.1189512961619     
  0.38699999999458667        2562.0112721806263     
  0.40699999999458669        2562.7326410583137     
  0.42699999999458671        2565.0962498317331     
  0.44699999999458667        2565.9484197047577     
  0.46699999999458669        2566.8970492614299     
  0.48699999999458671        2566.3153208500171     
  0.50699999999458667        2568.7315144034428     
  0.52699999999458669        2567.0187887585885     
  0.54699999999458671        2569.0532048987830     
  0.56699999999458672        2571.9500477064807     
  0.58699999999458674        2571.5820407073734     
  0.60699999999458665        2572.4225256827049     
  0.62699999999458667        2573.0726181026621     
  0.64699999999458668        2572.8260515456473     
  0.66699999999458670        2575.8610386143800     
  0.68699999999458672        2575.6854329575422     
  0.70699999999458674        2576.8460380689385     
  0.72699999999458675        2577.1061649919129     
  0.74699999999458666        2579.2414467640806     
  0.76699999999458668        2580.4892784289723     
  0.78699999999458670        2578.7816886398959     
  0.80699999999458671        2581.2358854057347     
  0.82699999999458673        2581.2720660810564     
  0.84699999999458675        2582.4044220365181     
  0.86699999999458666        2583.4375553824307     
  0.88699999999458667        2583.0867753870125     
  0.90699999999458669        2585.6056150040959     
  0.92699999999458671        2588.1900776037378     
  0.94699999999458673        2587.7030771906484     
  0.96699999999458675        2588.7350842985247     
  0.98699999999458665        2589.2790267086793     
   1.0069999999945867        2588.5947493255530     
   1.0269999999945867        2591.8864607790383     
   1.0469999999945867        2590.0495816004477     
   1.0669999999945867        2592.7467087231353     
   1.0869999999945867        2599.5694435373698     
   1.1069999999945868        2595.8291721146738     
   1.1269999999945868        2598.2478077561541     
   1.1469999999945868        2596.3997170092875     
   1.1669999999945868        2599.2976353717136     
   1.1869999999945866        2599.2108161059764     
   1.2069999999945866        2599.6865612742049     
   1.2269999999945866        2602.9496898449752     
   1.2469999999945867        2603.5064724744007     
   1.2669999999945867        2598.4066579493369     
   1.2869999999945867        2601.0207891434457     
   1.3069999999945867        2603.7457275867696     
   1.3269999999945867        2605.6259706457640     
   1.3469999999945867        2607.4052783826683     
   1.3669999999945868        2614.0814688919722     
   1.3869999999945868        2614.4180875103580     
   1.4069999999945868        2612.8156225281577     
   1.4269999999945868        2613.3985061347271     
   1.4469999999945866        2608.9939340951651     
   1.4669999999945866        2615.0332387610542     
   1.4869999999945867        2616.3487569779113     
   1.5069999999945867        2614.8005822748123     
   1.5269999999945867        2616.3337676675128     
   1.5469999999945867        2614.1285922366783     
   1.5669999999945867        2608.1508020838296     
   1.5869999999945867        2620.1764367586438     
   1.6069999999945868        2622.1696306236258     
   1.6269999999945868        2621.3133209703037     
   1.6469999999945868        2626.7466110928999     
   1.6669999999945868        2622.4888913052014     
   1.6869999999945868        2620.9594918602211     
   1.7069999999945866        2628.3717044283085     
   1.7269999999945866        2627.3836170509417     
   1.7469999999945867        2630.0533630132195     
   1.7669999999945867        2627.8794901056617     
   1.7869999999945867        2622.8219039498604     
   1.8069999999945867        2628.2296725316992     
   1.8269999999945867        2642.1465778947982     
   1.8469999999945867        2642.7555844786943     
   1.8669999999945868        2641.7437943318077     
   1.8869999999945868        2633.3585335747675     
   1.9069999999945868        2644.5935040037448     
   1.9269999999945868        2642.5365486507899     
   1.9469999999945866        2641.1743533276326     
   1.9669999999945866        2639.4716172733006     
   1.9869999999945867        2637.2672013323536     
   2.0069999999945867        2645.9202022585823     
   2.0269999999945867        2646.2987831130840     
   2.0469999999945867        2644.5270993352083     
   2.0669999999945867        2645.0398333364169     
   2.0869999999945867        2651.4388173011762     
   2.1069999999945868        2643.7380923221740     
   2.1269999999945868        2646.9415573753317     
   2.1469999999945868        2646.7756545127190     
   2.1669999999945868        2647.7547428867215     
   2.1869999999945868        2640.1744364137853     
   2.2069999999945868        2641.7729016797293     
   2.2269999999945869        2647.1436542856522     
   2.2469999999945869        2654.2551613762380     
   2.2669999999945869        2660.3964304269693     
   2.2869999999945869        2649.2566201962172     
   2.3069999999945869        2653.6829848330749     
   2.3269999999945870        2652.4612447762097     
   2.3469999999945865        2652.7364475404784     
   2.3669999999945865        2653.8003042885957     
   2.3869999999945866        2654.5131317924402     
   2.4069999999945866        2658.7590498105010     
   2.4269999999945866        2666.3526789991338     
   2.4469999999945866        2662.3270878285043     
   2.4669999999945866        2658.0184687898059     
   2.4869999999945867        2661.8388912151095     
   2.5069999999945867        2657.0933698716403     
   2.5269999999945867        2657.6055638823836     
   2.5469999999945867        2658.7419616739849     
   2.5669999999945867        2665.3825874812287     
   2.5869999999945867        2667.4003150761655     
   2.6069999999945868        2665.6679093217867     
   2.6269999999945868        2670.4272309564512     
   2.6469999999945868        2667.4054024524130     
   2.6669999999945868        2663.0171174566281     
   2.6869999999945868        2667.6109524722369     
   2.7069999999945868        2683.5159772839256     
   2.7269999999945869        2680.2240273776874     
   2.7469999999945869        2685.5232471429144     
   2.7669999999945869        2682.2986250054814     
   2.7869999999945869        2679.2609104140674     
   2.8069999999945869        2680.6460098491152     
   2.8269999999945870        2682.3529792179165     
   2.8469999999945865        2692.2883801685703     
   2.8669999999945865        2696.7314879010669     
   2.8869999999945866        2692.9293106994833     
   2.9069999999945866        2691.1993291918307     
   2.9269999999945866        2692.5355402949544     
   2.9469999999945866        2693.1388956803271     
   2.9669999999945866        2686.6900637895551     
   2.9869999999945867        2684.1564511217230     
   3.0069999999945867        2689.6824666891630     
   3.0269999999945867        2686.1605652900776     
   3.0469999999945867        2682.4384154940467     
   3.0669999999945867        2685.5030089583452     
   3.0869999999945867        2678.6970814386341     
   3.1069999999945868        2676.5523313356216     
   3.1269999999945868        2675.4487893309579     
   3.1469999999945868        2671.9162400220193     
   3.1669999999945868        2687.6910191615484     
   3.1869999999945868        2695.7321995609027     
   3.2069999999945868        2701.9278128955220     
   3.2269999999945869        2703.5337513883042     
   3.2469999999945869        2715.3599066939078     
   3.2669999999945869        2715.0499742855332     
   3.2869999999945869        2713.7938773625524     
   3.3069999999945869        2706.3390443283442     
   3.3269999999945870        2708.1291582543126     
   3.3469999999945870        2695.6531158668672     
   3.3669999999945865        2698.8090514760738     
   3.3869999999945866        2708.8952477571765     
   3.4069999999945866        2707.0843917298221     
   3.4269999999945866        2707.1179661994929     
   3.4469999999945866        2710.1122671400676     
   3.4669999999945866        2715.3594381501434     
   3.4869999999945867        2717.8205674472815     
   3.5069999999945867        2714.9752183826026     
   3.5269999999945867        2716.1863613188980     
   3.5469999999945867        2713.0477893545280     
   3.5669999999945867        2706.6431032336977     
   3.5869999999945867        2705.9426983089902     
   3.6069999999945868        2715.2680930247348     
   3.6269999999945868        2725.4162637547565     
   3.6469999999945868        2737.9022528807609     
   3.6669999999945868        2747.7695626476157     
   3.6869999999945868        2752.5735717719831     
   3.7069999999945868        2753.3415729862236     
   3.7269999999945869        2750.0595655718535     
   3.7469999999945869        2755.4975696940332     
   3.7669999999945869        2754.2002920866530     
   3.7869999999945869        2756.4050282899261     
   3.8069999999945869        2758.7152300534940     
   3.8269999999945870        2761.4231100163347     
   3.8469999999945870        2759.3067363760538     
   3.8669999999945865        2754.6489467154638     
   3.8869999999945866        2752.8024296706021     
   3.9069999999945866        2742.7323485796528     
   3.9269999999945866        2741.7500244124008     
   3.9469999999945866        2742.7440809187233     
   3.9669999999945866        2746.9061281797085     
   3.9869999999945867        2748.7321292241459     
   4.0069999999945871        2749.6071921075672     
   4.0269999999945867        2752.9085297338079     
   4.0469999999945871        2753.7610732100893     
   4.0669999999945867        2756.5953343408260     
   4.0869999999945872        2755.7421293407979     
   4.1069999999945868        2758.5771451463015     
   4.1269999999945863        2761.5388789673784     
   4.1469999999945868        2759.0302406280844     
   4.1669999999945864        2762.8320325147110     
   4.1869999999945868        2755.2248435344095     
   4.2069999999945864        2757.1946931482134     
   4.2269999999945869        2758.9692038883527     
   4.2469999999945864        2762.1713594919024     
   4.2669999999945869        2762.6687459805803     
   4.2869999999945865        2767.8471402022228     
   4.3069999999945869        2766.5250350256651     
   4.3269999999945865        2771.6301991763821     
   4.3469999999945870        2769.8725028253216     
   4.3669999999945865        2771.5965490506069     
   4.3869999999945870        2773.5859551608905     
   4.4069999999945866        2775.5166036316291     
   4.4269999999945870        2781.3521956047484     
   4.4469999999945866        2782.4059583014650     
   4.4669999999945871        2779.6208193334664     
   4.4869999999945867        2781.2497189971200     
   4.5069999999945871        2781.2404037033643     
   4.5269999999945867        2777.3725432697511     
   4.5469999999945871        2770.6943049819233     
   4.5669999999945867        2757.4496327920797     
   4.5869999999945872        2759.2173781393344     
   4.6069999999945868        2756.1488427178538     
   4.6269999999945872        2744.8476123635323     
   4.6469999999945868        2736.9799446711504     
   4.6669999999945864        2736.1362789913082     
   4.6869999999945868        2726.3659641560089     
   4.7069999999945864        2726.6029230759787     
   4.7269999999945869        2733.8907031760191     
   4.7469999999945864        2747.9278241499446     
   4.7669999999945869        2753.4452320632513     
   4.7869999999945865        2758.1300819147982     
   4.8069999999945869        2765.0988640079768     
   4.8269999999945865        2770.6735276017621     
   4.8469999999945870        2774.9562503181505     
   4.8669999999945865        2787.3831724710649     
   4.8869999999945870        2786.2959448077258     
   4.9069999999945866        2786.9615268305829     
   4.9269999999945870        2787.4991196583019     
   4.9469999999945866        2791.8488816867657     
   4.9669999999945871        2788.3602155179251     
   4.9869999999945867        2789.6643192290053     
   5.0069999999945871        2787.3217992035516     
   5.0269999999945867        2775.2296159467355     
   5.0469999999945871        2774.6318425015097     
   5.0669999999945867        2770.8607330051109     
   5.0869999999945872        2777.2000227521003     
   5.1069999999945868        2786.0585142605823     
   5.1269999999945872        2787.7925285489669     
   5.1469999999945868        2786.1534624236147     
   5.1669999999945864        2787.4884152798013     
   5.1869999999945868        2793.3609824775235     
   5.2069999999945864        2788.6376375178997     
   5.2269999999945869        2787.0837777158117     
   5.2469999999945864        2795.0862525325947     
   5.2669999999945869        2801.1003052567935     
   5.2869999999945865        2806.7552200519390     
   5.3069999999945869        2807.8788912029049     
   5.3269999999945865        2807.2562014901046     
   5.3469999999945870        2815.1126448160908     
   5.3669999999945865        2819.6162270249329     
   5.3869999999945870        2824.7319432905319     
   5.4069999999945866        2846.4168160703134     
   5.4269999999945870        2852.4870410350177     
   5.4469999999945866        2846.4317632129050     
   5.4669999999945871        2851.5907685599236     
   5.4869999999945867        2857.7243801468367     
   5.5069999999945871        2852.0915605317850     
   5.5269999999945867        2850.5031709355021     
   5.5469999999945871        2851.2025357414373     
   5.5669999999945867        2840.8087357914633     
   5.5869999999945872        2831.9818649664562     
   5.6069999999945868        2824.3406807212291     
   5.6269999999945872        2824.1922413848683     
   5.6469999999945868        2822.5859812383346     
   5.6669999999945864        2816.8067781139002     
   5.6869999999945868        2821.6459104941250     
   5.7069999999945864        2817.2658954423573     
   5.7269999999945869        2821.4399148961802     
   5.7469999999945864        2822.5149503567472     
   5.7669999999945869        2821.6550848011743     
   5.7869999999945865        2812.8609973651983     
   5.8069999999945869        2815.6835527572271     
   5.8269999999945865        2812.8923699796774     
   5.8469999999945870        2806.8175432877624     
   5.8669999999945865        2797.7990530207617     
   5.8869999999945870        2811.1181192360496     
   5.9069999999945866        2810.5111667137107     
   5.9269999999945870        2817.2075555815709     
   5.9469999999945866        2815.5661105650197     
   5.9669999999945871        2821.4463994832936     
   5.9869999999945867        2827.1824910688247     
   6.0069999999945871        2844.5678710919037     
   6.0269999999945867        2846.4921416371221     
   6.0469999999945871        2856.8986926641373     
   6.0669999999945867        2862.6882281982635     
   6.0869999999945872        2868.5116369114544     
   6.1069999999945868        2874.3138361145866     
   6.1269999999945872        2869.6659556582640     
   6.1469999999945868        2870.2357111230222     
   6.1669999999945873        2875.7569816896639     
   6.1869999999945868        2871.4407381883861     
   6.2069999999945864        2870.2240983421893     
   6.2269999999945869        2876.7736129045620     
   6.2469999999945864        2881.0480243341781     
   6.2669999999945869        2882.7604463783591     
   6.2869999999945865        2874.5385008302287     
   6.3069999999945869        2883.7059298558906     
   6.3269999999945865        2890.1374199177558     
   6.3469999999945870        2903.9688998714159     
   6.3669999999945865        2898.0378357885338     
   6.3869999999945870        2906.3917931968681     
   6.4069999999945866        2909.8143054788802     
   6.4269999999945870        2910.7628935113662     
   6.4469999999945866        2910.0090121283829     
   6.4669999999945871        2910.4016767476569     
   6.4869999999945867        2916.8915646115147     
   6.5069999999945871        2909.5361520630800     
   6.5269999999945867        2905.0851977247980     
   6.5469999999945871        2903.9424375413132     
   6.5669999999945867        2915.6730674616238     
   6.5869999999945872        2913.2853206529730     
   6.6069999999945868        2902.2783467178842     
   6.6269999999945872        2906.0013453645784     
   6.6469999999945868        2904.4575176567810     
   6.6669999999945873        2901.4727591084497     
   6.6869999999945868        2890.1693334760153     
   6.7069999999945864        2896.6816820090589     
   6.7269999999945869        2898.7099069423407     
   6.7469999999945864        2900.9834682649525     
   6.7669999999945869        2907.5297220643079     
   6.7869999999945865        2909.4214909185557     
   6.8069999999945869        2907.0207610817124     
   6.8269999999945865        2909.3254293920850     
   6.8469999999945870        2902.5083771326108     
   6.8669999999945865        2901.7777325473699     
   6.8869999999945870        2896.9857087641694     
   6.9069999999945866        2891.8840721156153     
   6.9269999999945870        2888.5921085642663     
   6.9469999999945866        2887.9019146101882     
   6.9669999999945871        2886.7869185575532     
   6.9869999999945867        2886.3634215157790     
   7.0069999999945871        2883.7696364456456     
   7.0269999999945867        2873.2498709624833     
   7.0469999999945871        2877.6079300804518     
   7.0669999999945867        2870.3230655996626     
   7.0869999999945872        2866.1612674152216     
   7.1069999999945868        2866.2980559044345     
   7.1269999999945872        2867.0985511351128     
   7.1469999999945868        2863.6261042334809     
   7.1669999999945873        2854.4537175217470     
   7.1869999999945868        2857.6987033483097     
   7.2069999999945864        2867.3958111663519     
   7.2269999999945869        2866.9504892163991     
   7.2469999999945864        2877.0232714962508     
   7.2669999999945869        2889.2240319075017     
   7.2869999999945865        2888.4849430524141     
   7.3069999999945869        2894.2342989946310     
   7.3269999999945865        2899.3700565312110     
   7.3469999999945870        2903.0875035608137     
   7.3669999999945865        2903.5149650213648     
   7.3869999999945870        2902.1283617946410     
   7.4069999999945866        2911.4995281053925     
   7.4269999999945870        2911.4212368253138     
   7.4469999999945866        2910.4914222657285     
   7.4669999999945871        2909.1842156884982     
   7.4869999999945867        2912.4353240718451     
   7.5069999999945871        2914.7051614300576     
   7.5269999999945867        2916.2812287314355     
   7.5469999999945871        2912.2400139076703     
   7.5669999999945867        2934.3246610407004     
   7.5869999999945872        2934.3890792733600     
   7.6069999999945868        2944.8108103098084     
   7.6269999999945872        2945.1348905497957     
   7.6469999999945868        2945.7361876507080     
   7.6669999999945873        2961.9968079712808     
   7.6869999999945868        2958.5567334823786     
   7.7069999999945864        2954.2488695758111     
   7.7269999999945869        2957.7459873725879     
   7.7469999999945864        2961.8223310314220     
   7.7669999999945869        2959.8725581161284     
   7.7869999999945865        2957.5998053486201     
   7.8069999999945869        2945.4954823868848     
   7.8269999999945865        2947.1062152062955     
   7.8469999999945870        2953.3100030715746     
   7.8669999999945865        2960.3361178064729     
   7.8869999999945870        2960.3840438349162     
   7.9069999999945866        2971.5797469031331     
   7.9269999999945870        2971.0195949048248     
   7.9469999999945866        2966.7595103974545     
   7.9669999999945871        2969.4262292169383     
   7.9869999999945867        2967.4832947954387     
   8.0069999999945871        2971.8582173614177     
   8.0269999999945867        2978.9898406404591     
   8.0469999999945863        2975.9413122773444     
   8.0669999999945876        2975.0633853201571     
   8.0869999999945872        2977.0801583415418     
   8.1069999999945868        2985.1555113509794     
   8.1269999999945863        2987.3856609203340     
   8.1469999999945877        2983.8863244953836     
   8.1669999999945873        2978.2716626721940     
   8.1869999999945868        2973.7823723509932     
   8.2069999999945864        2968.9553189312969     
   8.2269999999945860        2977.1537476061758     
   8.2469999999945873        2980.7030587451159     
   8.2669999999945869        2974.1904873963899     
   8.2869999999945865        2967.7354978850231     
   8.3069999999945860        2966.3880760912543     
   8.3269999999945874        2963.1253914066187     
   8.3469999999945870        2948.4811236274827     
   8.3669999999945865        2935.2138397479139     
   8.3869999999945861        2929.4041488412040     
   8.4069999999945875        2930.8488827635128     
   8.4269999999945870        2931.0219966832015     
   8.4469999999945866        2933.9793848413428     
   8.4669999999945862        2935.6621478138691     
   8.4869999999945875        2939.3392509951664     
   8.5069999999945871        2936.9315964331004     
   8.5269999999945867        2935.2467754778845     
   8.5469999999945863        2939.6208847766015     
   8.5669999999945876        2936.7195317719074     
   8.5869999999945872        2937.6997773133248     
   8.6069999999945868        2932.9468627501174     
   8.6269999999945863        2929.8429574177185     
   8.6469999999945877        2932.5923330095443     
   8.6669999999945873        2925.8725161878033     
   8.6869999999945868        2923.0983892874692     
   8.7069999999945864        2921.5497370986745     
   8.7269999999945878        2922.2433088150378     
   8.7469999999945873        2917.1310326165458     
   8.7669999999945869        2923.2205221673312     
   8.7869999999945865        2914.4894509371029     
   8.8069999999945860        2905.7152208561824     
   8.8269999999945874        2914.9265867844342     
   8.8469999999945870        2906.7224241958747     
   8.8669999999945865        2898.8767099965817     
   8.8869999999945861        2904.9686901304458     
   8.9069999999945875        2897.0750326126831     
   8.9269999999945870        2898.3034649760421     
   8.9469999999945866        2896.8214798148497     
   8.9669999999945862        2902.9406454413756     
   8.9869999999945875        2902.3347511261386     
   9.0069999999945871        2908.3724109914829     
   9.0269999999945867        2908.5520224576135     
   9.0469999999945863        2901.6636493952988     
   9.0669999999945876        2905.2443737322378     
   9.0869999999945872        2898.9976159638013     
   9.1069999999945868        2892.6041905577858     
   9.1269999999945863        2889.0944730476481     
   9.1469999999945877        2882.5931762299360     
   9.1669999999945873        2889.8823345094888     
   9.1869999999945868        2890.0456795136856     
   9.2069999999945864        2890.4310290952440     
   9.2269999999945878        2885.5880727339231     
   9.2469999999945873        2874.8981132181116     
   9.2669999999945869        2864.0195737656804     
   9.2869999999945865        2865.5628665162453     
   9.3069999999945860        2862.6136368614439     
   9.3269999999945874        2860.2285736018298     
   9.3469999999945870        2865.4460834174824     
   9.3669999999945865        2848.5019966596569     
   9.3869999999945861        2847.8870007618798     
   9.4069999999945875        2855.7540282606028     
   9.4269999999945870        2841.3843459337759     
   9.4469999999945866        2851.0884558752009     
   9.4669999999945862        2867.7408719339001     
   9.4869999999945875        2891.3738180253913     
   9.5069999999945871        2899.9384504750574     
   9.5269999999945867        2909.4620544344730     
   9.5469999999945863        2911.7370803051685     
   9.5669999999945876        2914.0447866214881     
   9.5869999999945872        2936.7741434236086     
   9.6069999999945868        2938.6861038736856     
   9.6269999999945863        2940.5331077335613     
   9.6469999999945877        2946.3951444467052     
   9.6669999999945873        2947.8474270377264     
   9.6869999999945868        2949.0278769625493     
   9.7069999999945864        2957.5671136511114     
   9.7269999999945878        2964.8561866491445     
   9.7469999999945873        2972.5434323396166     
   9.7669999999945869        2972.1595474118571     
   9.7869999999945865        2977.8056352814328     
   9.8069999999945860        2977.6687110227977     
   9.8269999999945874        2977.3393800267900     
   9.8469999999945870        2966.3471180342340     
   9.8669999999945865        2966.5191306217730     
   9.8869999999945861        2973.2222252896577     
   9.9069999999945875        2973.1327651595616     
   9.9269999999945870        2977.7380439154517     
   9.9469999999945866        2988.5479666375027     
   9.9669999999945862        2994.5156186521531     
   9.9869999999945875        2993.5797557509463     
   10.006999999994587        2999.1907720758945     
   10.026999999994587        2989.5799128166809     
   10.046999999994586        2986.9871983126400     
   10.066999999994588        2987.8668387817388     
   10.086999999994587        2988.6567600286839     
   10.106999999994587        2989.5231478984006     
   10.126999999994586        2990.4581745763007     
   10.146999999994588        2997.8384190549914     
   10.166999999994587        3006.9690371552324     
   10.186999999994587        3012.4670141115703     
   10.206999999994586        3019.5293238614013     
   10.226999999994588        3020.5715456725038     
   10.246999999994587        3022.9023125744297     
   10.266999999994587        3029.9527031464522     
   10.286999999994586        3031.5993542848187     
   10.306999999994586        3039.1636835741615     
   10.326999999994587        3040.1911949361988     
   10.346999999994587        3040.9766285153519     
   10.366999999994587        3041.5941908298232     
   10.386999999994586        3050.0291641966664     
   10.406999999994587        3067.0443789451456     
   10.426999999994587        3067.2097198219544     
   10.446999999994587        3070.9295033057533     
   10.466999999994586        3070.7008023255808     
   10.486999999994588        3075.8671326271096     
   10.506999999994587        3092.7989693939930     
   10.526999999994587        3091.9248458254574     
   10.546999999994586        3090.6388486212695     
   10.566999999994588        3098.1865047616084     
   10.586999999994587        3113.6770391909786     
   10.606999999994587        3121.4360830101391     
   10.626999999994586        3120.2425942376490     
   10.646999999994588        3119.1838984901101     
   10.666999999994587        3118.2766799305732     
   10.686999999994587        3126.5267910558737     
   10.706999999994586        3135.3497854551247     
   10.726999999994588        3135.4853206072189     
   10.746999999994587        3137.8882986347203     
   10.766999999994587        3148.4184473062815     
   10.786999999994586        3149.6403401663442     
   10.806999999994586        3168.8558351241722     
   10.826999999994587        3170.2465762019251     
   10.846999999994587        3172.5617645162479     
   10.866999999994587        3174.3662316062455     
   10.886999999994586        3175.9406469811006     
   10.906999999994587        3191.3914589307296     
   10.926999999994587        3192.7414510467520     
   10.946999999994587        3193.8711464023654     
   10.966999999994586        3208.0419909484367     
   10.986999999994588        3208.8110496227591     
   11.006999999994587        3209.3828069895330     
   11.026999999994587        3210.5904247822209     
   11.046999999994586        3211.6761990084024     
   11.066999999994588        3212.7826353212831     
   11.086999999994587        3221.8395108738819     
   11.106999999994587        3222.3748464325286     
   11.126999999994586        3222.3774741693055     
   11.146999999994588        3221.8805008712261     
   11.166999999994587        3220.8882287695315     
   11.186999999994587        3220.8007839613683     
   11.206999999994586        3220.7336362130050     
   11.226999999994588        3219.4187147103949     
   11.246999999994587        3227.7010960576949     
   11.266999999994587        3225.4249016267531     
   11.286999999994586        3222.7616552688155     
   11.306999999994586        3220.2173531590274     
   11.326999999994587        3216.9554857677031     
   11.346999999994587        3213.0152046059006     
   11.366999999994587        3217.3659215281850     
   11.386999999994586        3224.5082057659051     
   11.406999999994587        3219.4242371704477     
   11.426999999994587        3214.0210118925634     
   11.446999999994587        3217.8382761951184     
   11.466999999994586        3212.0989946381615     
   11.486999999994588        3215.8216904541459     
   11.506999999994587        3219.9154443894017     
   11.526999999994587        3219.2497924857871     
   11.546999999994586        3201.2181362955794     
   11.566999999994588        3197.6750442116354     
   11.586999999994587        3186.4599057666178     
   11.606999999994587        3193.6401301859037     
   11.626999999994586        3200.2839010788402     
   11.646999999994588        3197.0793193876748     
   11.666999999994587        3200.3977913826029     
   11.686999999994587        3187.5024970296231     
   11.706999999994586        3175.4127986652920     
   11.726999999994588        3173.5627177989481     
   11.746999999994587        3171.9793365931196     
   11.766999999994587        3178.5538457140319     
   11.786999999994586        3187.1222185806228     
   11.806999999994586        3197.2518356112937     
   11.826999999994587        3196.6654873369375     
   11.846999999994587        3196.2048385368616     
   11.866999999994587        3206.7903061652119     
   11.886999999994586        3206.3468706055646     
   11.906999999994587        3205.7887802863575     
   11.926999999994587        3214.8484326180624     
   11.946999999994587        3214.1559800921755     
   11.966999999994586        3223.3616843079953     
   11.986999999994588        3241.7941295722349     
   12.006999999994587        3240.7559863602496     
   12.026999999994587        3239.5551422642420     
   12.046999999994586        3238.2847261937600     
   12.066999999994588        3237.0129153005050     
   12.086999999994587        3246.8097731853663     
   12.106999999994587        3245.6173053370667     
   12.126999999994586        3244.3953944677437     
   12.146999999994588        3254.1577204037112     
   12.166999999994587        3263.8814766509909     
   12.186999999994587        3262.7519005780227     
   12.206999999994586        3273.1457714008338     
   12.226999999994588        3272.0307584769130     
   12.246999999994587        3269.0616034311101     
   12.266999999994587        3267.5414350290544     
   12.286999999994586        3277.6682232834041     
   12.306999999994588        3276.2567155688771     
   12.326999999994587        3294.7796115935862     
   12.346999999994587        3293.2133267048143     
   12.366999999994587        3291.5899025003428     
   12.386999999994586        3289.8723977096479     
   12.406999999994587        3288.0260603661959     
   12.426999999994587        3286.0193398268680     
   12.446999999994587        3305.2894213211302     
   12.466999999994586        3302.9869227227287     
   12.486999999994588        3300.5630499889376     
   12.506999999994587        3298.0661732221170     
   12.526999999994587        3296.0513893311813     
   12.546999999994586        3284.5808348157061     
   12.566999999994588        3283.7331341112344     
   12.586999999994587        3282.9681761515189     
   12.606999999994587        3293.9519885654117     
   12.626999999994586        3324.6062927739390     
   12.646999999994588        3325.1499861157681     
   12.666999999994587        3348.2643603303882     
   12.686999999994587        3359.2353633275934     
   12.706999999994586        3361.0510998049431     
   12.726999999994588        3363.4813376187203     
   12.746999999994587        3366.3797334922606     
   12.766999999994587        3391.0944823326204     
   12.786999999994586        3393.7578456121641     
   12.806999999994588        3412.8051538821496     
   12.826999999994587        3410.6896003335651     
   12.846999999994587        3413.3502742244500     
   12.866999999994587        3416.8623665513901     
   12.886999999994586        3419.5542785386633     
   12.906999999994587        3420.3196023490232     
   12.926999999994587        3420.7840352498970     
   12.946999999994587        3428.4402420380243     
   12.966999999994586        3440.3089353268833     
   12.986999999994588        3441.8111965460580     
   13.006999999994587        3440.0511807129774     
   13.026999999994587        3437.6869542849954     
   13.046999999994586        3434.8742241334562     
   13.066999999994588        3431.5965696081998     
   13.086999999994587        3427.8384700605839     
   13.106999999994587        3423.6136586229909     
   13.126999999994586        3419.1487410944228     
   13.146999999994588        3427.0944913149397     
   13.166999999994587        3433.8246947102498     
   13.186999999994587        3429.0563726350510     
   13.206999999994586        3424.0882848472997     
   13.226999999994588        3440.5265791359943     
   13.246999999994587        3447.8934501929784     
   13.266999999994587        3451.5120771603656     
   13.286999999994586        3445.6058648015555     
   13.306999999994588        3439.9724621457735     
   13.326999999994587        3439.5808986523848     
   13.346999999994587        3444.5144091194584     
   13.366999999994587        3438.2572178533114     
   13.386999999994586        3445.5869285703980     
   13.406999999994587        3444.8716979547248     
   13.426999999994587        3438.1958817484506     
   13.446999999994587        3445.0951645967298     
   13.466999999994586        3438.0707925721886     
   13.486999999994588        3430.9095164050036     
   13.506999999994587        3449.8804305903304     
   13.526999999994587        3442.6381452438336     
   13.546999999994586        3435.1487909963485     
   13.566999999994588        3427.4554661878487     
   13.586999999994587        3419.7862312797311     
   13.606999999994587        3407.7252732296229     
   13.626999999994586        3400.2098865176340     
   13.646999999994588        3392.4204187943774     
   13.666999999994587        3384.1870157963322     
   13.686999999994587        3370.7559650536828     
   13.706999999994586        3362.1879134597784     
   13.726999999994588        3353.4036495779033     
   13.746999999994587        3354.5644425585410     
   13.766999999994587        3345.3075346986097     
   13.786999999994586        3335.8738284125088     
   13.806999999994588        3326.2527309816742     
   13.826999999994587        3316.4259118733617     
   13.846999999994587        3306.3928106242479     
   13.866999999994587        3296.1689037048955     
   13.886999999994586        3285.7614655348257     
   13.906999999994587        3275.2120296698081     
   13.926999999994587        3264.5709842919400     
   13.946999999994587        3253.8616356377124     
   13.966999999994586        3250.8935372864776     
   13.986999999994588        3240.4845682991036     
   14.006999999994587        3243.9368811208815     
   14.026999999994587        3224.0478142384864     
   14.046999999994586        3214.3015122849010     
   14.066999999994588        3218.9165129979028     
   14.086999999994587        3209.1805859066594     
   14.106999999994587        3199.3033919550799     
   14.126999999994586        3191.4270072998866     
   14.146999999994588        3170.0167863390902     
   14.166999999994587        3160.2855781093699     
   14.186999999994587        3150.2404058426528     
   14.206999999994586        3139.8909056999473     
   14.226999999994588        3129.8111239698355     
   14.246999999994587        3131.9189382987797     
   14.266999999994587        3120.8502683332258     
   14.286999999994586        3109.4989036958582     
   14.306999999994588        3097.9294004258177     
   14.326999999994587        3086.2505094713460     
   14.346999999994587        3074.1232915161754     
   14.366999999994587        3062.0626789044477     
   14.386999999994586        3062.7012827750114     
   14.406999999994587        3049.9649706545638     
   14.426999999994587        3036.9983491816288     
   14.446999999994587        3023.7987525874905     
   14.466999999994586        3020.4692334451447     
   14.486999999994588        3007.3118990298667     
   14.506999999994587        3001.8649556393743     
   14.526999999994587        2988.1788281884142     
   14.546999999994586        2992.7367549287951     
   14.566999999994588        2978.5103752654795     
   14.586999999994587        2963.9765715904850     
   14.606999999994587        2958.7552712226307     
   14.626999999994586        2950.8946840329490     
   14.646999999994588        2935.6239283577634     
   14.666999999994587        2920.2219543510655     
   14.686999999994587        2914.4576134022846     
   14.706999999994586        2899.4614500229309     
   14.726999999994588        2884.2737804760354     
   14.746999999994587        2868.8010467934510     
   14.766999999994587        2834.7290315655387     
   14.786999999994586        2829.0489543434628     
   14.806999999994588        2813.0368780513468     
   14.826999999994587        2796.7054004186102     
   14.846999999994587        2780.0210745003915     
   14.866999999994587        2762.9506831210874     
   14.886999999994586        2745.4832238773920     
   14.906999999994587        2726.9989811794339     
   14.926999999994587        2709.3328929512440     
   14.946999999994587        2691.2904171777491     
   14.966999999994586        2672.8869947893904     
   14.986999999994588        2654.1450095518976     
   15.006999999994587        2634.9494859817887     
   15.026999999994587        2615.4383854265657     
   15.046999999994586        2595.8640293122849     
   15.066999999994588        2576.2632057304618     
   15.086999999994587        2556.4329922583192     
   15.106999999994587        2536.2796815025431     
   15.126999999994586        2515.8951202962276     
   15.146999999994588        2495.4629226973625     
   15.166999999994587        2475.1017740597381     
   15.186999999994587        2454.7854516302136     
   15.206999999994586        2434.4899183490948     
   15.226999999994588        2414.1992239951364     
   15.246999999994587        2393.9808860203489     
   15.266999999994587        2383.4138691594871     
   15.286999999994586        2363.1830636674426     
   15.306999999994588        2352.4302402852372     
   15.326999999994587        2341.5593305984530     
   15.346999999994587        2320.6069906575626     
   15.366999999994587        2299.6664456444350     
   15.386999999994586        2250.3459446481579     
   15.406999999994587        2236.3996773366539     
   15.426999999994587        2217.3601944194265     
   15.446999999994587        2182.3882326488874     
   15.466999999994586        2164.0577339028005     
   15.486999999994588        2145.6676075310652     
   15.506999999994587        2127.2116523879772     
   15.526999999994587        2108.6819836989716     
   15.546999999994586        2090.0778606388672     
   15.566999999994588        2071.4186522006344     
   15.586999999994587        2033.4600021108481     
   15.606999999994587        1995.9590143603582     
   15.626999999994586        1979.9881840915834     
   15.646999999994588        1963.3935999589698     
   15.666999999994587        1946.2529593928496     
   15.686999999994587        1932.1677682849513     
   15.706999999994586        1914.8352706841249     
   15.726999999994588        1906.7598065933810     
   15.746999999994587        1889.0064082756414     
   15.766999999994587        1871.0426686511203     
   15.786999999994586        1852.8662429223621     
   15.806999999994588        1843.7269796678663     
   15.826999999994587        1825.1142524768925     
   15.846999999994587        1806.3103570480232     
   15.866999999994587        1787.3554107703744     
   15.886999999994588        1768.3024970697693     
   15.906999999994587        1727.0278933589977     
   15.926999999994587        1708.3126032398009     
   15.946999999994587        1689.4882424919713     
   15.966999999994586        1670.5793581808216     
   15.986999999994588        1651.5923211168424     
   16.006999999994587        1632.5195142845641     
   16.026999999994587        1611.4102480726326     
   16.046999999994586        1597.4764746832236     
   16.066999999994586        1578.2163978688013     
   16.086999999994585        1558.8987176756559     
   16.106999999994589        1539.5158720691061     
   16.126999999994588        1518.1244862850779     
   16.146999999994588        1498.6869103527338     
   16.166999999994587        1484.0869899478057     
   16.186999999994587        1476.3507499315954     
   16.206999999994586        1456.4784463928152     
   16.226999999994586        1443.2196022470878     
   16.246999999994586        1423.0661053665656     
   16.266999999994589        1382.6306495446481     
   16.286999999994588        1362.6913167357131     
   16.306999999994588        1342.5933614232938     
   16.326999999994587        1322.3395695924987     
   16.346999999994587        1301.9390691745698     
   16.366999999994587        1281.4319899678414     
   16.386999999994586        1260.8833762306008     
   16.406999999994586        1240.3172223046661     
   16.426999999994585        1218.2661507225339     
   16.446999999994588        1197.8166112002102     
   16.466999999994588        1177.3880008177077     
   16.486999999994588        1156.9722153845214     
   16.506999999994587        1136.5628346799472     
   16.526999999994587        1105.7365331796764     
   16.546999999994586        1085.7480415639650     
   16.566999999994586        1065.7843145785093     
   16.586999999994585        1048.8247681034554     
   16.606999999994589        1029.0415502401722     
   16.626999999994588        1009.3635357414959     
   16.646999999994588        988.62180803294518     
   16.666999999994587        969.27940964055642     
   16.686999999994587        950.06650736468055     
   16.706999999994586        902.97987415799207     
   16.726999999994586        857.33368734120859     
   16.746999999994586        840.32625250278454     
   16.766999999994589        823.47327225463869     
   16.786999999994588        806.77509696528750     
   16.806999999994588        778.93242245956685     
   16.826999999994587        762.94142770610210     
   16.846999999994587        747.07668939756172     
   16.866999999994587        731.33682697364304     
   16.886999999994586        715.71923397121668     
   16.906999999994586        700.20565763007255     
   16.926999999994585        684.56455962860025     
   16.946999999994588        655.74592855170010     
   16.966999999994588        640.84548929228959     
   16.986999999994588        625.84018269471585     
   17.006999999994587        610.71186379618780     
   17.026999999994587        595.46381023058427     
   17.046999999994586        580.19791461718512     
   17.066999999994586        553.95070154399355     
   17.086999999994585        516.03614053764170     
   17.106999999994589        502.34808372062781     
   17.126999999994588        488.72020770284837     
   17.146999999994588        474.31998054651882     
   17.166999999994587        460.87013662584377     
   17.186999999994587        447.53893561916698     
   17.206999999994586        434.33340730080789     
   17.226999999994586        421.24794057889801     
   17.246999999994586        408.27763284793383     
   17.266999999994589        395.41288946329888     
   17.286999999994588        374.96174739226825     
   17.306999999994588        362.59872899114907     
   17.326999999994587        350.26346485296375     
   17.346999999994587        337.98084750919611     
   17.366999999994587        325.80049507427884     
   17.386999999994586        313.79463015204601     
   17.406999999994586        303.10252622362333     
   17.426999999994589        291.42915535961276     
   17.446999999994588        279.93851599460305     
   17.466999999994588        268.62863873888836     
   17.486999999994588        251.72447199781507     
   17.506999999994587        240.99039626002033     
   17.526999999994587        230.53940063907388     
   17.546999999994586        220.22949306974692     
   17.566999999994586        209.96662155126430     
   17.586999999994585        199.84346409087345     
   17.606999999994589        189.92858833707155     
   17.626999999994588        180.09871335234294     
   17.646999999994588        170.48889478133819     
   17.666999999994587        157.15505635456785     
   17.686999999994587        148.37066460437256     
   17.706999999994586        139.82703380516503     
   17.726999999994586        131.51186584874716     
   17.746999999994586        123.16888770126793     
   17.766999999994589        115.34810382813860     
   17.786999999994588        107.79749257307151     
   17.806999999994588        100.52921064735227     
   17.826999999994587        93.540293145147885     
   17.846999999994587        86.706861819557560     
   17.866999999994587        80.252173671521120     
   17.886999999994586        72.198730936109712     
   17.906999999994586        66.405624515451237     
   17.926999999994589        60.779841889753285     
   17.946999999994588        54.028887759136737     
   17.966999999994588        49.136004421738328     
   17.986999999994588        43.308171373949897     
   18.006999999994587        36.438003523004085     
   18.026999999994587        32.697556450865441     
   18.046999999994586        29.167445603623047     
   18.066999999994586        25.904543972523165     
   18.086999999994585        22.893982799232528     
   18.106999999994589        20.151398815265072     
   18.126999999994588        17.346786851988103     
   18.146999999994588        15.244892822222859     
   18.166999999994587        13.408878419976228     
   18.186999999994587        11.832054460903130     
   18.206999999994586        10.508250917433804     
   18.226999999994586        9.4321140615147900     
   18.246999999994586        8.6374309489350285     
   18.266999999994589        8.0450074649935388     
   18.286999999994588        7.6846885287577491     
   18.306999999994588        7.6049235512621820     
   18.326999999994587        7.7138790843783704     
   18.346999999994587        8.0596584620605345     
   18.366999999994587        8.6406225744192717     
   18.386999999994586        9.4549570943693215     
   18.406999999994586        10.501390009849935     
   18.426999999994589        11.780845503480410     
   18.446999999994588        13.258370888822144     
   18.466999999994588        14.957515455775155     
   18.486999999994588        16.876876269269971     
   18.506999999994587        19.015458809232076     
   18.526999999994587        21.372686331665648     
   18.546999999994586        23.948412209449931     
   18.566999999994586        26.743697252627491     
   18.586999999994585        29.760540670627041     
   18.606999999994589        33.001630094142762     
   18.626999999994588        36.470224104591530     
   18.646999999994588        40.171025376597996     
   18.666999999994587        44.110441055028097     
   18.686999999994587        47.274622589070347     
   18.706999999994586        51.576021637784997     
   18.726999999994586        56.134736903247898     
   18.746999999994586        60.965877796149904     
   18.766999999994589        66.076178277898563     
   18.786999999994588        69.953063733071843     
   18.806999999994588        75.421053308862156     
   18.826999999994587        81.131521568874277     
   18.846999999994587        87.082240956125403     
   18.866999999994587        93.272811088997415     
   18.886999999994586        99.707183402480638     
   18.906999999994586        106.12288584344354     
   18.926999999994589        112.89971573690512     
   18.946999999994588        117.78313329271062     
   18.966999999994588        125.45662340769532     
   18.986999999994588        130.40428629887720     
   19.006999999994587        138.49161833660685     
   19.026999999994587        146.89892653872070     
   19.046999999994586        155.27384988133139     
   19.066999999994586        164.26343666358085     
   19.086999999994585        173.54624849940893     
   19.106999999994589        183.12487727069987     
   19.126999999994588        192.98683572879696     
   19.146999999994588        202.75877423681641     
   19.166999999994587        208.91304318031899     
   19.186999999994587        219.35641637420574     
   19.206999999994586        230.06525875463063     
   19.226999999994586        240.96647878913225     
   19.246999999994586        252.02703776958722     
   19.266999999994589        263.22499951724978     
   19.286999999994588        274.55448333936545     
   19.306999999994588        286.02487690182488     
   19.326999999994587        297.64529200363575     
   19.346999999994587        309.40542400964279     
   19.366999999994587        321.27916968456111     
   19.386999999994586        333.22302559509353     
   19.406999999994586        345.20762598440672     
   19.426999999994589        357.22120825447752     
   19.446999999994588        368.69211627681966     
   19.466999999994588        380.71565072788155     
   19.486999999994588        392.75817379383591     
   19.506999999994587        404.82029947100989     
   19.526999999994587        416.90229233263432     
   19.546999999994586        429.00274989682640     
   19.566999999994586        441.11988217567466     
   19.586999999994585        453.25354218246906     
   19.606999999994589        465.40661531549324     
   19.626999999994588        477.58409794580450     
   19.646999999994588        489.79254079330929     
   19.666999999994587        502.05261572989616     
   19.686999999994587        514.41289145124074     
   19.706999999994586        526.89444861716845     
   19.726999999994586        539.51480044679568     
   19.746999999994586        552.05027899581717     
   19.766999999994589        564.82732554265931     
   19.786999999994588        577.69836762969044     
   19.806999999994588        590.69814424555932     
   19.826999999994587        599.74352387935824     
   19.846999999994587        612.71507709827108     
   19.866999999994587        625.79271367115427     
   19.886999999994586        634.88884272071243     
   19.906999999994586        647.82612603279392     
   19.926999999994589        660.88361908335423     
   19.946999999994588        674.07855696738454     
   19.966999999994588        687.42598578838192     
   19.986999999994588        700.94296347379782     
   20.006999999994587        714.65074857034313     
   20.026999999994587        728.61398131648377     
   20.046999999994586        742.70387579088083     
   20.066999999994586        757.05284483340984     
   20.086999999994585        771.61618984626250     
   20.106999999994589        783.53752970989410     
   20.126999999994588        798.40196894590304     
   20.146999999994588        813.45792809308352     
   20.166999999994587        828.69095489404367     
   20.186999999994587        844.08134374420354     
   20.206999999994586        859.60394189622809     
   20.226999999994586        875.23882768666874     
   20.246999999994586        890.97972919644178     
   20.266999999994589        906.82200234523452     
   20.286999999994588        922.77196065290764     
   20.306999999994588        938.85201010050287     
   20.326999999994587        955.06400682268531     
   20.346999999994587        971.40778161337357     
   20.366999999994587        987.94826296492170     
   20.386999999994586        1004.6762494663194     
   20.406999999994586        1021.3363813989437     
   20.426999999994589        1038.2189406602117     
   20.446999999994588        1055.1712739917839     
   20.466999999994588        1072.1319784819416     
   20.486999999994588        1089.0480996632507     
   20.506999999994587        1105.8747175536053     
   20.526999999994587        1122.5988970683334     
   20.546999999994586        1139.2155768810612     
   20.566999999994586        1155.7224252950512     
   20.586999999994585        1172.1196739634311     
   20.606999999994589        1190.3822488714050     
   20.626999999994588        1206.4658765678314     
   20.646999999994588        1222.4219633085070     
   20.666999999994587        1238.2582534518870     
   20.686999999994587        1254.0333486385393     
   20.706999999994586        1269.7933339769920     
   20.726999999994586        1285.5082436121108     
   20.746999999994586        1301.1522904357832     
   20.766999999994589        1316.7005362758209     
   20.786999999994588        1332.1273479087420     
   20.806999999994588        1347.4070336125726     
   20.826999999994587        1362.5232041299157     
   20.846999999994587        1377.4768245338930     
   20.866999999994587        1392.2733554399110     
   20.886999999994586        1406.9148760810779     
   20.906999999994586        1421.4062104313914     
   20.926999999994589        1435.7807393803125     
   20.946999999994588        1450.0814424805749     
   20.966999999994588        1466.5291285489836     
   20.986999999994588        1480.8592679783501     
   21.006999999994587        1506.4185969074924     
   21.026999999994587        1520.9034787674123     
   21.046999999994586        1535.3198639591428     
   21.066999999994586        1549.6205203427846     
   21.086999999994585        1563.7825499864441     
   21.106999999994589        1589.7622962944235     
   21.126999999994588        1603.7836208249685     
   21.146999999994588        1617.6942284374877     
   21.166999999994587        1631.5147528552318     
   21.186999999994587        1657.7000806112828     
   21.206999999994586        1671.7509578797467     
   21.226999999994586        1685.8862020910531     
   21.246999999994586        1700.0992188439038     
   21.266999999994589        1714.3852261701068     
   21.286999999994588        1728.7457829958053     
   21.306999999994588        1743.1700310105693     
   21.326999999994587        1757.6467514012343     
   21.346999999994587        1772.1854046271908     
   21.366999999994587        1799.2517103345194     
   21.386999999994586        1814.2336265387355     
   21.406999999994586        1829.3355820976817     
   21.426999999994589        1844.6814767671881     
   21.446999999994588        1860.3182048714089     
   21.466999999994588        1876.3790920071654     
   21.486999999994588        1887.2238083096590     
   21.506999999994587        1903.7852742927171     
   21.526999999994587        1920.5275070831879     
   21.546999999994586        1937.2793343205897     
   21.566999999994586        1954.0061814112178     
   21.586999999994585        1970.6985675914900     
   21.606999999994589        1987.3368307167832     
   21.626999999994588        2003.9030942055217     
   21.646999999994588        2020.3949190226442     
   21.666999999994587        2036.8197002400912     
   21.686999999994587        2053.1244714568779     
   21.706999999994586        2079.5627132377695     
   21.726999999994586        2096.0891748450899     
   21.746999999994586        2112.5207025528434     
   21.766999999994589        2128.8001574567511     
   21.786999999994588        2144.9193865923753     
   21.806999999994588        2180.5178375765672     
   21.826999999994587        2196.9299311231243     
   21.846999999994587        2213.2951338292360     
   21.866999999994587        2229.5430296655036     
   21.886999999994586        2245.6521997997766     
   21.906999999994586        2273.1287707067745     
   21.926999999994589        2296.5329446265951     
   21.946999999994588        2312.6389104394357     
   21.966999999994588        2328.5666680504587     
   21.986999999994588        2344.3526887340272     
   22.006999999994587        2360.0535662370348     
   22.026999999994587        2375.7667175107331     
   22.046999999994586        2391.5193401539627     
   22.066999999994586        2407.3251378723471     
   22.086999999994585        2423.2031644223935     
   22.106999999994589        2439.1862439911847     
   22.126999999994588        2455.1639008937009     
   22.146999999994588        2471.1173521144865     
   22.166999999994587        2487.1869749273696     
   22.186999999994587        2517.7101931939160     
   22.206999999994586        2527.4464892591250     
   22.226999999994586        2542.7061472095452     
   22.246999999994586        2557.7119343013819     
   22.266999999994589        2572.4350100693155     
   22.286999999994588        2586.8556323947064     
   22.306999999994588        2600.9748516840145     
   22.326999999994587        2614.7972664851995     
   22.346999999994587        2628.3453359915807     
   22.366999999994587        2640.0630784127538     
   22.386999999994586        2653.9572833101279     
   22.406999999994586        2667.5672580796099     
   22.426999999994589        2680.8731929602727     
   22.446999999994588        2693.8606889287012     
   22.466999999994588        2706.5271361560626     
   22.486999999994588        2718.8722547532270     
   22.506999999994587        2730.8911076636186     
   22.526999999994587        2742.5918889680192     
   22.546999999994586        2754.0512708456704     
   22.566999999994586        2765.3330415653145     
   22.586999999994585        2776.4303301216532     
   22.606999999994589        2787.3024780997789     
   22.626999999994588        2797.9364226524231     
   22.646999999994588        2808.3380407705727     
   22.666999999994587        2818.5143251787745     
   22.686999999994587        2828.4712912085670     
   22.706999999994586        2858.1099791360607     
   22.726999999994586        2867.5690558225083     
   22.746999999994586        2876.8080926091593     
   22.766999999994589        2906.6850029011580     
   22.786999999994588        2915.4296522155360     
   22.806999999994588        2923.9656732412000     
   22.826999999994587        2932.3090697129064     
   22.846999999994587        2940.4852713699311     
   22.866999999994587        2948.5678320918123     
   22.886999999994586        2978.8046934640629     
   22.906999999994586        2986.7067180399363     
   22.926999999994589        2994.5022362916880     
   22.946999999994588        3025.2966363785545     
   22.966999999994588        3032.9326516047649     
   22.986999999994588        3064.6897643410225     
   23.006999999994587        3072.6297136123212     
   23.026999999994587        3080.7099408437975     
   23.046999999994586        3088.8819445884010     
   23.066999999994586        3078.0471766173919     
   23.086999999994585        3068.3594306055579     
   23.106999999994589        3078.8135488199787     
   23.126999999994588        3089.2334231969944     
   23.146999999994588        3099.5843638726433     
   23.166999999994587        3088.5583375173624     
   23.186999999994587        3099.8406206933832     
   23.206999999994586        3137.3901489401096     
   23.226999999994586        3148.3927004363804     
   23.246999999994586        3159.2380495564262     
   23.266999999994589        3169.9200177953944     
   23.286999999994588        3180.4320334484373     
   23.306999999994588        3190.7656266028102     
   23.326999999994587        3200.9070966543122     
   23.346999999994587        3210.8370418596642     
   23.366999999994587        3220.5388276940057     
   23.386999999994586        3205.3311725891826     
   23.406999999994586        3190.3885153231190     
   23.426999999994589        3202.1988362256634     
   23.446999999994588        3213.9839212551315     
   23.466999999994588        3225.8640964013734     
   23.486999999994588        3237.9642883996758     
   23.506999999994587        3250.3431749682709     
   23.526999999994587        3262.9152365235327     
   23.546999999994586        3275.5753763421808     
   23.566999999994586        3288.2493731427476     
   23.586999999994585        3331.0090527875882     
   23.606999999994589        3343.6766280770653     
   23.626999999994588        3356.4116889659554     
   23.646999999994588        3369.2209587168641     
   23.666999999994587        3382.0744507002601     
   23.686999999994587        3394.9502652206470     
   23.706999999994586        3407.8049623434845     
   23.726999999994586        3452.2249375350798     
   23.746999999994586        3464.9874940259679     
   23.766999999994589        3477.6055163833807     
   23.786999999994588        3490.0684573974549     
   23.806999999994588        3502.3669384052068     
   23.826999999994587        3514.4907346978521     
   23.846999999994587        3526.4301332523241     
   23.866999999994587        3538.1756738211543     
   23.886999999994586        3549.7173802475627     
   23.906999999994586        3561.0437751612194     
   23.926999999994589        3572.1427826949193     
   23.946999999994588        3583.0046079857339     
   23.966999999994588        3593.6210224517340     
   23.986999999994588        3603.9861729783242     
   24.006999999994587        3614.1170337446442     
   24.026999999994587        3624.0548866067024     
   24.046999999994586        3633.8295091019008     
   24.066999999994586        3643.4639887925946     
   24.086999999994589        3652.9802008841621     
   24.106999999994589        3662.3981500837485     
   24.126999999994588        3671.7304147303348     
   24.146999999994588        3680.9789663167085     
   24.166999999994587        3690.1452680750131     
   24.186999999994587        3699.2301542166274     
   24.206999999994586        3708.2254723296278     
   24.226999999994586        3717.1185802462483     
   24.246999999994586        3725.9069939971178     
   24.266999999994589        3768.3778090965375     
   24.286999999994588        3777.1234694931131     
   24.306999999994588        3785.7562385451038     
   24.326999999994587        3828.5973796196959     
   24.346999999994587        3837.1765981339895     
   24.366999999994587        3845.6351964913697     
   24.386999999994586        3853.9688896383273     
   24.406999999994586        3862.1735969601596     
   24.426999999994589        3870.2431134991048     
   24.446999999994588        3878.1673704090767     
   24.466999999994588        3885.9267968288918     
   24.486999999994588        3894.6649848403363     
   24.506999999994587        3901.6249017328041     
   24.526999999994587        3908.4310485341289     
   24.546999999994586        3915.1151894316454     
   24.566999999994586        3921.7011642765438     
   24.586999999994589        3928.1863445118374     
   24.606999999994589        3934.5624327917694     
   24.626999999994588        3940.8213734342585     
   24.646999999994588        4021.0141518677319     
   24.666999999994587        4026.9359100156294     
   24.686999999994587        4032.6849914698491     
   24.706999999994586        4038.2508558048726     
   24.726999999994586        4043.6235248637190     
   24.746999999994586        4048.7934997980346     
   24.766999999994589        4053.7520987379066     
   24.786999999994588        4058.4926162138295     
   24.806999999994588        4063.0077328455882     
   24.826999999994587        4067.2900193025307     
   24.846999999994587        4071.3385968136804     
   24.866999999994587        4075.1594765345994     
   24.886999999994586        4114.3203946029635     
   24.906999999994586        4117.9481854295773     
   24.926999999994589        4121.3827018363700     
   24.946999999994588        4124.6394893070155     
   24.966999999994588        4127.7359939758289     
   24.986999999994588        4130.6917273300751     
   25.006999999994587        4133.5322589066664     
   25.026999999994587        4136.2802997777853     
   25.046999999994586        4118.3971506047328     
   25.066999999994586        4122.2661384383418     
   25.086999999994589        4107.3293772623965     
   25.106999999994589        4112.3897707960978     
   25.126999999994588        4117.4341890675641     
   25.146999999994588        4122.4771634134795     
   25.166999999994587        4127.5338918161478     
   25.186999999994587        4132.6350122529620     
   25.206999999994586        4137.9165880614155     
   25.226999999994586        4143.4837806423866     
   25.246999999994586        4181.4749086068414     
   25.266999999994589        4187.8858023111779     
   25.286999999994588        4194.5277572314353     
   25.306999999994588        4201.3825115274403     
   25.326999999994587        4208.4333161000768     
   25.346999999994587        4215.6647466081486     
   25.366999999994587        4258.8917134665317     
   25.386999999994586        4266.8210377733903     
   25.406999999994586        4274.9852245963375     
   25.426999999994589        4283.4306803541103     
   25.446999999994588        4292.2162548268152     
   25.466999999994588        4301.2114502782961     
   25.486999999994588        4310.3062636850173     
   25.506999999994587        4319.5391656977354     
   25.526999999994587        4328.7677959045304     
   25.546999999994586        4337.7930414047141     
   25.566999999994586        4346.5907037369434     
   25.586999999994589        4355.1396648113778     
   25.606999999994589        4400.9600743679739     
   25.626999999994588        4406.1625484533788     
   25.646999999994588        4415.4082537898557     
   25.666999999994587        4424.3102058221975     
   25.686999999994587        4432.8544896431613     
   25.706999999994586        4441.0282986181492     
   25.726999999994586        4463.6821090475778     
   25.746999999994586        4470.6302804303223     
   25.766999999994589        4492.4442663131886     
   25.786999999994588        4498.3521008416883     
   25.806999999994588        4503.9785636008410     
   25.826999999994587        4509.2988465347635     
   25.846999999994587        4514.3735936200856     
   25.866999999994587        4546.5161411883892     
   25.886999999994586        4569.1786711265650     
   25.906999999994586        4573.4286874039044     
   25.926999999994589        4624.5786103263335     
   25.946999999994588        4628.1403424316977     
   25.966999999994588        4651.2804999360706     
   25.986999999994588        4653.3730993993331     
   26.006999999994587        4654.9597569402486     
   26.026999999994587        4656.0419351197988     
   26.046999999994586        4656.6942759076856     
   26.066999999994586        4657.0168773970854     
   26.086999999994589        4657.0045985438446     
   26.106999999994589        4656.6463757631273     
   26.126999999994588        4655.9422025359709     
   26.146999999994588        4654.8918480124821     
   26.166999999994587        4653.4872336168210     
   26.186999999994587        4651.7270700628187     
   26.206999999994586        4649.6506215672907     
   26.226999999994586        4647.3789206764041     
   26.246999999994586        4644.9413145742974     
   26.266999999994589        4692.2564729142277     
   26.286999999994588        4689.7678480220748     
   26.306999999994588        4687.3362204312980     
   26.326999999994587        4684.9180431479226     
   26.346999999994587        4682.4684547175702     
   26.366999999994587        4679.9599708526030     
   26.386999999994586        4677.3757936211905     
   26.406999999994586        4674.7015556017714     
   26.426999999994589        4671.9226580403783     
   26.446999999994588        4720.3981657884760     
   26.466999999994588        4770.0747776346234     
   26.486999999994588        4767.1716507213514     
   26.506999999994587        4764.2454311399415     
   26.526999999994587        4761.3265052416036     
   26.546999999994586        4758.4483531666820     
   26.566999999994586        4755.6514911388131     
   26.586999999994589        4753.0441274408822     
   26.606999999994589        4750.6975271406236     
   26.626999999994588        4748.3742160517622     
   26.646999999994588        4776.7919397483629     
   26.666999999994587        4773.7748128599751     
   26.686999999994587        4770.6230318353046     
   26.706999999994586        4767.3551794372497     
   26.726999999994586        4764.1019819504763     
   26.746999999994586        4760.8984563062331     
   26.766999999994589        4813.0770105682186     
   26.786999999994588        4843.2815639078981     
   26.806999999994588        4839.5317128193128     
   26.826999999994587        4835.7037501493442     
   26.846999999994587        4831.7670008334380     
   26.866999999994587        4827.6904524028723     
   26.886999999994586        4823.4594356635980     
   26.906999999994586        4876.9953697239062     
   26.926999999994589        4872.5077025319988     
   26.946999999994588        4867.9143624558710     
   26.966999999994588        4863.2295681860551     
   26.986999999994588        4858.4528714338912     
