   3.0000000006111804E-003   780.45290106583730     
   2.3000000000611181E-002   780.87728035046587     
   4.3000000000611181E-002   781.08294981880329     
   6.3000000000611178E-002   781.48349018810143     
   8.3000000000611182E-002   781.71037841596660     
  0.10300000000061119        782.04273721798870     
  0.12300000000061118        782.36679279028431     
  0.14300000000061119        782.83403545249780     
  0.16300000000061118        783.21961372870771     
  0.18300000000061117        783.11799891405087     
  0.20300000000061119        783.86571446434687     
  0.22300000000061118        784.16429025364994     
  0.24300000000061117        783.89356138767323     
  0.26300000000061119        784.79313839328199     
  0.28300000000061121        785.27529671095817     
  0.30300000000061117        785.54645745552466     
  0.32300000000061119        786.01148103812795     
  0.34300000000061120        786.28861692712485     
  0.36300000000061117        786.14976029156878     
  0.38300000000061118        786.58991972893148     
  0.40300000000061120        787.46341571822313     
  0.42300000000061116        787.82054915105505     
  0.44300000000061118        788.09958588203938     
  0.46300000000061120        787.81866211191607     
  0.48300000000061116        788.97860423330212     
  0.50300000000061118        788.59709670011910     
  0.52300000000061120        789.72736401986663     
  0.54300000000061122        789.73820331618072     
  0.56300000000061123        788.58722014955026     
  0.58300000000061114        791.08596193320170     
  0.60300000000061116        790.00539966635552     
  0.62300000000061118        791.22250757416066     
  0.64300000000061119        791.37516530625908     
  0.66300000000061121        790.99196320734620     
  0.68300000000061123        791.03798263169494     
  0.70300000000061125        790.94807884313536     
  0.72300000000061115        793.97993742753886     
  0.74300000000061117        794.96985051160596     
  0.76300000000061119        793.47577020525182     
  0.78300000000061121        794.14911764328644     
  0.80300000000061122        792.83887944992762     
  0.82300000000061124        793.92078534266841     
  0.84300000000061115        795.37222317537316     
  0.86300000000061117        793.83498683338939     
  0.88300000000061118        793.05105348256734     
  0.90300000000061120        794.28909207164315     
  0.92300000000061122        797.71055382770680     
  0.94300000000061124        797.09549061828034     
  0.96300000000061114        796.37031436897621     
  0.98300000000061116        794.86040091920734     
   1.0030000000006112        797.08837125906723     
   1.0230000000006112        797.40852735065698     
   1.0430000000006112        797.05172772878882     
   1.0630000000006112        799.03071456256862     
   1.0830000000006113        797.58465752008976     
   1.1030000000006113        799.05108393422768     
   1.1230000000006113        797.80481426888980     
   1.1430000000006113        798.69007856479209     
   1.1630000000006111        803.34917666236322     
   1.1830000000006111        799.09082553827682     
   1.2030000000006111        800.36855601056698     
   1.2230000000006112        799.29199948305245     
   1.2430000000006112        800.25450641227121     
   1.2630000000006112        803.38627064549314     
   1.2830000000006112        800.78732445539367     
   1.3030000000006112        800.69137705191088     
   1.3230000000006112        802.73430165825209     
   1.3430000000006113        801.56033386052115     
   1.3630000000006113        803.46241791953310     
   1.3830000000006113        806.35904952872227     
   1.4030000000006113        805.57617385299363     
   1.4230000000006111        801.68340737373694     
   1.4430000000006111        804.58825434365554     
   1.4630000000006111        805.75386262595509     
   1.4830000000006112        809.32623627286409     
   1.5030000000006112        804.89326554750392     
   1.5230000000006112        804.65632008908676     
   1.5430000000006112        806.38921935550582     
   1.5630000000006112        808.60588543576239     
   1.5830000000006113        804.42446566073534     
   1.6030000000006113        807.68766087512461     
   1.6230000000006113        805.34083912609708     
   1.6430000000006113        806.57863969460766     
   1.6630000000006113        810.15261089214425     
   1.6830000000006111        806.42146148059908     
   1.7030000000006111        807.81720163142211     
   1.7230000000006112        809.04380454827367     
   1.7430000000006112        810.30091782259228     
   1.7630000000006112        811.79921690920128     
   1.7830000000006112        811.05378350984927     
   1.8030000000006112        810.44714914873452     
   1.8230000000006112        813.63409913213252     
   1.8430000000006113        817.53954274268517     
   1.8630000000006113        816.67769869730535     
   1.8830000000006113        816.55038798518444     
   1.9030000000006113        813.05856945246296     
   1.9230000000006111        812.36454084366324     
   1.9430000000006111        812.03611437807911     
   1.9630000000006111        810.66840926711666     
   1.9830000000006112        814.07092296691542     
   2.0030000000006112        814.00178731794847     
   2.0230000000006112        810.05939008008420     
   2.0430000000006112        811.04510520892870     
   2.0630000000006112        812.04800186780312     
   2.0830000000006113        811.42926757637758     
   2.1030000000006113        813.30215433275043     
   2.1230000000006113        815.52947411809009     
   2.1430000000006113        815.06417695495861     
   2.1630000000006113        815.10145647475565     
   2.1830000000006113        818.61868790359586     
   2.2030000000006114        819.08791094518244     
   2.2230000000006114        821.09909936682345     
   2.2430000000006114        817.82758400254045     
   2.2630000000006114        818.50188058367712     
   2.2830000000006114        819.70823178293301     
   2.3030000000006114        822.38235281232789     
   2.3230000000006110        824.84942317728644     
   2.3430000000006110        823.48836077234444     
   2.3630000000006111        820.31092562612571     
   2.3830000000006111        818.84283687444611     
   2.4030000000006111        820.93437883859826     
   2.4230000000006111        825.04359972166071     
   2.4430000000006111        820.56889174394928     
   2.4630000000006111        820.53879542651123     
   2.4830000000006112        822.92475111813633     
   2.5030000000006112        823.55511376886000     
   2.5230000000006112        823.97539280044998     
   2.5430000000006112        819.81576740539958     
   2.5630000000006112        817.78154856212916     
   2.5830000000006113        814.08282910534115     
   2.6030000000006113        816.77481477766605     
   2.6230000000006113        819.33840402293060     
   2.6430000000006113        822.88290718035182     
   2.6630000000006113        823.46351049886437     
   2.6830000000006113        821.26955846860983     
   2.7030000000006114        823.44619577990306     
   2.7230000000006114        828.09010816915691     
   2.7430000000006114        827.78223919904804     
   2.7630000000006114        831.72813035162562     
   2.7830000000006114        831.41148484286123     
   2.8030000000006114        832.05769371318615     
   2.8230000000006110        829.94925534956110     
   2.8430000000006110        826.54391846893611     
   2.8630000000006111        826.63080509875022     
   2.8830000000006111        827.24681481414132     
   2.9030000000006111        833.22522516720778     
   2.9230000000006111        834.27043734629433     
   2.9430000000006111        834.43931738450635     
   2.9630000000006111        840.80265534684963     
   2.9830000000006112        838.70431945966766     
   3.0030000000006112        837.84882029632570     
   3.0230000000006112        833.67764149969935     
   3.0430000000006112        834.12579131565337     
   3.0630000000006112        834.22728348125668     
   3.0830000000006113        832.68269075844273     
   3.1030000000006113        830.36702259040919     
   3.1230000000006113        831.62614385747929     
   3.1430000000006113        831.49024845845793     
   3.1630000000006113        828.92671269668290     
   3.1830000000006113        835.14091437385537     
   3.2030000000006114        835.53585901667805     
   3.2230000000006114        836.23894788066673     
   3.2430000000006114        833.55332952739911     
   3.2630000000006114        836.12809139450007     
   3.2830000000006114        837.80460981871283     
   3.3030000000006114        838.84792349532177     
   3.3230000000006115        839.53343819183772     
   3.3430000000006110        841.64210755913200     
   3.3630000000006111        837.11266231972365     
   3.3830000000006111        841.97179976340863     
   3.4030000000006111        837.83587600135513     
   3.4230000000006111        836.86493129260634     
   3.4430000000006111        837.23473280268513     
   3.4630000000006111        837.27782931580646     
   3.4830000000006112        839.63070837688520     
   3.5030000000006112        837.03314810580196     
   3.5230000000006112        836.67229082789663     
   3.5430000000006112        832.05313801324314     
   3.5630000000006112        832.43943411970690     
   3.5830000000006113        834.80327354270275     
   3.6030000000006113        836.51017458552030     
   3.6230000000006113        838.49236851526962     
   3.6430000000006113        841.61316059565195     
   3.6630000000006113        843.90039372910235     
   3.6830000000006113        846.67325892606459     
   3.7030000000006114        848.20549541874061     
   3.7230000000006114        850.30831117981757     
   3.7430000000006114        845.00492674496536     
   3.7630000000006114        850.65664755004093     
   3.7830000000006114        849.98013271402010     
   3.8030000000006114        849.36668614981897     
   3.8230000000006115        849.40684195921574     
   3.8430000000006110        843.50496450620949     
   3.8630000000006111        841.92819735993100     
   3.8830000000006111        843.56649762180871     
   3.9030000000006111        841.30239493911392     
   3.9230000000006111        840.62520962284327     
   3.9430000000006111        843.72921179177081     
   3.9630000000006111        848.27534545577919     
   3.9830000000006112        851.33016001449346     
   4.0030000000006112        847.00247943487648     
   4.0230000000006116        846.77679559165699     
   4.0430000000006112        847.55871244943432     
   4.0630000000006117        847.19752364284273     
   4.0830000000006113        850.70890963484283     
   4.1030000000006108        852.63865825129847     
   4.1230000000006113        853.63458309828320     
   4.1430000000006109        855.22342692839970     
   4.1630000000006113        857.09741624641129     
   4.1830000000006109        857.33325627978991     
   4.2030000000006114        858.25204858512484     
   4.2230000000006109        858.76963772304214     
   4.2430000000006114        859.63709641599576     
   4.2630000000006110        858.73504057081755     
   4.2830000000006114        858.10164949868897     
   4.3030000000006110        858.07063831755727     
   4.3230000000006115        858.71201930220388     
   4.3430000000006110        864.92035909594961     
   4.3630000000006115        865.30601419302548     
   4.3830000000006111        868.54959845113092     
   4.4030000000006115        869.62109158930753     
   4.4230000000006111        869.38080631852540     
   4.4430000000006116        871.57306719750557     
   4.4630000000006111        873.67129062585343     
   4.4830000000006116        868.52426602477124     
   4.5030000000006112        867.47393044093531     
   4.5230000000006116        868.68227275726542     
   4.5430000000006112        869.59850654358343     
   4.5630000000006117        870.04396903312158     
   4.5830000000006113        874.61207356139084     
   4.6030000000006117        876.72261835432710     
   4.6230000000006113        876.73513488124297     
   4.6430000000006109        879.62782929623586     
   4.6630000000006113        874.66298884784339     
   4.6830000000006109        878.73979880571528     
   4.7030000000006114        878.62873550564427     
   4.7230000000006109        873.48995392690995     
   4.7430000000006114        868.66426090433549     
   4.7630000000006110        868.01508027908289     
   4.7830000000006114        870.44090023339152     
   4.8030000000006110        869.73909762940673     
   4.8230000000006115        875.30562757374241     
   4.8430000000006110        876.49619322641354     
   4.8630000000006115        868.78698264093475     
   4.8830000000006111        867.99104951621882     
   4.9030000000006115        867.36459072660466     
   4.9230000000006111        867.78277555891941     
   4.9430000000006116        868.61940044541632     
   4.9630000000006111        870.65185185207213     
   4.9830000000006116        870.10918162298219     
   5.0030000000006112        871.69879444177593     
   5.0230000000006116        870.59367428516839     
   5.0430000000006112        869.61397962276067     
   5.0630000000006117        868.87128636871046     
   5.0830000000006113        868.78432699156269     
   5.1030000000006117        862.58882302930135     
   5.1230000000006113        863.37502605906172     
   5.1430000000006109        862.91311462804117     
   5.1630000000006113        864.22265555799538     
   5.1830000000006109        865.42012908510537     
   5.2030000000006114        868.72580998199226     
   5.2230000000006109        868.30680057557208     
   5.2430000000006114        871.55988619997402     
   5.2630000000006110        878.99800686326330     
   5.2830000000006114        879.28173215159927     
   5.3030000000006110        880.77939267934778     
   5.3230000000006115        881.33618433857737     
   5.3430000000006110        879.00925848287500     
   5.3630000000006115        880.55523334840666     
   5.3830000000006111        871.26534749081748     
   5.4030000000006115        875.43542959985177     
   5.4230000000006111        879.22485688721270     
   5.4430000000006116        881.44491431385848     
   5.4630000000006111        882.16594642368000     
   5.4830000000006116        883.91451469901085     
   5.5030000000006112        885.51453254650846     
   5.5230000000006116        887.59660043049257     
   5.5430000000006112        889.17341463189302     
   5.5630000000006117        889.98416710303627     
   5.5830000000006113        891.56142777249249     
   5.6030000000006117        884.54508305634988     
   5.6230000000006113        879.14453857142871     
   5.6430000000006109        881.00375877917281     
   5.6630000000006113        881.84882579793759     
   5.6830000000006109        875.06185504748930     
   5.7030000000006114        874.99679251423504     
   5.7230000000006109        875.12229890720425     
   5.7430000000006114        876.73033812882431     
   5.7630000000006110        878.34238480425165     
   5.7830000000006114        883.36669836128954     
   5.8030000000006110        886.64730218644263     
   5.8230000000006115        888.63703022875279     
   5.8430000000006110        885.34521652369313     
   5.8630000000006115        886.73400688489312     
   5.8830000000006111        886.99749021602986     
   5.9030000000006115        888.12849857736967     
   5.9230000000006111        894.68039118538786     
   5.9430000000006116        894.97875231445914     
   5.9630000000006111        896.63708084927043     
   5.9830000000006116        898.07882671027824     
   6.0030000000006112        896.59818332966722     
   6.0230000000006116        888.73756190421773     
   6.0430000000006112        887.73880998551795     
   6.0630000000006117        888.45560539156565     
   6.0830000000006113        887.28302494937225     
   6.1030000000006117        887.77579798651334     
   6.1230000000006113        887.63454510788142     
   6.1430000000006117        882.68836901123973     
   6.1630000000006113        880.98134498078275     
   6.1830000000006109        881.48610688226643     
   6.2030000000006114        883.16050338403750     
   6.2230000000006109        885.36730979287188     
   6.2430000000006114        886.97809766734554     
   6.2630000000006110        888.27899636667905     
   6.2830000000006114        887.11033480771209     
   6.3030000000006110        887.65595728758137     
   6.3230000000006115        888.07445743063590     
   6.3430000000006110        887.81039393087678     
   6.3630000000006115        892.05348208477699     
   6.3830000000006111        892.07485589214537     
   6.4030000000006115        892.04883056075641     
   6.4230000000006111        893.20043416582803     
   6.4430000000006116        894.27992726639070     
   6.4630000000006111        894.19624997383050     
   6.4830000000006116        893.17060500039236     
   6.5030000000006112        894.64137251238253     
   6.5230000000006116        896.16317263780729     
   6.5430000000006112        899.82168504629976     
   6.5630000000006117        901.41212485514802     
   6.5830000000006113        903.00726583684332     
   6.6030000000006117        902.67843716586458     
   6.6230000000006113        903.45908697829418     
   6.6430000000006117        906.54350921686796     
   6.6630000000006113        906.29537224647868     
   6.6830000000006109        906.66456226311902     
   6.7030000000006114        908.51182153599120     
   6.7230000000006109        898.34855964743485     
   6.7430000000006114        898.05455897066815     
   6.7630000000006110        903.14269956559588     
   6.7830000000006114        911.62122483218047     
   6.8030000000006110        911.97130787714821     
   6.8230000000006115        911.38559900566770     
   6.8430000000006110        910.61318687738822     
   6.8630000000006115        910.86712914603117     
   6.8830000000006111        912.51220857624264     
   6.9030000000006115        915.71143172029565     
   6.9230000000006111        915.53885937857444     
   6.9430000000006116        920.10580202856966     
   6.9630000000006111        921.28208840314926     
   6.9830000000006116        911.45649584897660     
   7.0030000000006112        914.69241569919495     
   7.0230000000006116        915.72496097185933     
   7.0430000000006112        914.66068184805806     
   7.0630000000006117        913.25239807948810     
   7.0830000000006113        904.69378224146078     
   7.1030000000006117        903.74741999050332     
   7.1230000000006113        902.31728543276506     
   7.1430000000006117        903.82644302775691     
   7.1630000000006113        903.60449117932808     
   7.1830000000006109        904.80564183854199     
   7.2030000000006114        904.38095957883786     
   7.2230000000006109        905.30139197624123     
   7.2430000000006114        905.43308692603944     
   7.2630000000006110        904.47060988838609     
   7.2830000000006114        905.50259199282186     
   7.3030000000006110        905.50487052587528     
   7.3230000000006115        906.71516015706834     
   7.3430000000006110        908.61950593361894     
   7.3630000000006115        907.05139966978493     
   7.3830000000006111        907.32150489464823     
   7.4030000000006115        906.02083268186584     
   7.4230000000006111        909.19990602562598     
   7.4430000000006116        906.67812623946543     
   7.4630000000006111        905.13532793190302     
   7.4830000000006116        899.97574822104900     
   7.5030000000006112        895.52824892938941     
   7.5230000000006116        894.11863304190933     
   7.5430000000006112        891.14706855307327     
   7.5630000000006117        891.32745791894763     
   7.5830000000006113        888.26459367169537     
   7.6030000000006117        886.15107536144080     
   7.6230000000006113        883.84882854280772     
   7.6430000000006117        882.01556539732633     
   7.6630000000006113        879.79635277835655     
   7.6830000000006109        877.74197476885604     
   7.7030000000006114        877.26152863090113     
   7.7230000000006109        867.89384873766539     
   7.7430000000006114        869.25376761067560     
   7.7630000000006110        867.63169887298375     
   7.7830000000006114        866.59631157657338     
   7.8030000000006110        866.24864004352821     
   7.8230000000006115        865.46802219876588     
   7.8430000000006110        864.62942496109247     
   7.8630000000006115        864.60648342276477     
   7.8830000000006111        868.44805021214540     
   7.9030000000006115        872.09251665654972     
   7.9230000000006111        872.47388131090327     
   7.9430000000006116        874.73601971929941     
   7.9630000000006111        874.67997871354260     
   7.9830000000006116        874.51237599632532     
   8.0030000000006112        874.56913613109123     
   8.0230000000006108        874.16428067336653     
   8.0430000000006121        873.72244368352267     
   8.0630000000006117        873.32901990269875     
   8.0830000000006113        873.04437573677535     
   8.1030000000006108        875.36380124114646     
   8.1230000000006122        880.00610947934911     
   8.1430000000006117        882.44627466573820     
   8.1630000000006113        882.39201828754642     
   8.1830000000006109        885.07454381265188     
   8.2030000000006105        885.11413546563392     
   8.2230000000006118        885.15745735070038     
   8.2430000000006114        886.95250183700887     
   8.2630000000006110        887.10803409398170     
   8.2830000000006105        890.73284944899365     
   8.3030000000006119        890.49504689223420     
   8.3230000000006115        892.40053225764382     
   8.3430000000006110        892.07436297299785     
   8.3630000000006106        894.46455548867937     
   8.3830000000006120        894.25619589941448     
   8.4030000000006115        893.28862462867858     
   8.4230000000006111        898.20085075334680     
   8.4430000000006107        900.53845265191967     
   8.4630000000006120        902.83098165581418     
   8.4830000000006116        902.31422384794030     
   8.5030000000006112        901.79211121467961     
   8.5230000000006108        901.28736976129608     
   8.5430000000006121        900.88915606749526     
   8.5630000000006117        900.65946336516663     
   8.5830000000006113        900.60325816329350     
   8.6030000000006108        900.69959239550258     
   8.6230000000006122        899.80977359608471     
   8.6430000000006117        900.10762670502606     
   8.6630000000006113        907.67105808373094     
   8.6830000000006109        916.12793093472817     
   8.7030000000006122        915.25440499522540     
   8.7230000000006118        918.17714127099441     
   8.7430000000006114        923.00491122446306     
   8.7630000000006110        928.89685496571849     
   8.7830000000006105        932.41737397078032     
   8.8030000000006119        932.83736768510732     
   8.8230000000006115        931.97491084071510     
   8.8430000000006110        934.44058728166624     
   8.8630000000006106        940.95595098169917     
   8.8830000000006120        941.62138778578958     
   8.9030000000006115        942.98040961970025     
   8.9230000000006111        947.33433927694023     
   8.9430000000006107        934.37332222121029     
   8.9630000000006120        938.05300835361288     
   8.9830000000006116        938.58652495409808     
   9.0030000000006112        939.07488055826514     
   9.0230000000006108        942.35151620530473     
   9.0430000000006121        942.15300761818639     
   9.0630000000006117        942.44127972763033     
   9.0830000000006113        945.92059701126902     
   9.1030000000006108        946.47366396127052     
   9.1230000000006122        947.10290971188249     
   9.1430000000006117        947.87545747574484     
   9.1630000000006113        956.71366434569359     
   9.1830000000006109        957.56233040258871     
   9.2030000000006122        958.41964733131942     
   9.2230000000006118        959.31462879078197     
   9.2430000000006114        960.28207819610907     
   9.2630000000006110        963.60779853420001     
   9.2830000000006105        967.04135837048909     
   9.3030000000006119        966.07126998785054     
   9.3230000000006115        956.71126235088798     
   9.3430000000006110        956.76357671998983     
   9.3630000000006106        962.34377077488580     
   9.3830000000006120        963.13124440889374     
   9.4030000000006115        964.04730486297592     
   9.4230000000006111        963.23748956982070     
   9.4430000000006107        956.26534360037704     
   9.4630000000006120        945.20179244807184     
   9.4830000000006116        949.68250939927520     
   9.5030000000006112        950.47465898664336     
   9.5230000000006108        950.98463596038118     
   9.5430000000006121        954.79324569261905     
   9.5630000000006117        956.57656494486048     
   9.5830000000006113        958.37178898121431     
   9.6030000000006108        959.49685685452823     
   9.6230000000006122        960.57405629518814     
   9.6430000000006117        967.41019246913186     
   9.6630000000006113        970.57957354530583     
   9.6830000000006109        971.49546141458632     
   9.7030000000006122        956.87587634463159     
   9.7230000000006118        956.45214702401131     
   9.7430000000006114        956.63938150864851     
   9.7630000000006110        956.75923284383964     
   9.7830000000006105        956.81466944459714     
   9.8030000000006119        956.78295063388066     
   9.8230000000006115        958.23950964431958     
   9.8430000000006110        958.18603801067604     
   9.8630000000006106        958.22795840849506     
   9.8830000000006120        958.46040380664135     
   9.9030000000006115        958.80719447797310     
   9.9230000000006111        958.79478337183889     
   9.9430000000006107        958.76338406694163     
   9.9630000000006120        958.72812475813544     
   9.9830000000006116        958.57655847893307     
   10.003000000000611        955.30169470513056     
   10.023000000000611        954.86169187017754     
   10.043000000000612        954.33146498999020     
   10.063000000000612        953.75506518813290     
   10.083000000000611        953.19499641390416     
   10.103000000000611        952.74886183326055     
   10.123000000000612        952.36107160089591     
   10.143000000000612        951.94615055070813     
   10.163000000000611        953.27294215828499     
   10.183000000000611        951.80338430810389     
   10.203000000000612        935.63005590171372     
   10.223000000000612        935.41338867953993     
   10.243000000000611        935.18777645196042     
   10.263000000000611        933.09370230811066     
   10.283000000000611        932.63248426531254     
   10.303000000000612        934.63294651903641     
   10.323000000000611        934.25064249243530     
   10.343000000000611        939.04588257031799     
   10.363000000000611        938.28071390624029     
   10.383000000000612        938.72038137988466     
   10.403000000000612        938.11267324553808     
   10.423000000000611        938.11450454905344     
   10.443000000000611        937.41604021084436     
   10.463000000000612        936.67276936958569     
   10.483000000000612        935.91308001302173     
   10.503000000000611        934.91584578987420     
   10.523000000000611        937.73428328371278     
   10.543000000000612        937.88625183725674     
   10.563000000000612        937.54700976463130     
   10.583000000000611        936.88152989815558     
   10.603000000000611        936.55702254536118     
   10.623000000000612        936.18614547030404     
   10.643000000000612        935.80122914269498     
   10.663000000000611        935.46254866782454     
   10.683000000000611        934.29437484679954     
   10.703000000000612        934.07745160083084     
   10.723000000000612        937.43134567299353     
   10.743000000000611        937.17900436229422     
   10.763000000000611        936.92834645827384     
   10.783000000000611        938.96233296485377     
   10.803000000000612        938.78525763173354     
   10.823000000000611        941.10249364318929     
   10.843000000000611        941.02227256903507     
   10.863000000000611        948.69263337134555     
   10.883000000000612        947.27410345726037     
   10.903000000000612        951.13122053879863     
   10.923000000000611        951.02528853603349     
   10.943000000000611        953.34107765290582     
   10.963000000000612        953.67822972724207     
   10.983000000000612        954.14856680860964     
   11.003000000000611        954.54258172790207     
   11.023000000000611        953.46752708855240     
   11.043000000000612        957.28901075133547     
   11.063000000000612        960.65784274733494     
   11.083000000000611        960.99860021256882     
   11.103000000000611        961.41144123356753     
   11.123000000000612        963.71137644464864     
   11.143000000000612        963.57652413324831     
   11.163000000000611        968.57429466801318     
   11.183000000000611        969.24314122837120     
   11.203000000000612        969.86846827470004     
   11.223000000000612        964.96060656495126     
   11.243000000000611        954.02058721098695     
   11.263000000000611        954.54411395134468     
   11.283000000000611        959.34492480512381     
   11.303000000000612        959.82377595462310     
   11.323000000000611        960.27645949693226     
   11.343000000000611        960.71208325090686     
   11.363000000000611        961.12919004039964     
   11.383000000000612        961.53045094030529     
   11.403000000000612        961.92099522314743     
   11.423000000000611        962.30894396478232     
   11.443000000000611        962.68339824878808     
   11.463000000000612        965.73342954007273     
   11.483000000000612        966.01635145374792     
   11.503000000000611        966.28760813819815     
   11.523000000000611        970.29874598247557     
   11.543000000000612        970.62172309236951     
   11.563000000000612        983.11341530371453     
   11.583000000000611        983.59364031657935     
   11.603000000000611        987.40294657883987     
   11.623000000000612        987.87279095102861     
   11.643000000000612        992.92882868656216     
   11.663000000000611        998.02478498791652     
   11.683000000000611        983.94150043332718     
   11.703000000000612        991.71623036672020     
   11.723000000000612        992.93648827119921     
   11.743000000000611        994.10683292981048     
   11.763000000000611        995.22412399927521     
   11.783000000000611        996.29138446026070     
   11.803000000000612        997.31204023884686     
   11.823000000000611        998.28091840888612     
   11.843000000000611        1011.4705137518403     
   11.863000000000611        1013.1655765595380     
   11.883000000000612        1014.8496287666626     
   11.903000000000612        1021.6139595467082     
   11.923000000000611        1022.6770556711083     
   11.943000000000611        1023.6369811052243     
   11.963000000000612        1029.4389559524302     
   11.983000000000612        1030.2582468262462     
   12.003000000000611        1031.0871281368691     
   12.023000000000611        1031.9377262326298     
   12.043000000000612        1032.2750645391025     
   12.063000000000612        1032.5711298664537     
   12.083000000000611        1032.8431616815192     
   12.103000000000611        1033.0819377076380     
   12.123000000000612        1038.1643669224400     
   12.143000000000612        1038.2939563723473     
   12.163000000000611        1038.3719499170786     
   12.183000000000611        1038.4026857253507     
   12.203000000000612        1043.2209132346657     
   12.223000000000612        1048.0057703559467     
   12.243000000000611        1047.9053340565406     
   12.263000000000611        1047.7710350014686     
   12.283000000000612        1047.6145150426123     
   12.303000000000612        1047.4240212498426     
   12.323000000000611        1047.2418690147820     
   12.343000000000611        1047.0855861868120     
   12.363000000000611        1046.9838361119234     
   12.383000000000612        1050.9728572702254     
   12.403000000000612        1048.7546139460067     
   12.423000000000611        1048.0397928199216     
   12.443000000000611        1051.4006586000928     
   12.463000000000612        1050.5215916619766     
   12.483000000000612        1054.0245040752973     
   12.503000000000611        1052.9732900567008     
   12.523000000000611        1052.0138014511197     
   12.543000000000612        1051.2238585244061     
   12.563000000000612        1048.4710306688173     
   12.583000000000611        1051.5790032037473     
   12.603000000000611        1050.5341747909706     
   12.623000000000612        1049.5335498678685     
   12.643000000000612        1046.3816112600982     
   12.663000000000611        1044.7063331827460     
   12.683000000000611        1042.8770373255013     
   12.703000000000612        1040.9776717418586     
   12.723000000000612        1047.3275898486825     
   12.743000000000611        1045.4061892540101     
   12.763000000000611        1043.4992252650309     
   12.783000000000612        1041.6027980463880     
   12.803000000000612        1039.7086592859930     
   12.823000000000611        1037.8259838214881     
   12.843000000000611        1039.4063125444343     
   12.863000000000611        1037.5198192635121     
   12.883000000000612        1038.8896581809240     
   12.903000000000612        1036.9094890354693     
   12.923000000000611        1034.8131682361077     
   12.943000000000611        1032.5711282913774     
   12.963000000000612        1030.1923508559569     
   12.983000000000612        1027.7062224075078     
   13.003000000000611        1025.1371938692346     
   13.023000000000611        1027.9710007900289     
   13.043000000000612        1025.2915452021621     
   13.063000000000612        1022.5591861686397     
   13.083000000000611        1022.2334485150183     
   13.103000000000611        1019.3032503819975     
   13.123000000000612        1021.7776095784010     
   13.143000000000612        1018.6942177729043     
   13.163000000000611        1021.0473066545169     
   13.183000000000611        1017.8813509047802     
   13.203000000000612        1014.7034098494952     
   13.223000000000612        1011.4094165434873     
   13.243000000000611        1007.7115060525532     
   13.263000000000611        1004.0588123122679     
   13.283000000000612        1005.7521900065941     
   13.303000000000612        1002.0632857934245     
   13.323000000000611        999.62873026461909     
   13.343000000000611        995.74006407284151     
   13.363000000000611        991.71287915941593     
   13.383000000000612        987.56729794268074     
   13.403000000000612        983.33336949839634     
   13.423000000000611        956.48131997878227     
   13.443000000000611        952.15782342186674     
   13.463000000000612        947.86063079448309     
   13.483000000000612        943.57380667384371     
   13.503000000000611        939.25204394677337     
   13.523000000000611        938.53340834086725     
   13.543000000000612        938.62451922399362     
   13.563000000000612        934.18602158811746     
   13.583000000000611        929.72602150562318     
   13.603000000000611        925.30817502534285     
   13.623000000000612        920.96238876468749     
   13.643000000000612        914.02682895482144     
   13.663000000000611        909.48068689452111     
   13.683000000000611        904.84537225659312     
   13.703000000000612        900.20221239300906     
   13.723000000000612        895.61129357050959     
   13.743000000000611        894.07064144285425     
   13.763000000000611        889.27995313283361     
   13.783000000000612        891.51777536943041     
   13.803000000000612        886.13359008784789     
   13.823000000000611        880.66536284554400     
   13.843000000000611        875.13043940988177     
   13.863000000000611        869.53894683592216     
   13.883000000000612        863.85834677182356     
   13.903000000000612        858.04717054056562     
   13.923000000000611        855.49039356415562     
   13.943000000000611        849.39394313961077     
   13.963000000000612        821.16328113723182     
   13.983000000000612        812.78875087473489     
   14.003000000000611        806.26338369126995     
   14.023000000000611        803.74282971022217     
   14.043000000000612        796.86471468411060     
   14.063000000000612        789.90576143998362     
   14.083000000000611        782.86359697007674     
   14.103000000000611        775.72776914316898     
   14.123000000000612        768.49802907791127     
   14.143000000000612        761.28659988753884     
   14.163000000000611        734.53884455081834     
   14.183000000000611        727.20070195909716     
   14.203000000000612        719.80310177099000     
   14.223000000000612        712.41429190671329     
   14.243000000000611        705.08300305113994     
   14.263000000000611        697.80558513350104     
   14.283000000000612        690.58281819773333     
   14.303000000000612        683.47166865957308     
   14.323000000000611        676.35409709869100     
   14.343000000000611        669.52714662568019     
   14.363000000000611        658.50784941000575     
   14.383000000000612        651.72909130167955     
   14.403000000000612        644.88999624410746     
   14.423000000000611        634.22543836661464     
   14.443000000000611        630.96028870828354     
   14.463000000000612        624.08056421835465     
   14.483000000000612        620.77297160326475     
   14.503000000000611        609.70062830105360     
   14.523000000000611        602.35194160491596     
   14.543000000000612        594.82831075987110     
   14.563000000000612        587.21864495608759     
   14.583000000000611        575.39684765312495     
   14.603000000000611        570.83834781554538     
   14.623000000000612        563.51957687554000     
   14.643000000000612        556.21962172716258     
   14.663000000000611        548.77742373084720     
   14.683000000000611        543.19304203060381     
   14.703000000000612        530.59298487462377     
   14.723000000000612        522.37937071944191     
   14.743000000000611        515.97706159009715     
   14.763000000000611        507.86508867076014     
   14.783000000000612        499.81039748141370     
   14.803000000000612        491.92630677325712     
   14.823000000000611        481.59221950083582     
   14.843000000000611        470.27234597240317     
   14.863000000000611        462.73928933523462     
   14.883000000000612        455.12418991733841     
   14.903000000000612        447.46651880720242     
   14.923000000000611        439.80158980837683     
   14.943000000000611        432.09828369676842     
   14.963000000000612        424.35681781761781     
   14.983000000000612        416.59595911489038     
   15.003000000000611        398.72577162645484     
   15.023000000000611        390.94892551419696     
   15.043000000000612        383.21336644413282     
   15.063000000000612        375.50064400979744     
   15.083000000000611        367.80638175556277     
   15.103000000000611        360.13488285449006     
   15.123000000000612        352.50411504714333     
   15.143000000000612        344.92555398398355     
   15.163000000000611        337.39862611926202     
   15.183000000000611        329.87813900366092     
   15.203000000000612        322.35538166625651     
   15.223000000000612        314.82676551362226     
   15.243000000000611        307.31122550136871     
   15.263000000000611        299.84340378534063     
   15.283000000000612        285.73425523160080     
   15.303000000000612        278.29577096488993     
   15.323000000000611        270.95225590192416     
   15.343000000000611        263.71512437538627     
   15.363000000000611        256.56923715894771     
   15.383000000000612        249.55011930852544     
   15.403000000000612        242.70629706287207     
   15.423000000000611        235.69650471746434     
   15.443000000000611        229.16275285243003     
   15.463000000000612        222.70851630063038     
   15.483000000000612        215.93959017897811     
   15.503000000000611        209.48310535823026     
   15.523000000000611        203.01160617758191     
   15.543000000000612        196.49559298629981     
   15.563000000000612        186.95396612445791     
   15.583000000000611        174.97929079179482     
   15.603000000000611        162.58455044008869     
   15.623000000000612        157.16776485000298     
   15.643000000000612        151.78718180602817     
   15.663000000000611        146.44906779182651     
   15.683000000000611        141.14714202459425     
   15.703000000000612        135.84350113117725     
   15.723000000000612        130.55882979581017     
   15.743000000000611        120.52498123381271     
   15.763000000000611        116.08878892302141     
   15.783000000000612        111.00496667967251     
   15.803000000000612        94.223989372565484     
   15.823000000000611        90.380677874773838     
   15.843000000000611        86.645497764994062     
   15.863000000000612        83.035880118334873     
   15.883000000000612        79.934611895658080     
   15.903000000000612        76.492136626669620     
   15.923000000000611        73.106457355697657     
   15.943000000000611        69.772933044079579     
   15.963000000000612        66.497931616992901     
   15.983000000000612        63.288251442003983     
   16.003000000000611        60.150048263512367     
   16.023000000000611        57.088168667709724     
   16.043000000000610        54.106421021237495     
   16.063000000000610        51.193458752634001     
   16.083000000000613        48.338885485080290     
   16.103000000000613        45.543490828551263     
   16.123000000000612        42.809143971694901     
   16.143000000000612        40.137115868010881     
   16.163000000000611        37.526787632186391     
   16.183000000000611        34.977464424241397     
   16.203000000000610        32.671518503827507     
   16.223000000000610        30.268596777268183     
   16.243000000000613        27.592938924768710     
   16.263000000000613        25.405594145850859     
   16.283000000000612        23.422655088434581     
   16.303000000000612        21.430911925824304     
   16.323000000000611        19.558165929785122     
   16.343000000000611        17.882596459937833     
   16.363000000000611        16.214166852710882     
   16.383000000000610        14.646852465757458     
   16.403000000000610        13.171867623612570     
   16.423000000000613        11.779940521349841     
   16.443000000000612        10.461723504156769     
   16.463000000000612        9.2168388694614993     
   16.483000000000612        8.0467385356415964     
   16.503000000000611        6.9532839451909503     
   16.523000000000611        5.9410811909606958     
   16.543000000000610        5.0153466828504820     
   16.563000000000610        4.1766927033295396     
   16.583000000000613        3.4257463509493009     
   16.603000000000613        2.7617592993005666     
   16.623000000000612        2.1824195995451685     
   16.643000000000612        1.6808667795998333     
   16.663000000000611        1.2554928805147014     
   16.683000000000611       0.90620952928539966     
   16.703000000000610       0.63391727413105337     
   16.723000000000610       0.44235947521590108     
   16.743000000000613       0.33097114655000465     
   16.763000000000613       0.30481228052013787     
   16.783000000000612       0.36495958279920759     
   16.803000000000612       0.51041924324397170     
   16.823000000000611       0.74062767404555929     
   16.843000000000611        1.0697643675452766     
   16.863000000000611        1.4723707762981504     
   16.883000000000610        1.8786761310338109     
   16.903000000000610        2.4247755521274481     
   16.923000000000613        3.0744555700149441     
   16.943000000000612        3.7816481296071633     
   16.963000000000612        4.5597405276582395     
   16.983000000000612        5.4072928846081414     
   17.003000000000611        6.3314412539481930     
   17.023000000000611        7.3321263362095097     
   17.043000000000610        8.4101204721670850     
   17.063000000000610        9.5674938099281555     
   17.083000000000613        10.803267342403650     
   17.103000000000613        12.116332791539664     
   17.123000000000612        13.505406633142053     
   17.143000000000612        14.969983755898317     
   17.163000000000611        16.510958584422323     
   17.183000000000611        18.129191799402040     
   17.203000000000610        19.828280323057726     
   17.223000000000610        21.612903679879949     
   17.243000000000613        23.482763958485485     
   17.263000000000613        25.434682483490022     
   17.283000000000612        27.464444694749524     
   17.303000000000612        29.567042156446480     
   17.323000000000611        32.226433923286876     
   17.343000000000611        34.474965208565152     
   17.363000000000611        36.238437854091686     
   17.383000000000610        38.589493882496299     
   17.403000000000613        41.015748293088826     
   17.423000000000613        43.517602860093149     
   17.443000000000612        46.093469453433926     
   17.463000000000612        49.118675123154198     
   17.483000000000612        51.855950874799397     
   17.503000000000611        55.087652402483535     
   17.523000000000611        57.972794938411390     
   17.543000000000610        60.914010706926682     
   17.563000000000610        63.915130038124424     
   17.583000000000613        66.985094896956355     
   17.603000000000613        70.134372444677794     
   17.623000000000612        73.371125176506155     
   17.643000000000612        76.701253729647362     
   17.663000000000611        80.130637465876504     
   17.683000000000611        83.663942582116135     
   17.703000000000610        87.301772291403026     
   17.723000000000610        91.040447932971560     
   17.743000000000613        94.875228109363036     
   17.763000000000613        98.805477072294025     
   17.783000000000612        102.84016825892016     
   17.803000000000612        106.99330474753319     
   17.823000000000611        111.27024214190723     
   17.843000000000611        109.69064086681503     
   17.863000000000611        113.70841276882153     
   17.883000000000610        117.79709489302135     
   17.903000000000613        121.95356614971577     
   17.923000000000613        127.02859856092107     
   17.943000000000612        131.35179513192656     
   17.963000000000612        135.73017287686523     
   17.983000000000612        140.19129947811351     
   18.003000000000611        144.76913245008518     
   18.023000000000611        149.47089442527513     
   18.043000000000610        154.27342080585811     
   18.063000000000610        150.95124336264942     
   18.083000000000613        155.35592005448100     
   18.103000000000613        159.82143209516144     
   18.123000000000612        164.35238838273514     
   18.143000000000612        168.94834271532747     
   18.163000000000611        174.67076413060173     
   18.183000000000611        179.42795956573897     
   18.203000000000610        184.24303324123116     
   18.223000000000610        189.11420778450164     
   18.243000000000613        194.03822916780837     
   18.263000000000613        199.01114111949082     
   18.283000000000612        204.02885138453115     
   18.303000000000612        210.27315822785184     
   18.323000000000611        216.59080253957268     
   18.343000000000611        221.81789985469601     
   18.363000000000611        227.08391677429665     
   18.383000000000610        232.39454630216704     
   18.403000000000613        237.74764385634012     
   18.423000000000613        243.14475992917983     
   18.443000000000612        248.59465838414678     
   18.463000000000612        254.10769028790341     
   18.483000000000612        259.68826810910167     
   18.503000000000611        265.32685288165567     
   18.523000000000611        271.00642285622621     
   18.543000000000610        276.75544053292788     
   18.563000000000610        282.58299579163599     
   18.583000000000613        278.59128142359646     
   18.603000000000613        283.85358630754615     
   18.623000000000612        289.11072874409251     
   18.643000000000612        294.40261588064863     
   18.663000000000611        302.07277511650307     
   18.683000000000611        307.50296260321875     
   18.703000000000610        312.97366320095557     
   18.723000000000610        320.88472433115783     
   18.743000000000613        326.51563191358690     
   18.763000000000613        332.26292438825516     
   18.783000000000612        338.14761876965332     
   18.803000000000612        344.18618339057923     
   18.823000000000611        350.17034134116511     
   18.843000000000611        346.60346454490252     
   18.863000000000611        353.43108939324560     
   18.883000000000610        359.27496549901787     
   18.903000000000613        365.23978395968032     
   18.923000000000613        371.32600531338937     
   18.943000000000612        377.24150111110805     
   18.963000000000612        373.71138014116661     
   18.983000000000612        379.30396073279616     
   19.003000000000611        384.84426758035897     
   19.023000000000611        390.20994734144114     
   19.043000000000610        390.16971241318504     
   19.063000000000610        398.16393326896821     
   19.083000000000613        403.46106653892389     
   19.103000000000613        408.79298493500085     
   19.123000000000612        414.18210940517707     
   19.143000000000612        419.65079948691550     
   19.163000000000611        425.21182673826655     
   19.183000000000611        430.85044024170986     
   19.203000000000610        436.54387776730584     
   19.223000000000610        442.28616342757249     
   19.243000000000613        448.05804276327575     
   19.263000000000613        454.51873225681521     
   19.283000000000612        460.34773892777230     
   19.303000000000612        466.16872630094076     
   19.323000000000611        472.46208535139209     
   19.343000000000611        478.29291918975201     
   19.363000000000611        484.09866745708376     
   19.383000000000610        489.87731682966091     
   19.403000000000613        495.57574270034132     
   19.423000000000613        501.10507233686934     
   19.443000000000612        500.23932841428393     
   19.463000000000612        505.65994264146832     
   19.483000000000612        511.07736763155299     
   19.503000000000611        516.49726888304281     
   19.523000000000611        521.92791951691243     
   19.543000000000610        527.38253987455926     
   19.563000000000610        532.87392577502544     
   19.583000000000613        538.39177702577399     
   19.603000000000613        543.92117730685754     
   19.623000000000612        549.43963308312721     
   19.643000000000612        555.06736002372327     
   19.663000000000611        560.72439429264239     
   19.683000000000611        566.41130743741542     
   19.703000000000610        572.12956945731833     
   19.723000000000610        577.88725202147725     
   19.743000000000613        583.69577150176406     
   19.763000000000613        589.56917114185410     
   19.783000000000612        595.52535480969868     
   19.803000000000612        601.56392183637115     
   19.823000000000611        603.85279423663962     
   19.843000000000611        609.42697694492313     
   19.863000000000611        615.02459513388590     
   19.883000000000610        620.63191790066082     
   19.903000000000613        626.22839215480064     
   19.923000000000613        631.79495309273716     
   19.943000000000612        637.30793791100973     
   19.963000000000612        642.74710069764433     
   19.983000000000612        647.02967189216201     
   20.003000000000611        652.33980949566615     
   20.023000000000611        657.55845037438951     
   20.043000000000610        662.70123847393813     
   20.063000000000610        667.78431921521212     
   20.083000000000613        672.82855515362360     
   20.103000000000613        677.85142932004464     
   20.123000000000612        682.87087720360091     
   20.143000000000612        687.90808595015642     
   20.163000000000611        692.98518872329907     
   20.183000000000611        698.12671151307245     
   20.203000000000610        703.33007376869432     
   20.223000000000610        708.56303365624035     
   20.243000000000613        713.81106235249240     
   20.263000000000613        719.06674425355050     
   20.283000000000612        724.30555692711187     
   20.303000000000612        731.96974867755273     
   20.323000000000611        737.21094928813238     
   20.343000000000611        742.44245003393098     
   20.363000000000611        747.67709544811225     
   20.383000000000610        752.92277787250976     
   20.403000000000613        758.19139343791846     
   20.423000000000613        763.49845136485897     
   20.443000000000612        768.83192518258261     
   20.463000000000612        774.13582411834909     
   20.483000000000612        779.37172762035914     
   20.503000000000611        784.47199699039481     
   20.523000000000611        789.34573827176541     
   20.543000000000610        788.26979259868222     
   20.563000000000610        793.05119015602691     
   20.583000000000613        797.86037463992977     
   20.603000000000613        802.55499338726520     
   20.623000000000612        812.01757282730637     
   20.643000000000612        816.72726175997093     
   20.663000000000611        821.38296924220742     
   20.683000000000611        837.43197041254928     
   20.703000000000610        841.63378859487523     
   20.723000000000610        845.80820957409821     
   20.743000000000613        849.96579737280069     
   20.763000000000613        854.11636841484642     
   20.783000000000612        858.27026737263247     
   20.803000000000612        862.41179128995543     
   20.823000000000611        867.35912611368485     
   20.843000000000611        871.42200323792338     
   20.863000000000611        875.43218706636185     
   20.883000000000610        879.39452984742150     
   20.903000000000613        883.31554584588355     
   20.923000000000613        887.20395730445728     
   20.943000000000612        891.06917907860452     
   20.963000000000612        894.92106656013436     
   20.983000000000612        896.04025833348715     
   21.003000000000611        899.88969924521541     
   21.023000000000611        912.41507882142662     
   21.043000000000610        916.07691355197323     
   21.063000000000610        919.24857192580998     
   21.083000000000613        922.86775340842428     
   21.103000000000613        926.44807832603328     
   21.123000000000612        929.98910041458373     
   21.143000000000612        932.49741997034255     
   21.163000000000611        936.00199564680395     
   21.183000000000611        939.45836488110797     
   21.203000000000610        942.86796186099843     
   21.223000000000610        946.23558539805481     
   21.243000000000613        949.56721783360388     
   21.263000000000613        952.87681651247669     
   21.283000000000612        956.18254679154222     
   21.303000000000612        959.50115948768246     
   21.323000000000611        962.84402154990471     
   21.343000000000611        966.21332333465875     
   21.363000000000611        967.53401020423837     
   21.383000000000610        970.96124537175206     
   21.403000000000613        974.37451092639242     
   21.423000000000613        977.75929059584132     
   21.443000000000612        981.10701263585236     
   21.463000000000612        984.41948211191857     
   21.483000000000612        987.70440693868102     
   21.503000000000611        990.97018006317364     
   21.523000000000611        994.22575499213622     
   21.543000000000610        994.53673156974151     
   21.563000000000610        997.85107535252098     
   21.583000000000613        1001.1792435066220     
   21.603000000000613        1004.5052992150311     
   21.623000000000612        1004.9568093488931     
   21.643000000000612        1019.5592931264815     
   21.663000000000611        1022.9967110461979     
   21.683000000000611        1026.3793982647824     
   21.703000000000610        1041.2090356895551     
   21.723000000000610        1044.6054938937816     
   21.743000000000613        1045.3812457146300     
   21.763000000000613        1048.5669303852999     
   21.783000000000612        1051.6533742189276     
   21.803000000000612        1054.6793151709023     
   21.823000000000611        1057.6777911772228     
   21.843000000000611        1060.6766453710329     
   21.863000000000611        1061.3775611209601     
   21.883000000000610        1076.0304207818792     
   21.903000000000613        1079.5261993365921     
   21.923000000000613        1083.0824653822672     
   21.943000000000612        1086.7332293084789     
   21.963000000000612        1090.3835923071763     
   21.983000000000612        1093.9302311406893     
   22.003000000000611        1097.3354057693637     
   22.023000000000611        1100.5775825334281     
   22.043000000000610        1101.7389157967948     
   22.063000000000610        1104.6788470532915     
   22.083000000000613        1107.5177410610538     
   22.103000000000613        1121.1009095745721     
   22.123000000000612        1124.1818253589688     
   22.143000000000612        1127.2109379225217     
   22.163000000000611        1130.2168643154380     
   22.183000000000611        1133.2290229040302     
   22.203000000000610        1136.2761488128481     
   22.223000000000610        1138.7629780217210     
   22.243000000000613        1152.1244017259280     
   22.263000000000613        1155.3630788564064     
   22.283000000000612        1158.9626110696711     
   22.303000000000612        1162.4189075090005     
   22.323000000000611        1165.7440909366796     
   22.343000000000611        1168.9847775788462     
   22.363000000000611        1172.1458896213669     
   22.383000000000610        1175.2292360140818     
   22.403000000000613        1178.2359200247556     
   22.423000000000613        1181.1669992989594     
   22.443000000000612        1170.7254432207903     
   22.463000000000612        1173.5612043577537     
   22.483000000000612        1176.3272212370891     
   22.503000000000611        1179.0278307438598     
   22.523000000000611        1181.6673945433511     
   22.543000000000610        1184.2502517615321     
   22.563000000000610        1186.7806983051769     
   22.583000000000613        1189.2626290101830     
   22.603000000000613        1191.6984903541302     
   22.623000000000612        1194.0905821672841     
   22.643000000000612        1196.4414295716208     
   22.663000000000611        1198.7523977064729     
   22.683000000000611        1201.0241132932497     
   22.703000000000610        1203.2564663112996     
   22.723000000000610        1205.4492142151066     
   22.743000000000613        1207.6037746561437     
   22.763000000000613        1209.7222591374341     
   22.783000000000612        1211.8080131240763     
   22.803000000000612        1213.8656189549729     
   22.823000000000611        1215.8995559659600     
   22.843000000000611        1217.9136605078670     
   22.863000000000611        1219.9014938357338     
   22.883000000000610        1221.8474077012868     
   22.903000000000613        1235.0897683788589     
   22.923000000000613        1236.9366593365089     
   22.943000000000612        1238.7131721540809     
   22.963000000000612        1240.4381461021262     
   22.983000000000612        1242.1243499297170     
   23.003000000000611        1243.7552231964714     
   23.023000000000611        1245.3522405245358     
   23.043000000000610        1246.9420503642839     
   23.063000000000610        1248.5493069036393     
   23.083000000000613        1250.1972464158616     
   23.103000000000613        1251.8980761411033     
   23.123000000000612        1253.6458002278475     
   23.143000000000612        1268.3191800061095     
   23.163000000000611        1270.1433148739200     
   23.183000000000611        1271.9546451987744     
   23.203000000000610        1273.7342425216584     
   23.223000000000610        1289.1036972647219     
   23.243000000000613        1290.8297295568489     
   23.263000000000613        1292.5344102427862     
   23.283000000000612        1294.2251415970954     
   23.303000000000612        1295.8926639889462     
   23.323000000000611        1297.5222581244234     
   23.343000000000611        1299.1095008861585     
   23.363000000000611        1300.6716552119096     
   23.383000000000610        1317.5583546901994     
   23.403000000000613        1322.4680130175593     
   23.423000000000613        1325.1346965819323     
   23.443000000000612        1327.7435991066059     
   23.463000000000612        1330.2795227544907     
   23.483000000000612        1332.7331257026001     
   23.503000000000611        1335.1002060082956     
   23.523000000000611        1337.3774999285872     
   23.543000000000610        1339.5623782733821     
   23.563000000000610        1341.6529631366848     
   23.583000000000613        1343.6482526338368     
   23.603000000000613        1345.5482780144330     
   23.623000000000612        1347.3541844648562     
   23.643000000000612        1349.0643374685746     
   23.663000000000611        1367.8895692805020     
