   1.2000000002444722E-002   2974.3214381054067     
   3.2000000002444726E-002   2975.6636107461732     
   5.2000000002444723E-002   2977.7167310193531     
   7.2000000002444720E-002   2979.3086563283237     
   9.2000000002444723E-002   2980.8011665533345     
  0.11200000000244473        2982.3775029151202     
  0.13200000000244472        2983.2037192746216     
  0.15200000000244474        2986.0294045907076     
  0.17200000000244473        2986.1414379259327     
  0.19200000000244472        2989.7006967277425     
  0.21200000000244473        2990.5280747591064     
  0.23200000000244472        2991.3903724622201     
  0.25200000000244471        2994.0962870605122     
  0.27200000000244473        2994.1205470744280     
  0.29200000000244475        2996.9601775919846     
  0.31200000000244471        3000.5165147163952     
  0.33200000000244473        3000.9401956779702     
  0.35200000000244475        3001.8998482395600     
  0.37200000000244471        3003.9168031600461     
  0.39200000000244473        3002.6399293483496     
  0.41200000000244474        3007.4627343658035     
  0.43200000000244471        3008.1262836265914     
  0.45200000000244472        3011.2596480545481     
  0.47200000000244474        3011.2249698239630     
  0.49200000000244470        3014.3575251670213     
  0.51200000000244472        3016.0035011453342     
  0.53200000000244474        3015.9062005545770     
  0.55200000000244476        3017.1375071556840     
  0.57200000000244478        3025.3840404391094     
  0.59200000000244468        3020.1271944341715     
  0.61200000000244470        3021.5248260010112     
  0.63200000000244472        3028.6750795753587     
  0.65200000000244474        3028.3707397791991     
  0.67200000000244475        3025.0448391447189     
  0.69200000000244477        3031.7342619072469     
  0.71200000000244479        3028.7807808513071     
  0.73200000000244470        3030.0455078271661     
  0.75200000000244471        3033.7451774293149     
  0.77200000000244473        3035.3630464201424     
  0.79200000000244475        3032.7421435652072     
  0.81200000000244477        3042.7758134089504     
  0.83200000000244478        3043.5757991111032     
  0.85200000000244469        3045.8557825701837     
  0.87200000000244471        3040.2572627613649     
  0.89200000000244473        3043.2793214983512     
  0.91200000000244474        3046.1365852856516     
  0.93200000000244476        3051.4962404038001     
  0.95200000000244478        3050.1406402948874     
  0.97200000000244469        3052.6494024557737     
  0.99200000000244470        3053.1618539095234     
   1.0120000000024447        3062.0049526993307     
   1.0320000000024447        3051.1889039794733     
   1.0520000000024448        3067.0080832551826     
   1.0720000000024448        3070.2250889917586     
   1.0920000000024448        3060.9736571832041     
   1.1120000000024448        3058.6947801736860     
   1.1320000000024448        3067.3142618399502     
   1.1520000000024448        3071.1573334606082     
   1.1720000000024446        3072.5922183045714     
   1.1920000000024447        3058.1772016869104     
   1.2120000000024447        3068.4233535100188     
   1.2320000000024447        3083.8921099805621     
   1.2520000000024447        3079.8096280061791     
   1.2720000000024447        3089.7101592315571     
   1.2920000000024447        3082.9384218158070     
   1.3120000000024448        3075.9948269318993     
   1.3320000000024448        3085.1061002523720     
   1.3520000000024448        3090.8779102897170     
   1.3720000000024448        3088.7393590539386     
   1.3920000000024448        3096.1924414623631     
   1.4120000000024449        3082.8187521627597     
   1.4320000000024447        3089.5511289437777     
   1.4520000000024447        3090.4417833929592     
   1.4720000000024447        3098.6726667847925     
   1.4920000000024447        3092.1717080296744     
   1.5120000000024447        3105.6748297283248     
   1.5320000000024447        3098.2847476596262     
   1.5520000000024448        3090.9660412615926     
   1.5720000000024448        3095.1895587551494     
   1.5920000000024448        3098.1994391820813     
   1.6120000000024448        3107.2031922549299     
   1.6320000000024448        3106.9031404845541     
   1.6520000000024448        3104.4195603155631     
   1.6720000000024449        3110.3985492297516     
   1.6920000000024447        3114.2470091728069     
   1.7120000000024447        3106.8673458923017     
   1.7320000000024447        3112.1896215768993     
   1.7520000000024447        3118.6003452908180     
   1.7720000000024447        3114.1277181995683     
   1.7920000000024447        3122.2428908201332     
   1.8120000000024448        3115.2530835939674     
   1.8320000000024448        3116.2045572869110     
   1.8520000000024448        3123.4984129478939     
   1.8720000000024448        3127.8496604494358     
   1.8920000000024448        3142.0006894240091     
   1.9120000000024449        3144.4528541071390     
   1.9320000000024447        3144.3935346932749     
   1.9520000000024447        3151.9000358341304     
   1.9720000000024447        3145.7485024092234     
   1.9920000000024447        3148.6304473681607     
   2.0120000000024447        3152.7974913970656     
   2.0320000000024447        3152.3251337038191     
   2.0520000000024448        3169.3239114187654     
   2.0720000000024448        3165.1945083207406     
   2.0920000000024448        3170.7268986429158     
   2.1120000000024448        3167.2131956883254     
   2.1320000000024448        3159.7223963782899     
   2.1520000000024448        3154.6895661937597     
   2.1720000000024449        3158.3119399211751     
   2.1920000000024449        3150.4964018765390     
   2.2120000000024449        3163.8391323703304     
   2.2320000000024449        3160.5593656340798     
   2.2520000000024449        3162.4367064545586     
   2.2720000000024450        3169.6863323513530     
   2.2920000000024450        3163.8277445129079     
   2.3120000000024450        3146.5398071032996     
   2.3320000000024446        3155.0139401293322     
   2.3520000000024446        3146.8836706240545     
   2.3720000000024446        3157.8038199470179     
   2.3920000000024446        3164.7930930816296     
   2.4120000000024446        3171.9495090028763     
   2.4320000000024447        3181.5480908501268     
   2.4520000000024447        3190.4642928016801     
   2.4720000000024447        3185.3518168933383     
   2.4920000000024447        3182.3410257957553     
   2.5120000000024447        3183.9046538143725     
   2.5320000000024447        3194.7744891236875     
   2.5520000000024448        3178.3136297875576     
   2.5720000000024448        3168.9665686170993     
   2.5920000000024448        3166.3716760886214     
   2.6120000000024448        3168.8307440808580     
   2.6320000000024448        3171.8796613419913     
   2.6520000000024448        3179.0719380214282     
   2.6720000000024449        3185.8906036369485     
   2.6920000000024449        3191.2063221872922     
   2.7120000000024449        3187.7498490353282     
   2.7320000000024449        3198.4936185734377     
   2.7520000000024449        3200.6434763621101     
   2.7720000000024450        3213.9602130156572     
   2.7920000000024450        3212.6834452956114     
   2.8120000000024450        3207.6378065302456     
   2.8320000000024446        3197.4648392456083     
   2.8520000000024446        3189.2792248553719     
   2.8720000000024446        3200.1010118731697     
   2.8920000000024446        3196.4230962674260     
   2.9120000000024446        3208.4181567748528     
   2.9320000000024447        3209.7023825363567     
   2.9520000000024447        3208.4802838297023     
   2.9720000000024447        3215.7022590268775     
   2.9920000000024447        3224.0793734408808     
   3.0120000000024447        3235.5495840568251     
   3.0320000000024447        3248.4283003573105     
   3.0520000000024448        3249.1923682027700     
   3.0720000000024448        3251.0838461567764     
   3.0920000000024448        3250.4792627280535     
   3.1120000000024448        3263.1265703963977     
   3.1320000000024448        3266.2094689527721     
   3.1520000000024448        3280.6466479759947     
   3.1720000000024449        3281.1875909726937     
   3.1920000000024449        3293.2084266402953     
   3.2120000000024449        3301.9587436701727     
   3.2320000000024449        3319.7547361263455     
   3.2520000000024449        3316.0039400795813     
   3.2720000000024450        3305.0231900153371     
   3.2920000000024450        3292.8949655588854     
   3.3120000000024450        3295.9233862096989     
   3.3320000000024450        3296.9502486721417     
   3.3520000000024446        3294.2963244119910     
   3.3720000000024446        3286.1417304630836     
   3.3920000000024446        3284.0587840171338     
   3.4120000000024446        3290.7952202383694     
   3.4320000000024447        3287.3775357433442     
   3.4520000000024447        3272.8567941236188     
   3.4720000000024447        3268.4458935434996     
   3.4920000000024447        3267.2921071245410     
   3.5120000000024447        3269.0693259331429     
   3.5320000000024447        3263.0520145224250     
   3.5520000000024448        3259.9962403980389     
   3.5720000000024448        3256.4575801990845     
   3.5920000000024448        3254.6724780641998     
   3.6120000000024448        3253.7939333595959     
   3.6320000000024448        3253.2786237518480     
   3.6520000000024448        3271.4049233484116     
   3.6720000000024449        3280.4827883720195     
   3.6920000000024449        3295.7379450634012     
   3.7120000000024449        3300.3129204569036     
   3.7320000000024449        3303.7133703338045     
   3.7520000000024449        3310.0441140557705     
   3.7720000000024450        3316.1968910312189     
   3.7920000000024450        3329.4722573275690     
   3.8120000000024450        3337.6863670154794     
   3.8320000000024450        3326.9412794346422     
   3.8520000000024446        3316.5387769156951     
   3.8720000000024446        3331.6391963174506     
   3.8920000000024446        3329.6926957694495     
   3.9120000000024446        3318.8223139045890     
   3.9320000000024447        3308.8708309934777     
   3.9520000000024447        3311.2471246108662     
   3.9720000000024447        3316.3194350714439     
   3.9920000000024447        3325.7360363357739     
   4.0120000000024447        3334.3317812928071     
   4.0320000000024452        3341.4273303239147     
   4.0520000000024448        3349.3833940623140     
   4.0720000000024452        3341.2880239312162     
   4.0920000000024448        3355.6153833602111     
   4.1120000000024444        3353.1926413260276     
   4.1320000000024448        3363.5549631651611     
   4.1520000000024444        3383.1375068049865     
   4.1720000000024449        3384.7341953079572     
   4.1920000000024444        3399.6688834147694     
   4.2120000000024449        3399.0983263591943     
   4.2320000000024445        3381.2502672652781     
   4.2520000000024449        3376.3556632138725     
   4.2720000000024445        3367.2603139214834     
   4.2920000000024450        3366.3510097848357     
   4.3120000000024445        3362.4584005581041     
   4.3320000000024450        3362.2815455501841     
   4.3520000000024446        3349.8646371746067     
   4.3720000000024450        3340.6661165213054     
   4.3920000000024446        3345.7975650708740     
   4.4120000000024451        3340.5839667434393     
   4.4320000000024447        3332.7181182394247     
   4.4520000000024451        3313.9396594412055     
   4.4720000000024447        3298.0881920398965     
   4.4920000000024451        3287.5835102032811     
   4.5120000000024447        3282.0252403988297     
   4.5320000000024452        3280.2113961991045     
   4.5520000000024448        3273.3054723345831     
   4.5720000000024452        3262.8733118555551     
   4.5920000000024448        3261.9046059761276     
   4.6120000000024453        3245.6578891973272     
   4.6320000000024448        3234.2601413969037     
   4.6520000000024444        3237.5413698581719     
   4.6720000000024449        3258.1515501974050     
   4.6920000000024444        3266.5144937981195     
   4.7120000000024449        3275.0355806596754     
   4.7320000000024445        3283.5847142158191     
   4.7520000000024449        3294.1059916166246     
   4.7720000000024445        3308.7394349772812     
   4.7920000000024450        3338.4040529363529     
   4.8120000000024445        3339.5416622259663     
   4.8320000000024450        3377.3776739654813     
   4.8520000000024446        3410.3189327801260     
   4.8720000000024450        3420.7373718665212     
   4.8920000000024446        3431.9768163094668     
   4.9120000000024451        3449.2119473589464     
   4.9320000000024447        3471.0860620969629     
   4.9520000000024451        3467.1298766436735     
   4.9720000000024447        3482.4921113409837     
   4.9920000000024451        3495.7930294874332     
   5.0120000000024447        3495.6677808646737     
   5.0320000000024452        3499.6704172492955     
   5.0520000000024448        3518.3674301343208     
   5.0720000000024452        3518.7206169506612     
   5.0920000000024448        3529.3000792276530     
   5.1120000000024453        3507.1581136958166     
   5.1320000000024448        3512.8469024335423     
   5.1520000000024444        3507.4452157871665     
   5.1720000000024449        3511.9843974704727     
   5.1920000000024444        3514.9334209114695     
   5.2120000000024449        3512.4552265530369     
   5.2320000000024445        3516.2846155096513     
   5.2520000000024449        3531.1587910974772     
   5.2720000000024445        3528.6539675846207     
   5.2920000000024450        3527.3275815048128     
   5.3120000000024445        3524.0955920445367     
   5.3320000000024450        3521.2609794874370     
   5.3520000000024446        3529.5656818121815     
   5.3720000000024450        3529.4525664772368     
   5.3920000000024446        3529.2859575065709     
   5.4120000000024451        3515.7188084304858     
   5.4320000000024447        3515.1543161225959     
   5.4520000000024451        3507.9012169577122     
   5.4720000000024447        3509.9295719296510     
   5.4920000000024451        3502.6742822954175     
   5.5120000000024447        3499.6113050587423     
   5.5320000000024452        3519.3432341698144     
   5.5520000000024448        3514.6750693796157     
   5.5720000000024452        3507.1220708846722     
   5.5920000000024448        3506.8553239943376     
   5.6120000000024453        3505.5389139729782     
   5.6320000000024448        3499.2591908444783     
   5.6520000000024444        3498.6339922708371     
   5.6720000000024449        3490.4795614952159     
   5.6920000000024444        3485.8061120027123     
   5.7120000000024449        3481.6609258315907     
   5.7320000000024445        3481.3519871287062     
   5.7520000000024449        3478.3041069672790     
   5.7720000000024445        3461.7451115871431     
   5.7920000000024450        3471.3322062979369     
   5.8120000000024445        3476.5360965872346     
   5.8320000000024450        3474.4445759851928     
   5.8520000000024446        3470.9015361486904     
   5.8720000000024450        3469.6955176820888     
   5.8920000000024446        3459.5897885278764     
   5.9120000000024451        3453.8768178910973     
   5.9320000000024447        3439.2009951933342     
   5.9520000000024451        3432.9968322058003     
   5.9720000000024447        3441.8503535607861     
   5.9920000000024451        3429.5105974788162     
   6.0120000000024447        3425.8688725173474     
   6.0320000000024452        3429.1340945068973     
   6.0520000000024448        3446.6500623012375     
   6.0720000000024452        3441.3774932948436     
   6.0920000000024448        3455.2543343788889     
   6.1120000000024453        3453.4823517264181     
   6.1320000000024448        3468.2648461104873     
   6.1520000000024453        3482.0846653476588     
   6.1720000000024449        3472.5309761648477     
   6.1920000000024444        3480.4385036710196     
   6.2120000000024449        3489.7435790934037     
   6.2320000000024445        3496.0593971021062     
   6.2520000000024449        3505.1537716676844     
   6.2720000000024445        3504.5077179232417     
   6.2920000000024450        3512.4473083292410     
   6.3120000000024445        3525.2888761307418     
   6.3320000000024450        3508.3404642613618     
   6.3520000000024446        3519.4155541965342     
   6.3720000000024450        3526.7590731907931     
   6.3920000000024446        3528.0728810578071     
   6.4120000000024451        3534.2661688874045     
   6.4320000000024447        3547.5115485375109     
   6.4520000000024451        3546.9659223130088     
   6.4720000000024447        3563.5890112192878     
   6.4920000000024451        3571.9932047154562     
   6.5120000000024447        3567.4570706042641     
   6.5320000000024452        3567.3448764883883     
   6.5520000000024448        3565.6332137631321     
   6.5720000000024452        3562.8148338251590     
   6.5920000000024448        3571.7833833920467     
   6.6120000000024453        3581.1882278637554     
   6.6320000000024448        3599.8580888053239     
   6.6520000000024453        3602.2494595755788     
   6.6720000000024449        3613.3854504939127     
   6.6920000000024444        3608.5856540409723     
   6.7120000000024449        3604.6988925868768     
   6.7320000000024445        3603.9515109421222     
   6.7520000000024449        3611.8404549452257     
   6.7720000000024445        3611.6769864125122     
   6.7920000000024450        3614.9307037514436     
   6.8120000000024445        3614.5562396152045     
   6.8320000000024450        3612.7709085102329     
   6.8520000000024446        3608.1185094038606     
   6.8720000000024450        3605.5592127281375     
   6.8920000000024446        3590.2717392851741     
   6.9120000000024451        3586.8419022804933     
   6.9320000000024447        3597.5706058187134     
   6.9520000000024451        3605.1012384802834     
   6.9720000000024447        3603.8104252658018     
   6.9920000000024451        3604.9072813738348     
   7.0120000000024447        3607.2774438102138     
   7.0320000000024452        3594.4333161061986     
   7.0520000000024448        3573.5683652446710     
   7.0720000000024452        3597.3449677538870     
   7.0920000000024448        3581.9948265068178     
   7.1120000000024453        3580.8783344687795     
   7.1320000000024448        3584.3516478470228     
   7.1520000000024453        3588.3698921021210     
   7.1720000000024449        3608.4709274559905     
   7.1920000000024444        3620.3875472157183     
   7.2120000000024449        3621.6169767453634     
   7.2320000000024445        3613.5692144150871     
   7.2520000000024449        3617.0672562106120     
   7.2720000000024445        3640.6946907031011     
   7.2920000000024450        3647.6411354332031     
   7.3120000000024445        3660.3341536202702     
   7.3320000000024450        3666.2949044410825     
   7.3520000000024446        3677.9946366772392     
   7.3720000000024450        3680.3497784810238     
   7.3920000000024446        3683.7772643491589     
   7.4120000000024451        3683.7398756387156     
   7.4320000000024447        3687.3961173776779     
   7.4520000000024451        3688.9448293162368     
   7.4720000000024447        3698.8852169141801     
   7.4920000000024451        3701.7861539129390     
   7.5120000000024447        3704.8017437337235     
   7.5320000000024452        3707.9423588448512     
   7.5520000000024448        3718.3399013279927     
   7.5720000000024452        3736.6435537516304     
   7.5920000000024448        3742.1094957937057     
   7.6120000000024453        3749.5071651095986     
   7.6320000000024448        3756.6916336365612     
   7.6520000000024453        3736.0148792205705     
   7.6720000000024449        3729.4024756809335     
   7.6920000000024444        3730.3114347781889     
   7.7120000000024449        3705.5725714096689     
   7.7320000000024445        3718.3346165752505     
   7.7520000000024449        3714.2771115155210     
   7.7720000000024445        3708.8490485018142     
   7.7920000000024450        3703.1592808252940     
   7.8120000000024445        3704.9046397535244     
   7.8320000000024450        3698.4334701490388     
   7.8520000000024446        3684.0722041834370     
   7.8720000000024450        3680.4725345252418     
   7.8920000000024446        3679.7237083068981     
   7.9120000000024451        3671.5357147201530     
   7.9320000000024447        3673.2558244206389     
   7.9520000000024451        3674.6198736311753     
   7.9720000000024447        3672.7110407145556     
   7.9920000000024451        3665.4150481596180     
   8.0120000000024447        3657.5877478289367     
   8.0320000000024443        3655.2974822884412     
   8.0520000000024456        3654.8379671180501     
   8.0720000000024452        3654.8206974372401     
   8.0920000000024448        3647.1837604896755     
   8.1120000000024444        3627.9544694009983     
   8.1320000000024457        3602.9647470441291     
   8.1520000000024453        3599.5409176134986     
   8.1720000000024449        3586.4973420576721     
   8.1920000000024444        3576.4750234577705     
   8.2120000000024440        3572.3617979965775     
   8.2320000000024454        3521.2461352141067     
   8.2520000000024449        3513.7613050866257     
   8.2720000000024445        3497.0345755813005     
   8.2920000000024441        3500.6332610699246     
   8.3120000000024454        3476.3609381787296     
   8.3320000000024450        3445.6985054795996     
   8.3520000000024446        3394.5233228614093     
   8.3720000000024442        3368.6648644627294     
   8.3920000000024455        3339.2754400128706     
   8.4120000000024451        3310.8804245233478     
   8.4320000000024447        3267.2255883610410     
   8.4520000000024442        3212.2778696744995     
   8.4720000000024456        3179.2248949794212     
   8.4920000000024451        3135.0292475131232     
   8.5120000000024447        3094.9675039853159     
   8.5320000000024443        3053.1473821637705     
   8.5520000000024456        3009.3529885303633     
   8.5720000000024452        2975.3865004130189     
   8.5920000000024448        2940.5827140412562     
   8.6120000000024444        2875.3355362464063     
   8.6320000000024457        2834.2211418139641     
   8.6520000000024453        2787.7936491059977     
   8.6720000000024449        2733.0866668749509     
   8.6920000000024444        2683.4072704244900     
   8.7120000000024458        2632.4642200008652     
   8.7320000000024454        2583.8693719463863     
   8.7520000000024449        2526.3488255213538     
   8.7720000000024445        2468.2233145327777     
   8.7920000000024441        2412.8726985864719     
   8.8120000000024454        2358.6962663870027     
   8.8320000000024450        2308.3315995050630     
   8.8520000000024446        2254.0060898979400     
   8.8720000000024442        2205.3216824380984     
   8.8920000000024455        2148.3916206046651     
   8.9120000000024451        2078.6819788490725     
   8.9320000000024447        2009.7448487028566     
   8.9520000000024442        1959.6528281776079     
   8.9720000000024456        1892.7974467537808     
   8.9920000000024451        1820.7834823871292     
   9.0120000000024447        1764.4031578589295     
   9.0320000000024443        1710.4977646912005     
   9.0520000000024456        1648.6309113891989     
   9.0720000000024452        1579.5489924212313     
   9.0920000000024448        1511.5255297298884     
   9.1120000000024444        1459.8138845454521     
   9.1320000000024457        1369.8662538688955     
   9.1520000000024453        1307.6409733197145     
   9.1720000000024449        1259.1687252924132     
   9.1920000000024444        1196.0417772783940     
   9.2120000000024458        1149.4026044098184     
   9.2320000000024454        1060.7740279737579     
   9.2520000000024449        1003.8805070611761     
   9.2720000000024445        963.47364348515930     
   9.2920000000024441        920.90521308911991     
   9.3120000000024454        848.84904377760029     
   9.3320000000024450        813.64624781362670     
   9.3520000000024446        768.01838298513428     
   9.3720000000024442        732.58871215623594     
   9.3920000000024455        698.89492798493120     
   9.4120000000024451        639.09271701098999     
   9.4320000000024447        608.01719836073175     
   9.4520000000024442        559.26088057295124     
   9.4720000000024456        529.13765543171405     
   9.4920000000024451        483.10172444271655     
   9.5120000000024447        454.27065240052934     
   9.5320000000024443        426.03786047780585     
   9.5520000000024456        388.75191145340949     
   9.5720000000024452        364.27301760587869     
   9.5920000000024448        340.84875144138056     
   9.6120000000024444        316.16614714156304     
   9.6320000000024457        293.51022843457014     
   9.6520000000024453        271.63296746240229     
   9.6720000000024449        249.67486952712989     
   9.6920000000024444        230.50077660708936     
   9.7120000000024458        211.44910350931454     
   9.7320000000024454        191.76838765014793     
   9.7520000000024449        166.92769788898462     
   9.7720000000024445        148.93835585032113     
   9.7920000000024441        132.21540511602066     
   9.8120000000024454        116.75025705708865     
   9.8320000000024450        102.36099095230860     
   9.8520000000024446        88.495780927852863     
   9.8720000000024442        75.830833226379497     
   9.8920000000024455        63.969617410687505     
   9.9120000000024451        53.144599454811598     
   9.9320000000024447        43.210469356709076     
   9.9520000000024442        34.137232045888879     
   9.9720000000024456        25.960615604735818     
   9.9920000000024451        18.751770491765289     
   10.012000000002445        12.757235085738433     
   10.032000000002444        7.9225083544752160     
   10.052000000002446        4.3885317718209471     
   10.072000000002445        2.1127836063133878     
   10.092000000002445        1.1721345738103774     
   10.112000000002444        1.4222498288849212     
   10.132000000002446        2.8171248172777470     
   10.152000000002445        5.4007931264672440     
   10.172000000002445        9.2041889853773533     
   10.192000000002444        14.067516803289404     
   10.212000000002446        20.103235990739709     
   10.232000000002445        26.202458326496210     
   10.252000000002445        34.184982468424479     
   10.272000000002445        43.027552182561692     
   10.292000000002444        52.539894737540365     
   10.312000000002445        63.515512358412828     
   10.332000000002445        75.814886338109901     
   10.352000000002445        89.368337151132692     
   10.372000000002444        103.87560148413327     
   10.392000000002446        118.30564696449832     
   10.412000000002445        134.07064876735586     
   10.432000000002445        149.19241066026004     
   10.452000000002444        166.88365552614641     
   10.472000000002446        185.08518851557992     
   10.492000000002445        204.44484466181717     
   10.512000000002445        224.73193705970183     
   10.532000000002444        245.49245408707486     
   10.552000000002446        268.54599198601096     
   10.572000000002445        291.97454674780965     
   10.592000000002445        316.18629456099211     
   10.612000000002444        340.60718728778141     
   10.632000000002446        364.90072978969926     
   10.652000000002445        390.04767618690477     
   10.672000000002445        416.57081056390609     
   10.692000000002444        440.88771813599499     
   10.712000000002446        469.95415892042354     
   10.732000000002445        500.43034348587076     
   10.752000000002445        527.90146342187859     
   10.772000000002445        556.22164093162417     
   10.792000000002444        589.40066265439862     
   10.812000000002445        623.25080724933400     
   10.832000000002445        657.02825774381722     
   10.852000000002445        690.52950336131789     
   10.872000000002444        721.34354296101174     
   10.892000000002446        744.49753723738309     
   10.912000000002445        775.21310135346198     
   10.932000000002445        812.45599121802525     
   10.952000000002444        846.15668354016623     
   10.972000000002446        874.39754012615344     
   10.992000000002445        911.51777807727410     
   11.012000000002445        947.48630566042482     
   11.032000000002444        987.14605761000325     
   11.052000000002446        1023.7705084615621     
   11.072000000002445        1061.0952681780896     
   11.092000000002445        1098.1492702528019     
   11.112000000002444        1136.0877612220729     
   11.132000000002446        1174.0876423062957     
   11.152000000002445        1208.9081644224329     
   11.172000000002445        1250.1149346170218     
   11.192000000002444        1288.4765335915899     
   11.212000000002446        1323.6298588867414     
   11.232000000002445        1361.8881487707115     
   11.252000000002445        1404.2775694633826     
   11.272000000002445        1443.3515819460599     
   11.292000000002444        1482.5515227320413     
   11.312000000002445        1520.4869674249039     
   11.332000000002445        1555.5690363654674     
   11.352000000002445        1595.2718574616197     
   11.372000000002444        1634.8709243512017     
   11.392000000002446        1656.9880152989892     
   11.412000000002445        1693.0934291804756     
   11.432000000002445        1729.4709065497743     
   11.452000000002444        1772.3350162602933     
   11.472000000002446        1809.7463941570686     
   11.492000000002445        1847.9719619071998     
   11.512000000002445        1887.6793356169630     
   11.532000000002444        1913.6675322145927     
   11.552000000002446        1934.6799042519453     
   11.572000000002445        1984.7607449475465     
   11.592000000002445        2029.3244621989047     
   11.612000000002444        2072.7764524777699     
   11.632000000002446        2109.3321604614875     
   11.652000000002445        2137.6807632025166     
   11.672000000002445        2172.8941646230173     
   11.692000000002444        2205.3666989906333     
   11.712000000002446        2243.1193858375300     
   11.732000000002445        2286.0766442318368     
   11.752000000002445        2321.7928752309385     
   11.772000000002445        2338.7386481405629     
   11.792000000002444        2373.8759455044074     
   11.812000000002445        2409.3006886275066     
   11.832000000002445        2444.2184363954052     
   11.852000000002445        2474.5992662225162     
   11.872000000002444        2510.3890828219510     
   11.892000000002446        2548.1654661625603     
   11.912000000002445        2584.0992865883068     
   11.932000000002445        2635.1613629970698     
   11.952000000002444        2671.7204648366683     
   11.972000000002446        2704.0643301617729     
   11.992000000002445        2735.2127529673580     
   12.012000000002445        2766.7926370024406     
   12.032000000002444        2798.6663993436764     
   12.052000000002446        2834.2007237278717     
   12.072000000002445        2874.8949185386891     
   12.092000000002445        2924.3491122837372     
   12.112000000002444        2956.5475405229149     
   12.132000000002446        2992.4670329107189     
   12.152000000002445        3002.1852550442550     
   12.172000000002445        3046.7054724996756     
   12.192000000002444        3089.6279161648608     
   12.212000000002446        3124.9059778935662     
   12.232000000002445        3160.3219661144244     
   12.252000000002445        3210.4090055590273     
   12.272000000002445        3244.2511045162473     
   12.292000000002446        3290.1079353637383     
   12.312000000002445        3326.4866317553119     
   12.332000000002445        3360.9946843909725     
   12.352000000002445        3356.8051370280268     
   12.372000000002444        3386.2697857825078     
   12.392000000002446        3421.5264468192986     
   12.412000000002445        3452.9296983737163     
   12.432000000002445        3502.1372775182326     
   12.452000000002444        3539.2846148855956     
   12.472000000002446        3576.3108906803914     
   12.492000000002445        3613.5792200245214     
   12.512000000002445        3607.9009836567930     
   12.532000000002444        3643.6132794380155     
   12.552000000002446        3688.7851955057290     
   12.572000000002445        3722.8528007550653     
   12.592000000002445        3755.8355426536632     
   12.612000000002444        3778.7611902639269     
   12.632000000002446        3808.7772995214273     
   12.652000000002445        3837.8473443727462     
   12.672000000002445        3812.2140053442854     
   12.692000000002444        3848.7070550116509     
   12.712000000002446        3872.8309150638433     
   12.732000000002445        3895.8794610898508     
   12.752000000002445        3918.1075553907767     
   12.772000000002445        3939.7366575152796     
   12.792000000002446        3961.1307676239899     
   12.812000000002445        3983.3654980416504     
   12.832000000002445        4003.7946181849916     
   12.852000000002445        4023.5267389480564     
   12.872000000002444        4030.6778338294171     
   12.892000000002446        4058.6960172382251     
   12.912000000002445        4078.8239439090539     
   12.932000000002445        4121.8021276952104     
   12.952000000002444        4142.6266740724168     
   12.972000000002446        4160.9959090353332     
   12.992000000002445        4176.1088577371538     
   13.012000000002445        4191.3195011110956     
   13.032000000002444        4197.7010024039973     
   13.052000000002446        4214.3677303032191     
   13.072000000002445        4228.5331100706917     
   13.092000000002445        4231.5021032048653     
   13.112000000002444        4244.6908787127295     
   13.132000000002446        4255.3782667186661     
   13.152000000002445        4271.0355300684305     
   13.172000000002445        4282.6287644471668     
   13.192000000002444        4294.7133316743812     
   13.212000000002446        4307.4499348014160     
   13.232000000002445        4320.8374919558773     
   13.252000000002445        4331.5603270178171     
   13.272000000002445        4342.1671176659656     
   13.292000000002446        4353.8044006882328     
   13.312000000002445        4365.3630220102505     
   13.332000000002445        4376.5316052020917     
   13.352000000002445        4387.4009567697412     
   13.372000000002444        4393.0150411625254     
   13.392000000002446        4399.0008118679962     
   13.412000000002445        4404.2987553909297     
   13.432000000002445        4410.2409953395709     
   13.452000000002444        4416.3664442441814     
   13.472000000002446        4420.2173131908476     
   13.492000000002445        4423.7533662652404     
   13.512000000002445        4427.8682091943001     
   13.532000000002444        4431.6838490523105     
   13.552000000002446        4445.2315925788171     
   13.572000000002445        4449.6583067268830     
   13.592000000002445        4455.0507189307427     
   13.612000000002444        4460.3086863414783     
   13.632000000002446        4464.0504377572270     
   13.652000000002445        4468.4938748947197     
   13.672000000002445        4491.0393070474283     
   13.692000000002444        4466.6510979996683     
   13.712000000002446        4472.6737560982128     
   13.732000000002445        4479.2136149658709     
   13.752000000002445        4486.2081881207851     
   13.772000000002445        4478.8802235093999     
   13.792000000002446        4489.5443542147068     
   13.812000000002445        4496.6858846718314     
   13.832000000002445        4503.1808385460445     
   13.852000000002445        4510.7206006093556     
   13.872000000002444        4518.1440708847340     
   13.892000000002446        4525.8604998096553     
   13.912000000002445        4533.7691928311988     
   13.932000000002445        4541.2697839021221     
   13.952000000002444        4552.4304381732472     
   13.972000000002446        4563.2792285819260     
   13.992000000002445        4574.5548819578580     
   14.012000000002445        4586.0426579789464     
   14.032000000002444        4596.7218736734922     
   14.052000000002446        4573.7013070110479     
   14.072000000002445        4582.0975259672141     
   14.092000000002445        4578.1997759780461     
   14.112000000002444        4552.8773416722897     
   14.132000000002446        4621.2500003773876     
   14.152000000002445        4629.9551154558867     
   14.172000000002445        4650.3920781894703     
   14.192000000002444        4623.5117086041319     
   14.212000000002446        4632.7387632276932     
   14.232000000002445        4642.2887871551729     
   14.252000000002445        4645.5940303950292     
   14.272000000002445        4656.7547967483342     
   14.292000000002446        4668.2630756731114     
   14.312000000002445        4679.8092613173812     
   14.332000000002445        4709.9240320879289     
   14.352000000002445        4721.7374755576684     
   14.372000000002444        4755.5207265119989     
   14.392000000002446        4767.7495782404267     
   14.412000000002445        4778.4608828935498     
   14.432000000002445        4748.2442316584429     
   14.452000000002444        4758.3855293679071     
   14.472000000002446        4789.3298039310175     
   14.492000000002445        4797.8346402946481     
   14.512000000002445        4830.1852184823729     
   14.532000000002444        4840.4668358306235     
   14.552000000002446        4873.2760024652671     
   14.572000000002445        4882.4345096071020     
   14.592000000002445        4890.6040978425272     
   14.612000000002444        4897.8483725188335     
   14.632000000002446        4916.8656773196226     
   14.652000000002445        4922.8925154619246     
   14.672000000002445        4928.9500427188759     
   14.692000000002444        4935.3674020691415     
   14.712000000002446        4942.0692470944514     
   14.732000000002445        4948.9196027309172     
   14.752000000002445        4955.7691725340346     
   14.772000000002445        4962.8616560805376     
   14.792000000002446        4970.0370186579512     
   14.812000000002445        4976.5694602064132     
   14.832000000002445        4982.5325370185983     
   14.852000000002445        4988.1940740543459     
   14.872000000002444        4993.5111730258304     
   14.892000000002446        4997.8605170358369     
   14.912000000002445        5001.7012070233968     
   14.932000000002445        5005.4885197679259     
   14.952000000002444        5033.4347975132723     
   14.972000000002446        5037.7939152592990     
   14.992000000002445        5042.1819939112693     
   15.012000000002445        5046.3965701427824     
   15.032000000002444        5050.5334578619322     
   15.052000000002446        5054.6455668944782     
   15.072000000002445        5058.8868378741208     
   15.092000000002445        5063.2408600316739     
   15.112000000002444        5116.6940654989148     
   15.132000000002446        5145.9285044929375     
   15.152000000002445        5149.9978618580835     
   15.172000000002445        5179.1815317986866     
   15.192000000002444        5183.3112777100896     
   15.212000000002446        5187.5032585991748     
   15.232000000002445        5191.7380477190745     
   15.252000000002445        5195.4110919837030     
   15.272000000002445        5220.1243244994266     
   15.292000000002446        5175.6702452643567     
   15.312000000002445        5130.4234678207904     
   15.332000000002445        5157.6192355686417     
   15.352000000002445        5185.7376431326784     
   15.372000000002444        5188.9475814878115     
   15.392000000002446        5191.7091985844299     
   15.412000000002445        5144.4048700602507     
   15.432000000002445        5144.8684928042385     
   15.452000000002444        5163.9477392376502     
   15.472000000002446        5183.8045764438375     
   15.492000000002445        5183.6225843852662     
   15.512000000002445        5182.6960715243840     
   15.532000000002444        5180.9421288781250     
   15.552000000002446        5177.9660281173838     
   15.572000000002445        5174.9548516734203     
   15.592000000002445        5171.7188690789153     
   15.612000000002444        5168.0557657832478     
   15.632000000002446        5164.0911971126243     
   15.652000000002445        5159.9938626014791     
   15.672000000002445        5172.9384214767588     
   15.692000000002444        5169.0932843566679     
   15.712000000002446        5165.4321212742634     
   15.732000000002445        5178.1323531199523     
   15.752000000002445        5174.9661990082486     
   15.772000000002445        5196.1602248651025     
   15.792000000002446        5190.8477796408060     
   15.812000000002445        5184.4486124012901     
   15.832000000002445        5178.3524851466109     
   15.852000000002445        5197.3716328008186     
   15.872000000002446        5206.6017645973652     
   15.892000000002446        5201.8839966445521     
   15.912000000002445        5196.6219625735539     
   15.932000000002445        5191.2514212226761     
   15.952000000002444        5185.7449681927319     
   15.972000000002446        5180.6650033623055     
   15.992000000002445        5175.5007948460870     
   16.012000000002445        5169.9760599991714     
   16.032000000002444        5187.2908162421445     
   16.052000000002444        5181.0242831595224     
   16.072000000002443        5174.5759397982383     
   16.092000000002447        5168.0401225105652     
   16.112000000002446        5160.6323478814829     
   16.132000000002446        5152.5980926301163     
   16.152000000002445        5144.6912080079983     
   16.172000000002445        5136.6263055988775     
   16.192000000002444        5128.5200446546351     
   16.212000000002444        5120.0270473504570     
   16.232000000002444        5072.6201508949307     
   16.252000000002447        5062.4331104572630     
   16.272000000002446        5051.6966022506540     
   16.292000000002446        5040.8943369592935     
   16.312000000002445        5075.1924019654271     
   16.332000000002445        5062.7410541293584     
   16.352000000002445        5033.9856099481458     
   16.372000000002444        5020.4214595982912     
   16.392000000002444        5027.8010078722846     
   16.412000000002443        5032.5473720372192     
   16.432000000002446        5016.5399167279465     
   16.452000000002446        4987.9874065761587     
   16.472000000002446        4993.3223363052311     
   16.492000000002445        5000.1267299030333     
   16.512000000002445        5002.0794639808364     
   16.532000000002444        4984.1124197208119     
   16.552000000002444        4988.8976190236308     
   16.572000000002443        4986.5905230148419     
   16.592000000002447        5007.5276275531951     
   16.612000000002446        4985.2171885703465     
   16.632000000002446        4961.8529293019383     
   16.652000000002445        4938.1838459146520     
   16.672000000002445        4910.3366179868053     
   16.692000000002444        4886.9754225665729     
   16.712000000002444        4862.5255614523512     
   16.732000000002444        4853.4495423783555     
   16.752000000002447        4828.5644753989827     
   16.772000000002446        4803.8208739834708     
   16.792000000002446        4779.2049601692188     
   16.812000000002445        4768.9985749609086     
   16.832000000002445        4744.3194192782294     
   16.852000000002445        4697.3601181279664     
   16.872000000002444        4697.7009857892590     
   16.892000000002444        4670.2119769433439     
   16.912000000002443        4642.6976921679043     
   16.932000000002446        4614.9559411107366     
   16.952000000002446        4585.4097005571839     
   16.972000000002446        4541.2990131511897     
   16.992000000002445        4512.4939076557457     
   17.012000000002445        4493.2794857204190     
   17.032000000002444        4462.8328789029101     
   17.052000000002444        4432.2920679405370     
   17.072000000002443        4401.7101701168776     
   17.092000000002447        4379.7841575458824     
   17.112000000002446        4346.4899410089638     
   17.132000000002446        4312.8415061967617     
   17.152000000002445        4279.5918740975503     
   17.172000000002445        4271.9426190934591     
   17.192000000002444        4237.7595892664021     
   17.212000000002444        4182.1152731116435     
   17.232000000002444        4126.0903965829102     
   17.252000000002447        4091.8047817365141     
   17.272000000002446        4056.4792649598871     
   17.292000000002446        4019.8426534087298     
   17.312000000002445        3958.4423767083899     
   17.332000000002445        3922.3635955436671     
   17.352000000002445        3910.9223540972234     
   17.372000000002444        3875.9796424259866     
   17.392000000002444        3840.8704209614416     
   17.412000000002447        3803.4467343036508     
   17.432000000002446        3766.9913100064382     
   17.452000000002446        3728.1385347407095     
   17.472000000002446        3687.6757430205930     
   17.492000000002445        3646.9727690336595     
   17.512000000002445        3607.9607007343607     
   17.532000000002444        3569.5384613059741     
   17.552000000002444        3530.2910145697806     
   17.572000000002443        3489.4103750939589     
   17.592000000002447        3448.9075410002247     
   17.612000000002446        3408.2967546604732     
   17.632000000002446        3367.7306848661642     
   17.652000000002445        3344.4434904632985     
   17.672000000002445        3304.0683114812255     
   17.692000000002444        3263.8149036008326     
   17.712000000002444        3223.8876492293070     
   17.732000000002444        3183.6132255772104     
   17.752000000002447        3142.5949688313422     
   17.772000000002446        3097.6412534951683     
   17.792000000002446        3018.3917493130398     
   17.812000000002445        2985.3018164893720     
   17.832000000002445        2943.5180279918695     
   17.852000000002445        2871.8791427271562     
   17.872000000002444        2834.5450403220480     
   17.892000000002444        2804.9052964843868     
   17.912000000002447        2778.3517657168700     
   17.932000000002446        2702.6427585629954     
   17.952000000002446        2626.5722594646322     
   17.972000000002446        2584.8387831904815     
   17.992000000002445        2543.4578395636568     
   18.012000000002445        2502.5386813078753     
   18.032000000002444        2461.2957214410208     
   18.052000000002444        2418.8741680641638     
   18.072000000002443        2381.3896965044378     
   18.092000000002447        2337.6235597897844     
   18.112000000002446        2256.0170807422523     
   18.132000000002446        2219.5867161694659     
   18.152000000002445        2161.5876064223344     
   18.172000000002445        2112.6294505190299     
   18.192000000002444        2075.5801362331194     
   18.212000000002444        2038.7675441796839     
   18.232000000002444        2006.5032232211240     
   18.252000000002447        1969.3739264996570     
   18.272000000002446        1916.7285450403042     
   18.292000000002446        1846.5220552254527     
   18.312000000002445        1810.0060295037242     
   18.332000000002445        1773.6206356660221     
   18.352000000002445        1737.1241815542405     
   18.372000000002444        1704.6163198218774     
   18.392000000002444        1671.7593983689283     
   18.412000000002447        1643.3545464456679     
   18.432000000002446        1574.7971998961975     
   18.452000000002446        1539.4285059968331     
   18.472000000002446        1471.3852060369845     
   18.492000000002445        1406.0657133490158     
   18.512000000002445        1374.8979275008219     
   18.532000000002444        1352.2936413620880     
   18.552000000002444        1321.4427178477101     
   18.572000000002443        1290.6535176576178     
   18.592000000002447        1260.0174000343557     
