   2.9999999999290594E-003   805.29828251267315     
   2.2999999999929060E-002   805.58469804831236     
   4.2999999999929060E-002   805.92864980882894     
   6.2999999999929057E-002   806.09458568889238     
   8.2999999999929061E-002   806.62038227915150     
  0.10299999999992906        807.08932603895391     
  0.12299999999992905        807.18941307868977     
  0.14299999999992907        807.46569083049587     
  0.16299999999992906        807.90879677057762     
  0.18299999999992905        807.95108456059859     
  0.20299999999992907        808.67587427708452     
  0.22299999999992906        809.14948787441040     
  0.24299999999992905        808.62252458292016     
  0.26299999999992907        809.82333724460238     
  0.28299999999992909        809.87741243029768     
  0.30299999999992905        809.76615799503327     
  0.32299999999992907        810.32327424617563     
  0.34299999999992908        810.86147070230459     
  0.36299999999992905        811.24133182711421     
  0.38299999999992906        811.55619369224678     
  0.40299999999992908        811.50124223184980     
  0.42299999999992904        812.83886149076693     
  0.44299999999992906        812.45612696036403     
  0.46299999999992908        813.14785347390261     
  0.48299999999992904        813.53973572057726     
  0.50299999999992906        813.52786293977056     
  0.52299999999992908        813.69377495466301     
  0.54299999999992909        814.24650157571375     
  0.56299999999992911        815.11511498587390     
  0.58299999999992902        814.99627819220950     
  0.60299999999992904        815.17444163697257     
  0.62299999999992905        815.25460042937254     
  0.64299999999992907        814.72364487208836     
  0.66299999999992909        814.92548039613212     
  0.68299999999992911        816.06421527783198     
  0.70299999999992913        816.56225077076681     
  0.72299999999992903        817.12472415614104     
  0.74299999999992905        816.91111266976066     
  0.76299999999992907        818.58361367425164     
  0.78299999999992909        817.44548910977608     
  0.80299999999992910        817.90739081725610     
  0.82299999999992912        818.79125528596376     
  0.84299999999992903        819.86645211517964     
  0.86299999999992905        818.77172719522275     
  0.88299999999992906        818.36765494314557     
  0.90299999999992908        821.27759673817081     
  0.92299999999992910        819.21785566711640     
  0.94299999999992912        820.46397111852207     
  0.96299999999992902        820.68975948280411     
  0.98299999999992904        823.42689313591723     
   1.0029999999999291        822.01871372212884     
   1.0229999999999291        821.46640198681348     
   1.0429999999999291        819.45129399849259     
   1.0629999999999291        822.08683603407701     
   1.0829999999999291        822.82747816515860     
   1.1029999999999291        821.95294361325818     
   1.1229999999999292        825.47419818015021     
   1.1429999999999292        823.71195369507859     
   1.1629999999999290        823.22658572218893     
   1.1829999999999290        825.35561751715125     
   1.2029999999999290        825.37024780233446     
   1.2229999999999290        825.32769913069058     
   1.2429999999999291        827.03878095912910     
   1.2629999999999291        829.12198635467303     
   1.2829999999999291        824.42200056668310     
   1.3029999999999291        824.73822719682482     
   1.3229999999999291        824.24989753783257     
   1.3429999999999291        827.02150350371426     
   1.3629999999999292        827.08855456891183     
   1.3829999999999292        827.51616072410036     
   1.4029999999999292        826.79931285660382     
   1.4229999999999290        827.27888998400692     
   1.4429999999999290        832.03343188036433     
   1.4629999999999290        829.01155700830952     
   1.4829999999999290        829.09046864715151     
   1.5029999999999291        828.46460085634703     
   1.5229999999999291        831.91486764005481     
   1.5429999999999291        833.63520348206987     
   1.5629999999999291        831.86803969657649     
   1.5829999999999291        833.63550682089135     
   1.6029999999999291        830.46805100421511     
   1.6229999999999292        831.50477172763885     
   1.6429999999999292        833.65838258438271     
   1.6629999999999292        835.16524541378249     
   1.6829999999999290        835.10304247669148     
   1.7029999999999290        833.35579309600996     
   1.7229999999999290        831.35865690505682     
   1.7429999999999291        830.01190166773040     
   1.7629999999999291        831.60638424002389     
   1.7829999999999291        833.41150658084280     
   1.8029999999999291        837.68274559145243     
   1.8229999999999291        834.23655584593450     
   1.8429999999999291        837.39750319364225     
   1.8629999999999292        833.68922372775273     
   1.8829999999999292        833.50586458390524     
   1.9029999999999292        836.68629808884521     
   1.9229999999999290        835.79360712634320     
   1.9429999999999290        836.95727369272015     
   1.9629999999999290        838.21905038005877     
   1.9829999999999290        838.65880230935068     
   2.0029999999999291        838.95248813391811     
   2.0229999999999291        839.39874221075388     
   2.0429999999999291        838.48048181443335     
   2.0629999999999291        840.27917829675050     
   2.0829999999999291        840.35835669213498     
   2.1029999999999291        840.88789625316292     
   2.1229999999999292        841.50864860646709     
   2.1429999999999292        841.25941765010987     
   2.1629999999999292        843.96519001846320     
   2.1829999999999292        843.46185308335919     
   2.2029999999999292        841.18456738894588     
   2.2229999999999293        844.51052234617885     
   2.2429999999999293        845.23347233784386     
   2.2629999999999293        843.03439883811063     
   2.2829999999999293        844.02570324329895     
   2.3029999999999293        842.74464626495080     
   2.3229999999999289        842.23534969319564     
   2.3429999999999289        843.29910935721534     
   2.3629999999999289        846.31904892456384     
   2.3829999999999290        845.31398972368538     
   2.4029999999999290        847.40765222156551     
   2.4229999999999290        845.57171052688329     
   2.4429999999999290        844.55036414123731     
   2.4629999999999290        847.62695290844181     
   2.4829999999999290        847.12107633034930     
   2.5029999999999291        847.30650327615206     
   2.5229999999999291        850.15640996797015     
   2.5429999999999291        847.83295364029459     
   2.5629999999999291        845.78890240101043     
   2.5829999999999291        845.91377953139045     
   2.6029999999999291        848.35530795012187     
   2.6229999999999292        849.41168298755679     
   2.6429999999999292        847.91193622988283     
   2.6629999999999292        845.33835220260630     
   2.6829999999999292        848.33739971040427     
   2.7029999999999292        853.22523247001288     
   2.7229999999999293        851.26949643690375     
   2.7429999999999293        845.51210113165541     
   2.7629999999999293        848.45124444825035     
   2.7829999999999293        851.54174028686430     
   2.8029999999999293        847.88966946623543     
   2.8229999999999289        848.30594947234670     
   2.8429999999999289        851.31440530288057     
   2.8629999999999289        852.91794194484896     
   2.8829999999999290        856.40426402227126     
   2.9029999999999290        858.96599109416798     
   2.9229999999999290        858.70949689370457     
   2.9429999999999290        857.86791482848685     
   2.9629999999999290        857.35053265961665     
   2.9829999999999290        855.66187409045926     
   3.0029999999999291        855.26621463928461     
   3.0229999999999291        855.49180417864341     
   3.0429999999999291        858.20586254867737     
   3.0629999999999291        860.28187543810907     
   3.0829999999999291        862.48908418390431     
   3.1029999999999291        858.80766945007883     
   3.1229999999999292        855.42117990053771     
   3.1429999999999292        857.26524756533422     
   3.1629999999999292        858.77256498276870     
   3.1829999999999292        857.18100577888526     
   3.2029999999999292        851.49422530917593     
   3.2229999999999293        849.61329028007140     
   3.2429999999999293        854.44874430143932     
   3.2629999999999293        859.26817323348905     
   3.2829999999999293        861.49255106787712     
   3.3029999999999293        865.02481156067563     
   3.3229999999999293        862.80481762798127     
   3.3429999999999289        865.52857236456919     
   3.3629999999999289        870.54272486810839     
   3.3829999999999290        866.99402448811099     
   3.4029999999999290        865.67410084450296     
   3.4229999999999290        866.78471679444783     
   3.4429999999999290        863.46465449716425     
   3.4629999999999290        862.73922464790803     
   3.4829999999999290        858.49581648090918     
   3.5029999999999291        861.30578666518420     
   3.5229999999999291        860.84496102528590     
   3.5429999999999291        861.32281169919941     
   3.5629999999999291        862.87821416406223     
   3.5829999999999291        864.14117200961209     
   3.6029999999999291        867.46432699533671     
   3.6229999999999292        866.94624532541218     
   3.6429999999999292        862.70737144717373     
   3.6629999999999292        862.54297353222546     
   3.6829999999999292        864.41249852558701     
   3.7029999999999292        866.76546800460915     
   3.7229999999999293        864.07093039496397     
   3.7429999999999293        860.51699507259207     
   3.7629999999999293        861.22349836091405     
   3.7829999999999293        863.97341613604397     
   3.8029999999999293        868.93936837225294     
   3.8229999999999293        869.81576111468792     
   3.8429999999999289        870.25753106926834     
   3.8629999999999289        871.71133767087463     
   3.8829999999999290        873.10508023635396     
   3.9029999999999290        875.31736785827013     
   3.9229999999999290        877.94199442657941     
   3.9429999999999290        878.77007879752261     
   3.9629999999999290        878.14875879591625     
   3.9829999999999290        878.68852874512436     
   4.0029999999999291        876.65861436147293     
   4.0229999999999295        878.74248983269160     
   4.0429999999999291        879.83545062771236     
   4.0629999999999296        876.87266400553199     
   4.0829999999999291        874.65028010043534     
   4.1029999999999287        876.04897620997724     
   4.1229999999999292        872.30598622205935     
   4.1429999999999287        875.68484908387677     
   4.1629999999999292        874.98313214996836     
   4.1829999999999288        874.91343521060162     
   4.2029999999999292        873.77650562327642     
   4.2229999999999288        874.18702268324319     
   4.2429999999999293        873.40867354613874     
   4.2629999999999288        873.90160011100318     
   4.2829999999999293        874.39228703338983     
   4.3029999999999289        877.13973091305490     
   4.3229999999999293        881.01908549747043     
   4.3429999999999289        881.63488578005183     
   4.3629999999999294        881.32310444266579     
   4.3829999999999290        879.13671197408712     
   4.4029999999999294        878.25689470562747     
   4.4229999999999290        881.66709865903499     
   4.4429999999999295        882.07340152465599     
   4.4629999999999290        884.12793594293123     
   4.4829999999999295        883.79359650689457     
   4.5029999999999291        887.74583019123702     
   4.5229999999999295        888.68823129720386     
   4.5429999999999291        890.77245839088857     
   4.5629999999999296        892.76880698797163     
   4.5829999999999291        894.88987461185468     
   4.6029999999999296        895.11329964791150     
   4.6229999999999292        898.21500075531378     
   4.6429999999999287        898.47040759832385     
   4.6629999999999292        900.33176401196454     
   4.6829999999999288        904.18601363305766     
   4.7029999999999292        907.84646910631886     
   4.7229999999999288        910.18491441790570     
   4.7429999999999293        912.20793508395502     
   4.7629999999999288        910.06119735983941     
   4.7829999999999293        910.11157621535699     
   4.8029999999999289        908.65960917527036     
   4.8229999999999293        910.84050367061059     
   4.8429999999999289        908.94437631395817     
   4.8629999999999294        910.56359786526366     
   4.8829999999999290        911.37544938765632     
   4.9029999999999294        913.19447061019025     
   4.9229999999999290        913.99124726857553     
   4.9429999999999295        911.06922381240042     
   4.9629999999999290        910.11812882153288     
   4.9829999999999295        908.19409927620802     
   5.0029999999999291        907.64132086160794     
   5.0229999999999295        903.29243042847486     
   5.0429999999999291        904.54225608724857     
   5.0629999999999296        906.30693274936539     
   5.0829999999999291        902.08176447297046     
   5.1029999999999296        893.19981082203356     
   5.1229999999999292        893.86387582487714     
   5.1429999999999287        890.83149021608256     
   5.1629999999999292        889.67679436137996     
   5.1829999999999288        889.65398248139707     
   5.2029999999999292        887.89833751329968     
   5.2229999999999288        886.04545553018386     
   5.2429999999999293        888.90027463470881     
   5.2629999999999288        886.44329809324108     
   5.2829999999999293        887.29951426152593     
   5.3029999999999289        885.31296711552284     
   5.3229999999999293        889.53314082703605     
   5.3429999999999289        890.38935310742477     
   5.3629999999999294        893.59110210753317     
   5.3829999999999290        896.64067103152854     
   5.4029999999999294        899.38973596601966     
   5.4229999999999290        900.07531744658274     
   5.4429999999999295        901.32787000832616     
   5.4629999999999290        896.18066746719705     
   5.4829999999999295        895.51006587888401     
   5.5029999999999291        897.07909362689588     
   5.5229999999999295        899.25671210985911     
   5.5429999999999291        902.15355059662147     
   5.5629999999999296        903.06411148480231     
   5.5829999999999291        901.01393024571928     
   5.6029999999999296        898.58054662981999     
   5.6229999999999292        897.87230760957073     
   5.6429999999999287        898.32192332056320     
   5.6629999999999292        898.74742414610887     
   5.6829999999999288        903.92422783238112     
   5.7029999999999292        903.90724075385765     
   5.7229999999999288        903.80556046030165     
   5.7429999999999293        903.63625903783759     
   5.7629999999999288        907.24028098415579     
   5.7829999999999293        908.70255655799963     
   5.8029999999999289        908.84873172450830     
   5.8229999999999293        909.41090918678310     
   5.8429999999999289        909.19008565881643     
   5.8629999999999294        909.25333697560870     
   5.8829999999999290        910.45907660418993     
   5.9029999999999294        907.98271045750550     
   5.9229999999999290        907.77416890635948     
   5.9429999999999295        907.51728534976530     
   5.9629999999999290        906.85133545160613     
   5.9829999999999295        908.56421641223676     
   6.0029999999999291        908.03532981697401     
   6.0229999999999295        909.32875338927181     
   6.0429999999999291        909.46635346658718     
   6.0629999999999296        912.17754376835126     
   6.0829999999999291        910.75538338537035     
   6.1029999999999296        913.66457178945757     
   6.1229999999999292        916.57898297154907     
   6.1429999999999296        914.91041692232545     
   6.1629999999999292        918.53568425566255     
   6.1829999999999288        921.96775299698515     
   6.2029999999999292        918.28566073827028     
   6.2229999999999288        917.49684157081197     
   6.2429999999999293        918.43618687579954     
   6.2629999999999288        920.55508562179921     
   6.2829999999999293        922.21961353842710     
   6.3029999999999289        923.70603674984852     
   6.3229999999999293        926.32896851835699     
   6.3429999999999289        928.14170834021013     
   6.3629999999999294        923.14297198255679     
   6.3829999999999290        920.26642259749690     
   6.4029999999999294        918.23110026024494     
   6.4229999999999290        920.29677364096665     
   6.4429999999999295        914.07881134656691     
   6.4629999999999290        917.81494541536335     
   6.4829999999999295        919.25822820681685     
   6.5029999999999291        927.24639093513065     
   6.5229999999999295        928.84858365828336     
   6.5429999999999291        927.66660686343573     
   6.5629999999999296        929.33116848837130     
   6.5829999999999291        928.43290567236681     
   6.6029999999999296        927.21307519005222     
   6.6229999999999292        926.72943629564486     
   6.6429999999999296        925.58820599240153     
   6.6629999999999292        924.02428272263819     
   6.6829999999999288        923.54232322944813     
   6.7029999999999292        923.95379032258677     
   6.7229999999999288        923.95862036770347     
   6.7429999999999293        923.03635490329225     
   6.7629999999999288        924.21594597411445     
   6.7829999999999293        914.89516815975185     
   6.8029999999999289        913.02988896766794     
   6.8229999999999293        905.72477145487028     
   6.8429999999999289        904.30681466293674     
   6.8629999999999294        897.83435849247985     
   6.8829999999999290        894.67973137913521     
   6.9029999999999294        891.53140025695609     
   6.9229999999999290        889.94951527621777     
   6.9429999999999295        889.68980567495225     
   6.9629999999999290        878.83598363669103     
   6.9829999999999295        876.00715852634937     
   7.0029999999999291        874.36446635677692     
   7.0229999999999295        866.92666948321983     
   7.0429999999999291        865.44173362275717     
   7.0629999999999296        866.08585522156466     
   7.0829999999999291        863.19108774813139     
   7.1029999999999296        862.61369999970611     
   7.1229999999999292        860.78198973246310     
   7.1429999999999296        860.71249558611248     
   7.1629999999999292        859.74249518453485     
   7.1829999999999288        863.20143961149836     
   7.2029999999999292        863.88008271416368     
   7.2229999999999288        859.54593858675730     
   7.2429999999999293        860.81762731106858     
   7.2629999999999288        856.32192870454912     
   7.2829999999999293        847.31197965514821     
   7.3029999999999289        847.22381718570171     
   7.3229999999999293        847.72968478610960     
   7.3429999999999289        849.98182874948282     
   7.3629999999999294        851.85590456517411     
   7.3829999999999290        855.15124564460484     
   7.4029999999999294        857.66595221951673     
   7.4229999999999290        854.95701677163072     
   7.4429999999999295        853.88823511282726     
   7.4629999999999290        851.33494567338823     
   7.4829999999999295        852.54901677892065     
   7.5029999999999291        857.39749723525938     
   7.5229999999999295        860.11303284451014     
   7.5429999999999291        863.56390677739307     
   7.5629999999999296        867.09696786121845     
   7.5829999999999291        880.53628121964709     
   7.6029999999999296        883.55458175983267     
   7.6229999999999292        887.54593129574687     
   7.6429999999999296        888.46078344849718     
   7.6629999999999292        889.92492078306850     
   7.6829999999999288        896.00767565552621     
   7.7029999999999292        899.06128417174716     
   7.7229999999999288        905.51779644753128     
   7.7429999999999293        908.46293130557319     
   7.7629999999999288        912.18541511490037     
   7.7829999999999293        915.44121730970744     
   7.8029999999999289        920.50594052218764     
   7.8229999999999293        927.08582847621301     
   7.8429999999999289        931.79243749738453     
   7.8629999999999294        938.82598197676475     
   7.8829999999999290        943.12633356423112     
   7.9029999999999294        942.79201567255382     
   7.9229999999999290        944.78722052284752     
   7.9429999999999295        942.29153966990134     
   7.9629999999999290        946.37184261429059     
   7.9829999999999295        951.81265149260685     
   8.0029999999999291        950.40217110534456     
   8.0229999999999286        954.25363256144192     
   8.0429999999999300        956.77776293625539     
   8.0629999999999296        955.63638262056827     
   8.0829999999999291        958.38222893013506     
   8.1029999999999287        959.48395660030462     
   8.1229999999999301        963.81905828229549     
   8.1429999999999296        964.83025430707448     
   8.1629999999999292        967.55489418045011     
   8.1829999999999288        964.55012282108885     
   8.2029999999999283        966.43901205833322     
   8.2229999999999297        967.55826309679935     
   8.2429999999999293        968.31319247686019     
   8.2629999999999288        966.52713681774571     
   8.2829999999999284        965.58783716755840     
   8.3029999999999298        962.98568384950408     
   8.3229999999999293        961.72651889882138     
   8.3429999999999289        962.18957402667684     
   8.3629999999999285        961.22124673166013     
   8.3829999999999298        961.29780553637545     
   8.4029999999999294        963.25406609912750     
   8.4229999999999290        962.27809317013043     
   8.4429999999999286        962.57460563823668     
   8.4629999999999299        963.02625335420055     
   8.4829999999999295        961.55739908916712     
   8.5029999999999291        960.15392707810770     
   8.5229999999999286        962.28032080709636     
   8.5429999999999300        959.44339590365189     
   8.5629999999999296        960.06047933495847     
   8.5829999999999291        958.82490018832982     
   8.6029999999999287        958.36793187832052     
   8.6229999999999301        959.31831489846263     
   8.6429999999999296        961.91412614274907     
   8.6629999999999292        965.07328076490273     
   8.6829999999999288        966.19339056585136     
   8.7029999999999301        965.29738908867716     
   8.7229999999999297        966.22018526237218     
   8.7429999999999293        965.41842696758931     
   8.7629999999999288        964.66864793958143     
   8.7829999999999284        964.07522687058326     
   8.8029999999999298        960.27045232951491     
   8.8229999999999293        962.23253617395824     
   8.8429999999999289        967.52109761755401     
   8.8629999999999285        962.92326279256486     
   8.8829999999999298        964.34227410563324     
   8.9029999999999294        963.83996558592571     
   8.9229999999999290        963.31610729772183     
   8.9429999999999286        966.92375628678076     
   8.9629999999999299        968.83230670106343     
   8.9829999999999295        968.80784931816333     
   9.0029999999999291        970.54826544939090     
   9.0229999999999286        972.05592662244658     
   9.0429999999999300        972.19544523760146     
   9.0629999999999296        973.20992198471004     
   9.0829999999999291        978.32864166728393     
   9.1029999999999287        979.65225466216953     
   9.1229999999999301        980.15527013417693     
   9.1429999999999296        980.71380749344723     
   9.1629999999999292        983.74313887633036     
   9.1829999999999288        984.06263235110407     
   9.2029999999999301        987.02080361399521     
   9.2229999999999297        991.97143833586688     
   9.2429999999999293        991.62641870202765     
   9.2629999999999288        992.87290006667740     
   9.2829999999999284        988.61829849773085     
   9.3029999999999298        989.64701136174131     
   9.3229999999999293        990.30478724104785     
   9.3429999999999289        990.87053414802790     
   9.3629999999999285        995.49363281019748     
   9.3829999999999298        997.33041001228139     
   9.4029999999999294        1002.7470049138113     
   9.4229999999999290        1005.9181189081681     
   9.4429999999999286        1006.5395078072871     
   9.4629999999999299        1009.2906940912980     
   9.4829999999999295        1012.6898101930734     
   9.5029999999999291        1014.3286778592304     
   9.5229999999999286        1015.7168255248836     
   9.5429999999999300        1016.0081842854340     
   9.5629999999999296        1016.9027880712399     
   9.5829999999999291        1014.6309615282591     
   9.6029999999999287        1015.5601688311955     
   9.6229999999999301        1016.2397181905416     
   9.6429999999999296        1017.1015524086342     
   9.6629999999999292        1017.9657191545027     
   9.6829999999999288        1018.9847875065269     
   9.7029999999999301        1020.1648193444012     
   9.7229999999999297        1021.4284212980147     
   9.7429999999999293        1024.8011219824630     
   9.7629999999999288        1025.7570814970982     
   9.7829999999999284        1026.7491862903207     
   9.8029999999999298        1026.9961406673171     
   9.8229999999999293        1027.0975786113415     
   9.8429999999999289        1029.6304436166840     
   9.8629999999999285        1030.9148097846389     
   9.8829999999999298        1030.5662507943096     
   9.9029999999999294        1030.0876822651417     
   9.9229999999999290        1034.1173198168333     
   9.9429999999999286        1034.8207722084230     
   9.9629999999999299        1032.8704079655847     
   9.9829999999999295        1033.5410830503286     
   10.002999999999929        1033.3079097143823     
   10.022999999999929        1032.9021864381818     
   10.042999999999930        1030.2704093920979     
   10.062999999999930        1032.5258408223635     
   10.082999999999929        1034.8513652332770     
   10.102999999999929        1037.2424401570804     
   10.122999999999930        1034.7206840228453     
   10.142999999999930        1034.1656505958235     
   10.162999999999929        1031.2416768571868     
   10.182999999999929        1026.8143009743146     
   10.202999999999930        1028.4426745989460     
   10.222999999999930        1021.8676640656375     
   10.242999999999929        1020.5572475930295     
   10.262999999999929        1019.2807220964909     
   10.282999999999928        1012.3071495946158     
   10.302999999999930        1015.5026221445587     
   10.322999999999929        1013.9460702020058     
   10.342999999999929        1012.4612455150638     
   10.362999999999928        1011.0768145277782     
   10.382999999999930        1009.7318369316019     
   10.402999999999929        1008.5334214705807     
   10.422999999999929        1003.3632412305348     
   10.442999999999929        1004.1811787433144     
   10.462999999999930        1005.7770950512522     
   10.482999999999929        1009.8815791353676     
   10.502999999999929        1011.5025492801242     
   10.522999999999929        1003.5621843017360     
   10.542999999999930        1005.2662467831814     
   10.562999999999930        1007.0738792114136     
   10.582999999999929        1006.5034678144420     
   10.602999999999929        1006.0581910293445     
   10.622999999999930        1010.0252356233331     
   10.642999999999930        1012.3279209776505     
   10.662999999999929        1012.0285195815414     
   10.682999999999929        1014.6872082915653     
   10.702999999999930        1019.6591420379270     
   10.722999999999930        1019.5775482798864     
   10.742999999999929        1021.8048846008063     
   10.762999999999929        1024.6671085509781     
   10.782999999999928        1024.6511202315069     
   10.802999999999930        1027.5902783757297     
   10.822999999999929        1036.4786402576781     
   10.842999999999929        1028.5159847463253     
   10.862999999999928        1028.6777310244427     
   10.882999999999930        1030.8469972860432     
   10.902999999999929        1026.6020866707611     
   10.922999999999929        1028.7382843428966     
   10.942999999999929        1021.8554716406879     
   10.962999999999930        1021.8323282902946     
   10.982999999999929        1023.3946742541916     
   11.002999999999929        1023.3847280118667     
   11.022999999999929        1023.4884696905920     
   11.042999999999930        1026.3697900127020     
   11.062999999999930        1032.5189284330991     
   11.082999999999929        1033.1161777797588     
   11.102999999999929        1033.7878234214320     
   11.122999999999930        1034.4609982759275     
   11.142999999999930        1035.0936300135472     
   11.162999999999929        1029.7226303062862     
   11.182999999999929        1029.4116283453218     
   11.202999999999930        1023.7362600932543     
   11.222999999999930        1023.5971574127316     
   11.242999999999929        1026.5665086635436     
   11.262999999999929        1026.6107222457244     
   11.282999999999928        1026.6822388085736     
   11.302999999999930        1026.7943453962507     
   11.322999999999929        1026.9049526081990     
   11.342999999999929        1026.9638193613132     
   11.362999999999928        1033.1449504070313     
   11.382999999999930        1040.7176907191522     
   11.402999999999929        1040.6381340086243     
   11.422999999999929        1040.4856331770739     
   11.442999999999929        1040.3702478993587     
   11.462999999999930        1039.9356120383047     
   11.482999999999929        1038.1084176912921     
   11.502999999999929        1041.5511908077808     
   11.522999999999929        1045.2819425868834     
   11.542999999999930        1045.9032278151847     
   11.562999999999930        1046.4558411122734     
   11.582999999999929        1046.7694925317990     
   11.602999999999929        1046.8303391169306     
   11.622999999999930        1046.6936304868016     
   11.642999999999930        1046.4245358747996     
   11.662999999999929        1046.1536847821010     
   11.682999999999929        1045.9271179888785     
   11.702999999999930        1048.9729637648163     
   11.722999999999930        1047.4336659091462     
   11.742999999999929        1050.4636928971709     
   11.762999999999929        1050.4636683050583     
   11.782999999999928        1049.3331488835340     
   11.802999999999930        1043.4710893529186     
   11.822999999999929        1045.6475402918438     
   11.842999999999929        1040.9261088244798     
   11.862999999999928        1039.9731820847069     
   11.882999999999930        1039.0218996541657     
   11.902999999999929        1031.4093904023011     
   11.922999999999929        1030.6595697027835     
   11.942999999999929        1029.9660953250936     
   11.962999999999930        1031.9766456529790     
   11.982999999999929        1025.1856336388512     
   12.002999999999929        1023.6788820319687     
   12.022999999999929        1022.0163912455700     
   12.042999999999930        1020.2817297585672     
   12.062999999999930        1018.5153175480604     
   12.082999999999929        1011.2022503261708     
   12.102999999999929        1008.9517423611859     
   12.122999999999930        1007.0515459071302     
   12.142999999999930        996.14250610215265     
   12.162999999999929        993.60702436044244     
   12.182999999999929        993.99491888263947     
   12.202999999999930        994.85546005373590     
   12.222999999999930        993.06554041565391     
   12.242999999999929        990.91298300467690     
   12.262999999999929        988.22678558937753     
   12.282999999999930        979.98079633465193     
   12.302999999999930        976.53601153878651     
   12.322999999999929        979.20443253926919     
   12.342999999999929        971.96253952279631     
   12.362999999999928        969.47024866627146     
   12.382999999999930        958.11459063248185     
   12.402999999999929        952.73094180080705     
   12.422999999999929        948.63041724161042     
   12.442999999999929        941.72814858297534     
   12.462999999999930        937.12977064345455     
   12.482999999999929        932.70419782972499     
   12.502999999999929        928.31719578453260     
   12.522999999999929        923.90556465513475     
   12.542999999999930        922.46331785954828     
   12.562999999999930        917.48516958443759     
   12.582999999999929        912.41111060986339     
   12.602999999999929        907.08607076487772     
   12.622999999999930        898.59740342581199     
   12.642999999999930        889.34020183654059     
   12.662999999999929        883.83790553464826     
   12.682999999999929        880.62111440778892     
   12.702999999999930        873.86349400341362     
   12.722999999999930        866.07860056401364     
   12.742999999999929        858.25243719925106     
   12.762999999999929        846.20475802969963     
   12.782999999999930        838.82131145062124     
   12.802999999999930        831.19827420220611     
   12.822999999999929        823.88235800148470     
   12.842999999999929        816.50580663455094     
   12.862999999999928        809.32574097598399     
   12.882999999999930        802.23305841450758     
   12.902999999999929        800.61980130960751     
   12.922999999999929        793.48726993142225     
   12.942999999999929        789.16365850162072     
   12.962999999999930        782.05083153247722     
   12.982999999999929        774.78360813797929     
   13.002999999999929        767.30281897860004     
   13.022999999999929        762.26811339698054     
   13.042999999999930        754.18872194692494     
   13.062999999999930        745.85532247401932     
   13.082999999999929        737.34067756808997     
   13.102999999999929        728.74289006672598     
   13.122999999999930        720.09841000350013     
   13.142999999999930        711.36467512939998     
   13.162999999999929        702.43281139952569     
   13.182999999999929        693.23536122402186     
   13.202999999999930        683.84452664727121     
   13.222999999999930        676.63347460127454     
   13.242999999999929        667.03667393126614     
   13.262999999999929        657.68756827168136     
   13.282999999999930        648.19777447485251     
   13.302999999999930        640.95296466133118     
   13.322999999999929        631.96157184969513     
   13.342999999999929        621.88583738445823     
   13.362999999999928        611.79663895362273     
   13.382999999999930        605.01313648355529     
   13.402999999999929        596.86269413323112     
   13.422999999999929        586.55667669262880     
   13.442999999999929        578.22419493525547     
   13.462999999999930        569.70448749998945     
   13.482999999999929        559.28963434950560     
   13.502999999999929        548.88835162417445     
   13.522999999999929        539.71427549661610     
   13.542999999999930        529.22081811788541     
   13.562999999999930        518.74417463774046     
   13.582999999999929        508.80882299612477     
   13.602999999999929        498.45059469523403     
   13.622999999999930        488.22389775814025     
   13.642999999999930        478.12823431758659     
   13.662999999999929        468.15525846126320     
   13.682999999999929        458.28991230555687     
   13.702999999999930        448.39981233064606     
   13.722999999999930        438.46260423021346     
   13.742999999999929        429.13467691565273     
   13.762999999999929        419.09512155384760     
   13.782999999999930        409.07638386919348     
   13.802999999999930        399.11719468292659     
   13.822999999999929        390.65794665277241     
   13.842999999999929        380.76538975775310     
   13.862999999999928        370.97120052563389     
   13.882999999999930        363.29295360282578     
   13.902999999999929        353.61701495870216     
   13.922999999999929        344.01887487429946     
   13.942999999999929        334.49386135000520     
   13.962999999999930        325.04497358116521     
   13.982999999999929        316.44582096197149     
   14.002999999999929        307.05700042076342     
   14.022999999999929        297.72354046601708     
   14.042999999999930        288.49214522561130     
   14.062999999999930        280.12926783418072     
   14.082999999999929        271.89056519954698     
   14.102999999999929        264.00337342832302     
   14.122999999999930        256.19394408769597     
   14.142999999999930        247.54068118323497     
   14.162999999999929        239.62986520358709     
   14.182999999999929        232.04511982557463     
   14.202999999999930        223.75556299658740     
   14.222999999999930        216.39495220392232     
   14.242999999999929        208.41577821653883     
   14.262999999999929        200.61076544099913     
   14.282999999999930        193.69741330435207     
   14.302999999999930        186.19920923300387     
   14.322999999999929        178.86974288090497     
   14.342999999999929        172.32688785434283     
   14.362999999999928        166.05648851572028     
   14.382999999999930        159.23888473687373     
   14.402999999999929        153.01894903875893     
   14.422999999999929        147.81277362736949     
   14.442999999999929        141.52547149906229     
   14.462999999999930        135.44007009943525     
   14.482999999999929        129.40174076802640     
   14.502999999999929        123.51972120050914     
   14.522999999999929        117.79331946777896     
   14.542999999999930        112.10492600520224     
   14.562999999999930        106.66934944353945     
   14.582999999999929        101.32288299586828     
   14.602999999999929        96.058849934784874     
   14.622999999999930        90.886558770260635     
   14.642999999999930        85.822889256467789     
   14.662999999999929        80.889532738383181     
   14.682999999999929        76.383767758278395     
   14.702999999999930        71.711877853464387     
   14.722999999999930        66.894194163248144     
   14.742999999999929        62.447776385524755     
   14.762999999999929        58.173639707840898     
   14.782999999999930        53.927403133452721     
   14.802999999999930        49.929235280371820     
   14.822999999999929        46.076430219067070     
   14.842999999999929        42.376489813152290     
   14.862999999999928        38.831716279794136     
   14.882999999999930        35.410857072529488     
   14.902999999999929        32.184143234141260     
   14.922999999999929        29.085576913635748     
   14.942999999999929        26.123138276322589     
   14.962999999999930        23.332301459179689     
   14.982999999999929        20.718490900027710     
   15.002999999999929        18.242244695851522     
   15.022999999999929        15.966866196381606     
   15.042999999999930        13.849781259468212     
   15.062999999999930        11.885812184244489     
   15.082999999999929        10.050605896368495     
   15.102999999999929        8.3863447024143660     
   15.122999999999930        6.8412072564428277     
   15.142999999999930        5.4279848180519119     
   15.162999999999929        4.1074166197818247     
   15.182999999999929        3.1099800213727078     
   15.202999999999930        2.2627581512905910     
   15.222999999999930        1.5678647370714631     
   15.242999999999929        1.0270693914578175     
   15.262999999999929       0.64182045290804535     
   15.282999999999930       0.41193614982730326     
   15.302999999999930       0.33779116982157126     
   15.322999999999929       0.41215123366890449     
   15.342999999999929       0.63657665205831537     
   15.362999999999928        1.0074008019977918     
   15.382999999999930        1.5283428640752255     
   15.402999999999929        2.2006740232406186     
   15.422999999999929        3.0294220428238767     
   15.442999999999929        3.9616233454295204     
   15.462999999999930        5.0455469658746361     
   15.482999999999929        6.2598137005096790     
   15.502999999999929        7.6202256388637988     
   15.522999999999929        9.1292800177873055     
   15.542999999999930        10.788278500579887     
   15.562999999999930        12.596467201784671     
   15.582999999999929        14.479622528073445     
   15.602999999999929        16.567674177113854     
   15.622999999999930        18.471144494230039     
   15.642999999999930        20.591626808938926     
   15.662999999999929        22.647636792603983     
   15.682999999999929        25.167302278833159     
   15.702999999999930        27.706682236866616     
   15.722999999999930        30.321121767985264     
   15.742999999999929        32.754827460802808     
   15.762999999999929        35.059099750945023     
   15.782999999999930        37.908989572598415     
   15.802999999999930        41.064224028765729     
   15.822999999999929        44.308703768768687     
   15.842999999999929        47.673753541752319     
   15.862999999999930        51.185700238745525     
   15.882999999999930        54.846918670964577     
   15.902999999999929        58.592812303512176     
   15.922999999999929        62.003880682781734     
   15.942999999999929        64.540891226461682     
   15.962999999999930        68.443083839757065     
   15.982999999999929        72.455361476734666     
   16.002999999999929        76.581701619502795     
   16.022999999999929        80.822240783240318     
   16.042999999999928        85.177400816637572     
   16.062999999999928        89.092279407866997     
   16.082999999999931        93.638338213115674     
   16.102999999999930        98.264054958595935     
   16.122999999999930        102.32309116501455     
   16.142999999999930        107.03443979116042     
   16.162999999999929        111.80300429228876     
   16.182999999999929        116.58174147814101     
   16.202999999999928        121.46172780310407     
   16.222999999999928        124.43507792213332     
   16.242999999999931        127.36335755057875     
   16.262999999999931        132.37259418508256     
   16.282999999999930        133.94163677686151     
   16.302999999999930        138.93683633472264     
   16.322999999999929        142.81489789410199     
   16.342999999999929        147.88644384174913     
   16.362999999999928        153.03793638272529     
   16.382999999999928        156.95068555478284     
   16.402999999999928        160.57738408119371     
   16.422999999999931        165.61209358414001     
   16.442999999999930        170.74723669974793     
   16.462999999999930        176.27294196158803     
   16.482999999999929        180.04404050210982     
   16.502999999999929        185.48323285908810     
   16.522999999999929        191.03776899978840     
   16.542999999999928        196.68731947358529     
   16.562999999999928        202.44092538891184     
   16.582999999999931        208.29505295813672     
   16.602999999999930        206.49487101301477     
   16.622999999999930        212.31397340920972     
   16.642999999999930        218.21416714592036     
   16.662999999999929        224.19012309513872     
   16.682999999999929        230.23698920058931     
   16.702999999999928        236.35095420891031     
   16.722999999999928        242.52638092376176     
   16.742999999999931        248.75541182741466     
   16.762999999999931        255.03199943006049     
   16.782999999999930        256.23218308646938     
   16.802999999999930        261.93032192195494     
   16.822999999999929        268.17108870814604     
   16.842999999999929        274.44938149083060     
   16.862999999999928        268.40441922918700     
   16.882999999999928        270.51298758691581     
   16.902999999999928        276.53013850812999     
   16.922999999999931        282.60270512649390     
   16.942999999999930        288.73957828857158     
   16.962999999999930        294.94943691167134     
   16.982999999999929        301.22717408994680     
   17.002999999999929        307.55457295067930     
   17.022999999999929        313.90339225289853     
   17.042999999999928        320.56717187476909     
   17.062999999999928        320.02390330008643     
   17.082999999999931        326.21148547285935     
   17.102999999999930        332.41026328259704     
   17.122999999999930        338.62590941813841     
   17.142999999999930        344.86485406417751     
   17.162999999999929        351.13242684450660     
   17.182999999999929        357.43131141153287     
   17.202999999999928        357.11203023552162     
   17.222999999999928        363.34810911810257     
   17.242999999999931        369.62310884364564     
   17.262999999999931        375.93850385651888     
   17.282999999999930        382.29031484843529     
   17.302999999999930        388.67771739070827     
   17.322999999999929        395.10340052653470     
   17.342999999999929        401.57452595623226     
   17.362999999999928        408.09875742216553     
   17.382999999999928        414.68256653051645     
   17.402999999999931        421.32742873783167     
   17.422999999999931        428.01601627178019     
   17.442999999999930        434.74147204498860     
   17.462999999999930        441.51052492478425     
   17.482999999999929        448.33218994067352     
   17.502999999999929        455.20445230340437     
   17.522999999999929        462.12528840421453     
   17.542999999999928        469.12034853254488     
   17.562999999999928        476.22621621165155     
   17.582999999999931        472.54608183645371     
   17.602999999999930        479.82211609193723     
   17.622999999999930        487.23007577296352     
   17.642999999999930        492.68059016813703     
   17.662999999999929        499.97296642720312     
   17.682999999999929        507.21255153873233     
   17.702999999999928        501.92779034187026     
   17.722999999999928        508.92399142897392     
   17.742999999999931        515.91517429829696     
   17.762999999999931        522.91537616503501     
   17.782999999999930        529.96366331380636     
   17.802999999999930        535.08098877571319     
   17.822999999999929        542.33695102674960     
   17.842999999999929        547.42323271481087     
   17.862999999999928        554.99030459782557     
   17.882999999999928        562.72623726354425     
   17.902999999999931        570.49924482822098     
   17.922999999999931        578.29662229418352     
   17.942999999999930        585.95811683761053     
   17.962999999999930        589.92587765858241     
   17.982999999999929        597.32668701494288     
   18.002999999999929        604.71698642488286     
   18.022999999999929        612.15728282705493     
   18.042999999999928        619.70658516732340     
   18.062999999999928        627.42708207778844     
   18.082999999999931        635.26850280653093     
   18.102999999999930        643.14189265114419     
   18.122999999999930        648.87622441695146     
   18.142999999999930        655.65768199962918     
   18.162999999999929        663.12049876281537     
   18.182999999999929        669.25304501823246     
   18.202999999999928        659.97271047302547     
   18.222999999999928        667.17247603243868     
   18.242999999999931        674.36772530052599     
   18.262999999999931        681.60886856820275     
   18.282999999999930        688.96263918334000     
   18.302999999999930        696.49190785186522     
   18.322999999999929        704.25100927211668     
   18.342999999999929        712.20754417643252     
   18.362999999999928        715.58475750284424     
   18.382999999999928        723.54368385530518     
   18.402999999999931        731.23197941064120     
   18.422999999999931        738.69302086339758     
   18.442999999999930        745.97705855022673     
   18.462999999999930        753.23792184720696     
   18.482999999999929        757.21645155871829     
   18.502999999999929        765.20888435012569     
   18.522999999999929        773.64282406700943     
   18.542999999999928        782.40423812116580     
   18.562999999999928        775.18266807987641     
   18.582999999999931        783.33161176834801     
   18.602999999999930        789.96894047149181     
   18.622999999999930        797.55475169917850     
   18.642999999999930        804.97897001400361     
   18.662999999999929        812.32111948791407     
   18.682999999999929        819.66869721851867     
   18.702999999999928        824.73156469665082     
   18.722999999999928        832.29091388172640     
   18.742999999999931        835.84675419952748     
   18.762999999999931        843.45239000550441     
   18.782999999999930        851.04205113912155     
   18.802999999999930        858.56346261769090     
   18.822999999999929        865.96440735988233     
   18.842999999999929        872.45097092919229     
   18.862999999999928        879.47249645803879     
   18.882999999999928        886.37084229655488     
   18.902999999999931        893.26332189706045     
   18.922999999999931        900.26450267884911     
   18.942999999999930        907.47369349142639     
   18.962999999999930        914.96831761798887     
   18.982999999999929        922.74546854223934     
   19.002999999999929        930.65344301803600     
   19.022999999999929        938.18969319785560     
   19.042999999999928        945.25653977829620     
   19.062999999999928        951.64981269135546     
   19.082999999999931        957.37094114206468     
   19.102999999999930        963.04208772619984     
   19.122999999999930        965.01243483126882     
   19.142999999999930        958.31652160265310     
   19.162999999999929        964.27143246416244     
   19.182999999999929        964.42490034679543     
   19.202999999999928        970.71035948156612     
   19.222999999999928        976.79284888133895     
   19.242999999999931        982.70200364062737     
   19.262999999999931        988.55735323152783     
   19.282999999999930        989.14526605776155     
   19.302999999999930        995.14261191041658     
   19.322999999999929        1001.1664429837432     
   19.342999999999929        1007.2079720312910     
   19.362999999999928        1013.2803565143373     
   19.382999999999928        1019.3955553616026     
   19.402999999999931        1025.5494884423383     
   19.422999999999931        1031.7373672740503     
   19.442999999999930        1037.9032829290027     
   19.462999999999930        1043.9352264386257     
   19.482999999999929        1049.8565056954997     
   19.502999999999929        1055.6420615253412     
   19.522999999999929        1061.2458343000228     
   19.542999999999928        1066.6194508514375     
   19.562999999999928        1071.7336985864781     
   19.582999999999931        1076.6267363562322     
   19.602999999999930        1081.3589205832145     
   19.622999999999930        1085.9582900641376     
   19.642999999999930        1090.4719293587812     
   19.662999999999929        1094.9394889255575     
   19.682999999999929        1099.3560880774662     
   19.702999999999928        1096.1119711363410     
   19.722999999999928        1100.1784819024367     
   19.742999999999931        1104.0176658582468     
   19.762999999999931        1107.5940080659213     
   19.782999999999930        1111.0431570556550     
   19.802999999999930        1114.3323557999749     
   19.822999999999929        1117.4267827631297     
   19.842999999999929        1120.4757285890896     
   19.862999999999928        1123.6375254597315     
   19.882999999999928        1130.0918074629574     
   19.902999999999931        1133.4130591243543     
   19.922999999999931        1136.7506402225931     
   19.942999999999930        1140.0173341338971     
   19.962999999999930        1146.5187088945934     
   19.982999999999929        1154.5305135355943     
   20.002999999999929        1148.0679838409214     
   20.022999999999929        1150.9489716152275     
   20.042999999999928        1153.8660177644724     
   20.062999999999928        1156.8102212237063     
   20.082999999999931        1155.4621442488001     
   20.102999999999930        1158.2081366651728     
   20.122999999999930        1160.9401154184116     
   20.142999999999930        1163.6471669473945     
   20.162999999999929        1166.3217430910292     
   20.182999999999929        1168.9529549950937     
   20.202999999999928        1171.5557344254767     
   20.222999999999928        1174.1464942241266     
   20.242999999999931        1176.7005561756057     
   20.262999999999931        1179.1826238170149     
   20.282999999999930        1181.5843637099294     
   20.302999999999930        1172.4617765839048     
   20.322999999999929        1174.5587960051084     
   20.342999999999929        1164.3135386014003     
   20.362999999999928        1166.0575639231520     
   20.382999999999928        1172.8628032487570     
   20.402999999999931        1174.3176189314199     
   20.422999999999931        1163.1589152866266     
   20.442999999999930        1164.2671106686314     
   20.462999999999930        1165.3106888192617     
   20.482999999999929        1166.3053730133668     
   20.502999999999929        1167.2781593805835     
   20.522999999999929        1168.2100682557666     
   20.542999999999928        1169.0645491540522     
   20.562999999999928        1156.4980737346159     
   20.582999999999931        1157.0401923523391     
   20.602999999999930        1163.6531079558506     
   20.622999999999930        1164.0531417133254     
   20.642999999999930        1164.4375655250535     
   20.662999999999929        1164.8352329792526     
   20.682999999999929        1165.2639340529297     
   20.702999999999928        1165.7353490685452     
   20.722999999999928        1166.2429627390854     
   20.742999999999931        1166.7412204588418     
   20.762999999999931        1167.2016809120694     
   20.782999999999930        1167.7226458749708     
   20.802999999999930        1168.3237298180529     
   20.822999999999929        1175.8244767803758     
   20.842999999999929        1161.3585077467890     
   20.862999999999928        1161.9245746588097     
   20.882999999999928        1162.5337110265752     
   20.902999999999931        1163.1833710319945     
   20.922999999999931        1163.8679921683497     
   20.942999999999930        1164.5815635829958     
   20.962999999999930        1165.3185990171917     
   20.982999999999929        1173.3810384583460     
   21.002999999999929        1174.1163526556547     
   21.022999999999929        1157.8089074337365     
   21.042999999999928        1158.3512010226830     
   21.062999999999928        1158.8590376685643     
   21.082999999999931        1166.9769076421967     
   21.102999999999930        1175.2386181055072     
   21.122999999999930        1175.7377163866859     
   21.142999999999930        1176.2963481665911     
   21.162999999999929        1176.8982646374416     
   21.182999999999929        1177.5308311184126     
   21.202999999999928        1178.1730304806797     
   21.222999999999928        1178.8057816296291     
   21.242999999999931        1179.4700997730806     
   21.262999999999931        1180.1818823781493     
   21.282999999999930        1189.1888537162604     
   21.302999999999930        1189.9868225331732     
   21.322999999999929        1190.8445874460606     
   21.342999999999929        1191.7591903267355     
   21.362999999999928        1192.6832425241710     
   21.382999999999928        1193.5717057155803     
   21.402999999999931        1202.9666564334020     
   21.422999999999931        1203.8851051738827     
   21.442999999999930        1204.8559820531384     
   21.462999999999930        1205.8675149222161     
   21.482999999999929        1206.9089843147806     
   21.502999999999929        1207.9724570289104     
   21.522999999999929        1217.7965038972027     
   21.542999999999928        1218.8886432423137     
   21.562999999999928        1219.9911269433846     
   21.582999999999931        1221.1151234113845     
   21.602999999999930        1222.3504723569595     
   21.622999999999930        1232.6498327057661     
   21.642999999999930        1243.1917941275840     
   21.662999999999929        1244.7380122043094     
   21.682999999999929        1226.9046640502706     
   21.702999999999928        1228.3943074312019     
   21.722999999999928        1229.9733606838190     
   21.742999999999931        1231.6501184871577     
   21.762999999999931        1233.4259073129615     
   21.782999999999930        1218.4384785567552     
   21.802999999999930        1228.2516473433304     
   21.822999999999929        1230.0738110877178     
   21.842999999999929        1231.9351725249683     
   21.862999999999928        1212.9475147685812     
   21.882999999999928        1214.6777278790555     
   21.902999999999931        1216.4122263965480     
   21.922999999999931        1218.1354335624619     
   21.942999999999930        1219.8458372868279     
   21.962999999999930        1221.5342952979934     
   21.982999999999929        1223.2036279851200     
   22.002999999999929        1224.8709344561621     
   22.022999999999929        1226.5554854333868     
   22.042999999999928        1228.2704434160621     
   22.062999999999928        1238.3339171476912     
   22.082999999999931        1240.2501224959963     
   22.102999999999930        1251.6324798047290     
   22.122999999999930        1262.4950881564471     
   22.142999999999930        1264.6063405519903     
   22.162999999999929        1266.7355886975679     
   22.182999999999929        1268.8936671018635     
   22.202999999999928        1271.0618202174826     
   22.222999999999928        1273.2076271456826     
   22.242999999999931        1275.3208897406414     
   22.262999999999931        1277.3930806573464     
   22.282999999999930        1279.4196323622648     
   22.302999999999930        1281.3929954983241     
   22.322999999999929        1269.6540822621507     
   22.342999999999929        1271.3358772909237     
   22.362999999999928        1272.9352244844852     
   22.382999999999928        1274.4497868480464     
   22.402999999999931        1262.8149351241593     
   22.422999999999931        1264.0642210131787     
   22.442999999999930        1265.3772833100854     
   22.462999999999930        1266.7733376986123     
   22.482999999999929        1278.1848828443713     
   22.502999999999929        1279.8098841312099     
   22.522999999999929        1281.5348156212381     
   22.542999999999928        1283.3517537589260     
   22.562999999999928        1285.2514293788470     
   22.582999999999931        1287.2054635361512     
   22.602999999999930        1289.2013828807512     
   22.622999999999930        1291.2284750769506     
   22.642999999999930        1293.2751187692006     
   22.662999999999929        1295.3203798230893     
   22.682999999999929        1297.3339403790922     
   22.702999999999928        1320.1151796245626     
   22.722999999999928        1322.2357954144106     
   22.742999999999931        1356.8505649889626     
   22.762999999999931        1359.1193425920512     
   22.782999999999930        1361.3611988485443     
   22.802999999999930        1363.5467766376398     
   22.822999999999929        1365.6495254100471     
   22.842999999999929        1367.6914535847218     
   22.862999999999928        1369.7523225849930     
   22.882999999999928        1371.8413727687355     
   22.902999999999931        1385.4061651238410     
   22.922999999999931        1380.6823442260522     
   22.942999999999930        1382.7770215079156     
   22.962999999999930        1384.9935042166662     
   22.982999999999929        1387.4066208231566     
   23.002999999999929        1401.7834126801308     
   23.022999999999929        1404.5449778013663     
   23.042999999999928        1419.4417069094629     
   23.062999999999928        1422.4148060910145     
   23.082999999999931        1425.4028715025049     
   23.102999999999930        1428.3486722817631     
   23.122999999999930        1431.1779624952962     
   23.142999999999930        1433.8410284446945     
   23.162999999999929        1436.2964882728495     
   23.182999999999929        1438.5608064839589     
   23.202999999999928        1440.6838529112899     
   23.222999999999928        1442.6702632726888     
   23.242999999999931        1444.5222049564791     
   23.262999999999931        1446.2633752552215     
   23.282999999999930        1447.9883098729026     
   23.302999999999930        1449.7232829167115     
   23.322999999999929        1451.4796752489449     
   23.342999999999929        1453.2691388604972     
   23.362999999999928        1455.1018463017667     
   23.382999999999928        1469.2745493623288     
   23.402999999999931        1471.2116588271974     
   23.422999999999931        1485.2797249058592     
   23.442999999999930        1487.2979581013187     
   23.462999999999930        1489.3361280680742     
   23.482999999999929        1503.5695840304666     
   23.502999999999929        1505.5337066212594     
   23.522999999999929        1507.4756255747939     
   23.542999999999928        1509.3922243175857     
   23.562999999999928        1512.4555400385195     
   23.582999999999931        1514.1982909043943     
   23.602999999999930        1515.9044209424546     
   23.622999999999930        1529.6057410049282     
   23.642999999999930        1531.1580947748982     
   23.662999999999929        1545.7541490908654     
   23.682999999999929        1531.6742700259381     
   23.702999999999928        1532.8839468477538     
   23.722999999999928        1534.0392151696062     
   23.742999999999931        1535.1138539398012     
   23.762999999999931        1536.1213237036616     
   23.782999999999930        1537.0822864017923     
   23.802999999999930        1523.1743608673542     
   23.822999999999929        1523.8766723362148     
   23.842999999999929        1524.5914806162486     
   23.862999999999928        1525.3079231088989     
   23.882999999999928        1526.0300911316406     
   23.902999999999931        1539.5307372677958     
   23.922999999999931        1540.1950145093886     
   23.942999999999930        1540.8236018794507     
   23.962999999999930        1541.3790820454412     
   23.982999999999929        1527.7255194352929     
   24.002999999999929        1527.7825172761056     
   24.022999999999929        1527.6704590200948     
   24.042999999999928        1527.3614566158894     
   24.062999999999931        1526.8352730333741     
   24.082999999999931        1526.1545593952469     
   24.102999999999930        1525.3492389679982     
   24.122999999999930        1524.4369123328875     
   24.142999999999930        1523.5108810171175     
   24.162999999999929        1510.2275160411598     
   24.182999999999929        1509.1010324515953     
   24.202999999999928        1508.0135319928372     
   24.222999999999928        1506.9733582228062     
   24.242999999999931        1505.9683135447112     
   24.262999999999931        1504.9783701910783     
   24.282999999999930        1503.9989934511523     
   24.302999999999930        1503.0294600672987     
   24.322999999999929        1502.0694750607429     
   24.342999999999929        1514.2332350711904     
   24.362999999999928        1513.2253224764070     
   24.382999999999928        1512.1972258228338     
   24.402999999999931        1511.1380348408043     
   24.422999999999931        1516.3593387993026     
   24.442999999999930        1514.9442423135811     
   24.462999999999930        1513.4456011946800     
   24.482999999999929        1511.8273987589446     
   24.502999999999929        1510.0739251579075     
   24.522999999999929        1508.2451533800545     
   24.542999999999928        1496.6614962216133     
   24.562999999999931        1494.5242386066150     
   24.582999999999931        1492.3531395610053     
   24.602999999999930        1490.1530250370713     
   24.622999999999930        1500.9107220249064     
   24.642999999999930        1498.5663562504424     
   24.662999999999929        1496.1608494326085     
   24.682999999999929        1493.6855984766678     
   24.702999999999928        1482.8541724491572     
   24.722999999999928        1479.9483403314625     
   24.742999999999931        1476.9218460454072     
   24.762999999999931        1473.7590820311314     
   24.782999999999930        1475.8712450535725     
   24.802999999999930        1472.1448037665205     
   24.822999999999929        1468.3142346679385     
   24.842999999999929        1464.3573562554423     
   24.862999999999928        1460.2545483112860     
   24.882999999999928        1453.5986274553327     
   24.902999999999931        1448.7974693078447     
   24.922999999999931        1443.8918619005667     
   24.942999999999930        1438.9073792738227     
   24.962999999999930        1433.8491510334713     
   24.982999999999929        1428.7228822306422     
   25.002999999999929        1423.5503713016240     
   25.022999999999929        1418.3634338375437     
   25.042999999999928        1413.1872660268127     
   25.062999999999931        1408.0421281689332     
   25.082999999999931        1402.9447480191993     
   25.102999999999930        1397.9077058457024     
   25.122999999999930        1392.9316429980631     
   25.142999999999930        1387.9957328148839     
   25.162999999999929        1383.0512039955918     
   25.182999999999929        1378.0790299049693     
   25.202999999999928        1373.0694820301139     
   25.222999999999928        1363.7680242350054     
   25.242999999999931        1358.4129863314195     
   25.262999999999931        1353.0243900174478     
