   3.0000000000654836E-002   4173.6790688924748     
   5.0000000000654840E-002   4175.8034061585640     
   7.0000000000654844E-002   4177.4570616741757     
   9.0000000000654834E-002   4178.6960039535725     
  0.11000000000065484        4180.0024546613877     
  0.13000000000065484        4182.9494321994543     
  0.15000000000065483        4184.6746828005707     
  0.17000000000065485        4185.3073582872175     
  0.19000000000065484        4188.7789084650485     
  0.21000000000065483        4190.7721798310213     
  0.23000000000065485        4190.7305440209529     
  0.25000000000065481        4193.3624893169263     
  0.27000000000065483        4191.7166045162840     
  0.29000000000065485        4195.9716053106158     
  0.31000000000065486        4198.7423947223142     
  0.33000000000065483        4197.5117402236801     
  0.35000000000065484        4203.9425483874729     
  0.37000000000065486        4206.5114392677178     
  0.39000000000065482        4204.0590944684418     
  0.41000000000065484        4209.5414525690148     
  0.43000000000065486        4202.5926000095969     
  0.45000000000065482        4206.6785694000228     
  0.47000000000065484        4212.9016134442227     
  0.49000000000065486        4214.1576332656477     
  0.51000000000065482        4209.8996461736051     
  0.53000000000065484        4219.7945316643536     
  0.55000000000065485        4216.0118514250362     
  0.57000000000065487        4221.5504637694885     
  0.59000000000065489        4218.6940442950654     
  0.61000000000065480        4215.7000462758206     
  0.63000000000065481        4225.8691127559714     
  0.65000000000065483        4219.6191856330452     
  0.67000000000065485        4223.9709686633169     
  0.69000000000065487        4233.2896815927670     
  0.71000000000065489        4228.6986216748137     
  0.73000000000065490        4223.8780204955292     
  0.75000000000065481        4241.9436874580815     
  0.77000000000065483        4247.7594313778645     
  0.79000000000065485        4236.7303179329901     
  0.81000000000065486        4231.9360871980889     
  0.83000000000065488        4245.2208534858364     
  0.85000000000065490        4237.6636933516556     
  0.87000000000065481        4248.7980568990506     
  0.89000000000065482        4241.1992911072211     
  0.91000000000065484        4258.5864408070775     
  0.93000000000065486        4250.1478641631711     
  0.95000000000065488        4251.8603749558824     
  0.97000000000065489        4249.4872150979572     
  0.99000000000065480        4254.9382501752871     
   1.0100000000006548        4260.3421913599605     
   1.0300000000006548        4266.6869730959716     
   1.0500000000006549        4257.6507996967157     
   1.0700000000006549        4271.6698506835792     
   1.0900000000006549        4268.4381583090926     
   1.1100000000006549        4259.7380472509039     
   1.1300000000006549        4277.5870383977044     
   1.1500000000006549        4268.5000883153825     
   1.1700000000006550        4259.5235804367194     
   1.1900000000006548        4275.8066473346116     
   1.2100000000006548        4281.5282961575031     
   1.2300000000006548        4278.9359840244506     
   1.2500000000006548        4282.7337287575019     
   1.2700000000006548        4285.0453790828724     
   1.2900000000006548        4274.2179683787108     
   1.3100000000006549        4284.5907046703087     
   1.3300000000006549        4290.3895580068956     
   1.3500000000006549        4277.6589950924190     
   1.3700000000006549        4277.6359769747178     
   1.3900000000006549        4277.5336405398002     
   1.4100000000006550        4306.9747100978075     
   1.4300000000006550        4293.6940008401161     
   1.4500000000006548        4310.0373550686127     
   1.4700000000006548        4292.5254892485746     
   1.4900000000006548        4304.5410630742863     
   1.5100000000006548        4310.3387109287924     
   1.5300000000006548        4322.0993695469906     
   1.5500000000006549        4319.4879208488728     
   1.5700000000006549        4288.2124568407144     
   1.5900000000006549        4299.4816546377251     
   1.6100000000006549        4305.3894702142279     
   1.6300000000006549        4299.1270910166268     
   1.6500000000006549        4304.3230107793697     
   1.6700000000006550        4320.8633542101288     
   1.6900000000006550        4300.5091049556222     
   1.7100000000006548        4302.7732149808080     
   1.7300000000006548        4305.3189039624922     
   1.7500000000006548        4334.4713541516439     
   1.7700000000006548        4334.7308355398673     
   1.7900000000006548        4321.6414550333393     
   1.8100000000006549        4343.6094245752156     
   1.8300000000006549        4313.1414062119184     
   1.8500000000006549        4319.5455260282588     
   1.8700000000006549        4305.0462409938755     
   1.8900000000006549        4328.5662657380908     
   1.9100000000006550        4350.7420562175075     
   1.9300000000006550        4364.6118364422955     
   1.9500000000006548        4351.7765140316696     
   1.9700000000006548        4347.1591405214112     
   1.9900000000006548        4323.4475270126131     
   2.0100000000006548        4334.8171660492444     
   2.0300000000006548        4340.3685116355136     
   2.0500000000006549        4347.3218739748236     
   2.0700000000006549        4365.4817925819179     
   2.0900000000006549        4365.6096819604463     
   2.1100000000006549        4371.3908176226796     
   2.1300000000006549        4369.9087952240634     
   2.1500000000006549        4366.3525740005753     
   2.1700000000006550        4378.4860367070205     
   2.1900000000006550        4348.5374276264138     
   2.2100000000006550        4348.8790096289486     
   2.2300000000006550        4356.4035364542042     
   2.2500000000006550        4360.5242629791082     
   2.2700000000006550        4354.0198050476183     
   2.2900000000006551        4361.3845322405496     
   2.3100000000006551        4371.1611296376359     
   2.3300000000006551        4388.1969789544955     
   2.3500000000006547        4403.5564227523600     
   2.3700000000006547        4408.1136650773497     
   2.3900000000006547        4400.1243165450633     
   2.4100000000006547        4410.5046834020186     
   2.4300000000006547        4369.6784590727102     
   2.4500000000006548        4372.9003220872792     
   2.4700000000006548        4375.4802731806521     
   2.4900000000006548        4370.9357339596381     
   2.5100000000006548        4371.4470677039790     
   2.5300000000006548        4368.8573717133513     
   2.5500000000006549        4363.4199598943724     
   2.5700000000006549        4393.2148375656552     
   2.5900000000006549        4406.0378395484731     
   2.6100000000006549        4410.7241165261521     
   2.6300000000006549        4415.7404166898850     
   2.6500000000006549        4414.9287181391601     
   2.6700000000006550        4409.9728836379345     
   2.6900000000006550        4411.7287120523279     
   2.7100000000006550        4430.8519311641248     
   2.7300000000006550        4418.9096192310908     
   2.7500000000006550        4395.9485336369034     
   2.7700000000006550        4368.8611724649754     
   2.7900000000006551        4384.1079070795904     
   2.8100000000006551        4396.8537192810891     
   2.8300000000006551        4389.1669204780355     
   2.8500000000006547        4406.2487927849770     
   2.8700000000006547        4416.9663844853703     
   2.8900000000006547        4436.0712066883816     
   2.9100000000006547        4448.4743880366850     
   2.9300000000006547        4455.6833946228971     
   2.9500000000006548        4445.6597583986413     
   2.9700000000006548        4440.1379957416466     
   2.9900000000006548        4449.9385665767504     
   3.0100000000006548        4442.9705976695350     
   3.0300000000006548        4456.2025065457819     
   3.0500000000006549        4458.9054885241267     
   3.0700000000006549        4482.5961056551905     
   3.0900000000006549        4494.5467284467231     
   3.1100000000006549        4497.9218904242844     
   3.1300000000006549        4454.3108866291714     
   3.1500000000006549        4449.5645148941858     
   3.1700000000006550        4462.8675505765104     
   3.1900000000006550        4452.4736393511339     
   3.2100000000006550        4465.4814232887529     
   3.2300000000006550        4416.9141182139683     
   3.2500000000006550        4426.7649410764980     
   3.2700000000006550        4433.1047240641019     
   3.2900000000006551        4433.0496790234283     
   3.3100000000006551        4437.6580061632958     
   3.3300000000006551        4420.9779951839118     
   3.3500000000006551        4432.4044736695059     
   3.3700000000006547        4433.3134758132510     
   3.3900000000006547        4437.3649520432054     
   3.4100000000006547        4446.0719297455616     
   3.4300000000006547        4455.2230863789018     
   3.4500000000006548        4455.1747360825239     
   3.4700000000006548        4465.4448746852213     
   3.4900000000006548        4490.8595923811317     
   3.5100000000006548        4509.6336988747817     
   3.5300000000006548        4521.2259660787995     
   3.5500000000006549        4514.6648742026082     
   3.5700000000006549        4506.2330297930075     
   3.5900000000006549        4495.5707267431799     
   3.6100000000006549        4509.6221367891440     
   3.6300000000006549        4506.3471806523985     
   3.6500000000006549        4454.2037067072706     
   3.6700000000006550        4451.5695055976857     
   3.6900000000006550        4447.4355236412803     
   3.7100000000006550        4453.5347282718567     
   3.7300000000006550        4457.0092192097827     
   3.7500000000006550        4473.1834221387844     
   3.7700000000006550        4475.9370083560552     
   3.7900000000006551        4497.8063608838975     
   3.8100000000006551        4511.9050815840865     
   3.8300000000006551        4538.6892419085743     
   3.8500000000006551        4550.9032317858519     
   3.8700000000006547        4546.7636149793161     
   3.8900000000006547        4535.5483049287277     
   3.9100000000006547        4528.8485709027082     
   3.9300000000006547        4530.6004728144744     
   3.9500000000006548        4500.1633803468894     
   3.9700000000006548        4505.3345524735914     
   3.9900000000006548        4516.4464882583325     
   4.0100000000006553        4490.4606619943561     
   4.0300000000006548        4505.0791279007472     
   4.0500000000006553        4505.1119416584061     
   4.0700000000006549        4517.7452235011388     
   4.0900000000006553        4519.2096732985447     
   4.1100000000006549        4532.8395752744191     
   4.1300000000006545        4544.3033593961527     
   4.1500000000006549        4556.4121785928737     
   4.1700000000006545        4555.4859297333023     
   4.1900000000006550        4567.4442195774673     
   4.2100000000006546        4582.2129899599149     
   4.2300000000006550        4587.2856326463861     
   4.2500000000006546        4573.8908926803242     
   4.2700000000006550        4587.2296881378634     
   4.2900000000006546        4601.5101561541733     
   4.3100000000006551        4594.7449211752501     
   4.3300000000006547        4611.2156474924150     
   4.3500000000006551        4612.9740984828641     
   4.3700000000006547        4599.0851729653850     
   4.3900000000006552        4571.3262692423777     
   4.4100000000006547        4561.5091120535280     
   4.4300000000006552        4559.9194634130399     
   4.4500000000006548        4543.9521906169903     
   4.4700000000006552        4561.3376233004255     
   4.4900000000006548        4561.6839125804363     
   4.5100000000006553        4584.3621599759590     
   4.5300000000006548        4571.4310703403980     
   4.5500000000006553        4566.2041217711594     
   4.5700000000006549        4584.7145454938682     
   4.5900000000006553        4587.8939059653612     
   4.6100000000006549        4577.4004856455367     
   4.6300000000006554        4586.5853682304178     
   4.6500000000006549        4595.7076105201559     
   4.6700000000006545        4585.6175055886670     
   4.6900000000006550        4616.1067504056682     
   4.7100000000006546        4623.1639452828103     
   4.7300000000006550        4628.1500417857578     
   4.7500000000006546        4644.0457551099080     
   4.7700000000006550        4647.1493267185642     
   4.7900000000006546        4657.7882572975423     
   4.8100000000006551        4671.1744430983317     
   4.8300000000006547        4661.3485537031720     
   4.8500000000006551        4648.5176481340804     
   4.8700000000006547        4653.8483162289012     
   4.8900000000006552        4671.6659269298916     
   4.9100000000006547        4679.4439919335473     
   4.9300000000006552        4687.2140413508996     
   4.9500000000006548        4656.7391153843500     
   4.9700000000006552        4671.3102129032268     
   4.9900000000006548        4677.0270777004480     
   5.0100000000006553        4676.3317742344516     
   5.0300000000006548        4685.1295979763281     
   5.0500000000006553        4686.4909194594375     
   5.0700000000006549        4676.6960469100513     
   5.0900000000006553        4663.8998564429548     
   5.1100000000006549        4674.1867731947323     
   5.1300000000006554        4680.8240381883570     
   5.1500000000006549        4687.2492732385699     
   5.1700000000006545        4696.3755658232894     
   5.1900000000006550        4701.7071060444741     
   5.2100000000006546        4715.6604978288460     
   5.2300000000006550        4720.2459516077670     
   5.2500000000006546        4729.5530097735709     
   5.2700000000006550        4721.0505340133705     
   5.2900000000006546        4734.5485516767922     
   5.3100000000006551        4715.8604843058856     
   5.3300000000006547        4721.0323880836149     
   5.3500000000006551        4720.0854488925688     
   5.3700000000006547        4691.6904566576341     
   5.3900000000006552        4703.4144537478305     
   5.4100000000006547        4703.7023536708284     
   5.4300000000006552        4703.4001022151442     
   5.4500000000006548        4692.8838770808770     
   5.4700000000006552        4638.7953113181675     
   5.4900000000006548        4612.8661591682694     
   5.5100000000006553        4611.8263682779252     
   5.5300000000006548        4608.3155995022535     
   5.5500000000006553        4590.6857008290217     
   5.5700000000006549        4584.2238384436196     
   5.5900000000006553        4594.1018159352834     
   5.6100000000006549        4601.6796901860916     
   5.6300000000006554        4637.6179784228334     
   5.6500000000006549        4637.5394503853813     
   5.6700000000006545        4644.1833773020317     
   5.6900000000006550        4657.1628164253225     
   5.7100000000006546        4682.5704127936679     
   5.7300000000006550        4685.2597796465452     
   5.7500000000006546        4726.3499700768061     
   5.7700000000006550        4718.6845281182677     
   5.7900000000006546        4741.4131482678886     
   5.8100000000006551        4749.4727445419585     
   5.8300000000006547        4758.5133853236302     
   5.8500000000006551        4757.3254067297412     
   5.8700000000006547        4775.8406981283706     
   5.8900000000006552        4783.0660149240375     
   5.9100000000006547        4778.9047389758625     
   5.9300000000006552        4752.4199437710877     
   5.9500000000006548        4763.2770970772417     
   5.9700000000006552        4777.0646671802015     
   5.9900000000006548        4774.9065577111287     
   6.0100000000006553        4751.2664189516800     
   6.0300000000006548        4767.5369157980313     
   6.0500000000006553        4785.4875481761401     
   6.0700000000006549        4795.1584344465955     
   6.0900000000006553        4799.4479651580141     
   6.1100000000006549        4814.2221840056918     
   6.1300000000006554        4827.4791383927604     
   6.1500000000006549        4833.1596926352722     
   6.1700000000006554        4826.4046353565091     
   6.1900000000006550        4824.9865049768268     
   6.2100000000006546        4825.4827906687897     
   6.2300000000006550        4819.5722356940696     
   6.2500000000006546        4810.2890607635945     
   6.2700000000006550        4816.3507969608909     
   6.2900000000006546        4823.6870607938490     
   6.3100000000006551        4831.1875965209183     
   6.3300000000006547        4831.6666043260002     
   6.3500000000006551        4832.4609871248867     
   6.3700000000006547        4805.9551549136531     
   6.3900000000006552        4809.5393846382767     
   6.4100000000006547        4786.2033135571874     
   6.4300000000006552        4810.7705243526680     
   6.4500000000006548        4787.6004511065512     
   6.4700000000006552        4762.4426202794866     
   6.4900000000006548        4774.6157773937475     
   6.5100000000006553        4779.1250015636442     
   6.5300000000006548        4783.5286146415447     
   6.5500000000006553        4772.0806354634269     
   6.5700000000006549        4768.4644216352981     
   6.5900000000006553        4764.1245150043960     
   6.6100000000006549        4760.0160480980821     
   6.6300000000006554        4755.8979183200445     
   6.6500000000006549        4769.7882954491251     
   6.6700000000006554        4755.1146017424808     
   6.6900000000006550        4759.7150716732749     
   6.7100000000006546        4745.3655365368422     
   6.7300000000006550        4746.2607841083045     
   6.7500000000006546        4740.6270608379273     
   6.7700000000006550        4742.0514745777609     
   6.7900000000006546        4721.6598788606007     
   6.8100000000006551        4713.5229270848231     
   6.8300000000006547        4710.5984272324649     
   6.8500000000006551        4727.2903477461905     
   6.8700000000006547        4722.3873100209921     
   6.8900000000006552        4729.4333742372801     
   6.9100000000006547        4729.5499774591435     
   6.9300000000006552        4713.9646857941416     
   6.9500000000006548        4718.4956215076991     
   6.9700000000006552        4723.4212580096046     
   6.9900000000006548        4731.1563904816730     
   7.0100000000006553        4743.6678200092720     
   7.0300000000006548        4760.2875575025128     
   7.0500000000006553        4775.3596587465190     
   7.0700000000006549        4757.7001609530480     
   7.0900000000006553        4737.5825101396513     
   7.1100000000006549        4697.8851532264698     
   7.1300000000006554        4688.4158395599979     
   7.1500000000006549        4675.1815105305895     
   7.1700000000006554        4642.5403668679810     
   7.1900000000006550        4630.4974354607011     
   7.2100000000006546        4647.4609618541890     
   7.2300000000006550        4655.8697478397189     
   7.2500000000006546        4655.8161044778408     
   7.2700000000006550        4613.7432208862392     
   7.2900000000006546        4562.9936654323437     
   7.3100000000006551        4526.7807434760953     
   7.3300000000006547        4515.0730886806850     
   7.3500000000006551        4497.6790378621035     
   7.3700000000006547        4494.1295016220001     
   7.3900000000006552        4502.3031995255888     
   7.4100000000006547        4502.8481917839281     
   7.4300000000006552        4504.4304936083699     
   7.4500000000006548        4525.6096117255893     
   7.4700000000006552        4528.6377286957368     
   7.4900000000006548        4560.6852329194162     
   7.5100000000006553        4573.9332222928133     
   7.5300000000006548        4587.9491855745673     
   7.5500000000006553        4594.1993199455046     
   7.5700000000006549        4620.2114443304908     
   7.5900000000006553        4646.4326738600075     
   7.6100000000006549        4653.3054524612280     
   7.6300000000006554        4670.2787169427047     
   7.6500000000006549        4716.4207884701873     
   7.6700000000006554        4753.3545415619355     
   7.6900000000006550        4774.6785843272201     
   7.7100000000006546        4819.0401308598412     
   7.7300000000006550        4829.6025760280454     
   7.7500000000006546        4836.4706673975516     
   7.7700000000006550        4853.7147374802389     
   7.7900000000006546        4861.5399934986635     
   7.8100000000006551        4888.0671961250509     
   7.8300000000006547        4871.7048293990229     
   7.8500000000006551        4888.9159070172618     
   7.8700000000006547        4906.8210050926955     
   7.8900000000006552        4936.0805300716447     
   7.9100000000006547        4952.8119489730962     
   7.9300000000006552        4977.7779364960479     
   7.9500000000006548        4984.0650308013501     
   7.9700000000006552        5010.6769722044255     
   7.9900000000006548        5027.0358574306292     
   8.0100000000006553        4999.1653388939458     
   8.0300000000006548        5023.5450932853473     
   8.0500000000006544        5041.4853288361883     
   8.0700000000006558        5046.6821807689394     
   8.0900000000006553        5050.8659338673551     
   8.1100000000006549        5055.9473438204450     
   8.1300000000006545        5072.9357493192510     
   8.1500000000006558        5089.9087381344607     
   8.1700000000006554        5093.2513077012927     
   8.1900000000006550        5104.4488310370170     
   8.2100000000006546        5121.9427149003031     
   8.2300000000006541        5129.2978881116387     
   8.2500000000006555        5131.1536034828605     
   8.2700000000006550        5144.8584601261391     
   8.2900000000006546        5147.6326391414168     
   8.3100000000006542        5130.6317771622562     
   8.3300000000006555        5140.7621956656858     
   8.3500000000006551        5146.1826227274178     
   8.3700000000006547        5143.2572173178323     
   8.3900000000006543        5139.9876397898643     
   8.4100000000006556        5136.7200979804438     
   8.4300000000006552        5143.4307677807546     
   8.4500000000006548        5151.7536583827841     
   8.4700000000006543        5148.0744363076728     
   8.4900000000006557        5144.5192583663465     
   8.5100000000006553        5129.2474772956612     
   8.5300000000006548        5131.9465553961090     
   8.5500000000006544        5134.8953541858209     
   8.5700000000006558        5132.5483484899132     
   8.5900000000006553        5132.0099306011489     
   8.6100000000006549        5132.1262684661724     
   8.6300000000006545        5148.5142434434065     
   8.6500000000006558        5133.1763131196858     
   8.6700000000006554        5128.5523949500748     
   8.6900000000006550        5124.3130690844218     
   8.7100000000006546        5131.5966645943636     
   8.7300000000006559        5138.3967287587275     
   8.7500000000006555        5137.4901507103068     
   8.7700000000006550        5131.0921593308622     
   8.7900000000006546        5123.6751283502754     
   8.8100000000006542        5116.5478146275009     
   8.8300000000006555        5115.8103773721095     
   8.8500000000006551        5096.8049172732744     
   8.8700000000006547        5090.5306152543080     
   8.8900000000006543        5046.2713614009681     
   8.9100000000006556        5037.6172350428060     
   8.9300000000006552        5031.3432392502909     
   8.9500000000006548        5039.1132438253153     
   8.9700000000006543        5034.9457988494187     
   8.9900000000006557        5025.1468731548748     
   9.0100000000006553        5031.7495120020758     
   9.0300000000006548        5025.5435551442815     
   9.0500000000006544        5021.3291869579443     
   9.0700000000006558        5029.7999291636170     
   9.0900000000006553        5024.8272200606780     
   9.1100000000006549        5032.9172603727702     
   9.1300000000006545        5029.1331453551420     
   9.1500000000006558        5019.0379205326235     
   9.1700000000006554        5015.7516152405115     
   9.1900000000006550        5018.3631463778784     
   9.2100000000006546        5026.9151016879887     
   9.2300000000006559        5022.8879191416563     
   9.2500000000006555        5037.1467858290825     
   9.2700000000006550        5034.0587664972918     
   9.2900000000006546        5031.7832026609185     
   9.3100000000006542        5055.8415440765521     
   9.3300000000006555        5011.5642616923606     
   9.3500000000006551        5020.7068268829389     
   9.3700000000006547        5055.6332749034827     
   9.3900000000006543        5065.7926932790397     
   9.4100000000006556        5064.7495948480373     
   9.4300000000006552        5065.4240170455332     
   9.4500000000006548        5066.7523784332234     
   9.4700000000006543        5068.5422960847873     
   9.4900000000006557        5089.7112298758302     
   9.5100000000006553        5098.4904942360381     
   9.5300000000006548        5101.0724373944995     
   9.5500000000006544        5104.1275990038548     
   9.5700000000006558        5106.5482884980684     
   9.5900000000006553        5137.9175145850959     
   9.6100000000006549        5143.5552516786311     
   9.6300000000006545        5167.6422017155292     
   9.6500000000006558        5178.0634323666618     
   9.6700000000006554        5116.1187568720934     
   9.6900000000006550        5080.5095947957889     
   9.7100000000006546        5081.3382169400766     
   9.7300000000006559        5081.4989671290414     
   9.7500000000006555        5081.5026239022009     
   9.7700000000006550        5081.3683189874901     
   9.7900000000006546        5096.7207937958046     
   9.8100000000006542        5124.4836048737670     
   9.8300000000006555        5102.1924531822069     
   9.8500000000006551        5105.5496918765211     
   9.8700000000006547        5124.4077330164018     
   9.8900000000006543        5127.7979671444182     
   9.9100000000006556        5106.1440771980097     
   9.9300000000006552        5123.1233525135231     
   9.9500000000006548        5126.5581408230282     
   9.9700000000006543        5123.1215721597609     
   9.9900000000006557        5098.9841217664161     
   10.010000000000655        5097.6129847339053     
   10.030000000000655        5107.6263458937483     
   10.050000000000654        5129.6192108244168     
   10.070000000000656        5115.8795690917223     
   10.090000000000655        5131.9739798691226     
   10.110000000000655        5126.1194492792047     
   10.130000000000654        5125.8265384324341     
   10.150000000000656        5140.8989736364838     
   10.170000000000655        5141.0186229479968     
   10.190000000000655        5139.1218415417407     
   10.210000000000655        5170.6910822468799     
   10.230000000000656        5170.4386249330091     
   10.250000000000655        5170.5976471452313     
   10.270000000000655        5192.4659325807042     
   10.290000000000655        5192.2591612213719     
   10.310000000000654        5194.2024451176230     
   10.330000000000656        5198.0413051474052     
   10.350000000000655        5201.6822264401853     
   10.370000000000655        5204.3475951887813     
   10.390000000000654        5206.9826279275003     
   10.410000000000656        5239.4988623844520     
   10.430000000000655        5257.6007656756074     
   10.450000000000655        5291.5613457678883     
   10.470000000000654        5294.1954947787744     
   10.490000000000656        5312.0209359485598     
   10.510000000000655        5315.0294752718501     
   10.530000000000655        5316.7580155084179     
   10.550000000000654        5320.1791884100494     
   10.570000000000656        5340.3132711146272     
   10.590000000000655        5315.1792465887183     
   10.610000000000655        5318.9755256225444     
   10.630000000000654        5335.0419463384587     
   10.650000000000656        5339.5668922909936     
   10.670000000000655        5344.6025696858323     
   10.690000000000655        5350.4044565747208     
   10.710000000000655        5359.0475786413317     
   10.730000000000656        5316.3178870456413     
   10.750000000000655        5322.0039275706768     
   10.770000000000655        5328.4428681831023     
   10.790000000000655        5352.4795462562788     
   10.810000000000654        5358.3486300474115     
   10.830000000000656        5363.8065297748999     
   10.850000000000655        5369.3171252891871     
   10.870000000000655        5376.2640851124497     
   10.890000000000654        5362.5704599363298     
   10.910000000000656        5315.5392753416745     
   10.930000000000655        5245.5676737792392     
   10.950000000000655        5195.4409049066699     
   10.970000000000654        5198.1160797688126     
   10.990000000000656        5199.9109153467607     
   11.010000000000655        5201.3390891260078     
   11.030000000000655        5184.5039499923560     
   11.050000000000654        5186.0069275289225     
   11.070000000000656        5188.1637404882049     
   11.090000000000655        5208.4142562673733     
   11.110000000000655        5211.2462784980826     
   11.130000000000654        5208.9093498976617     
   11.150000000000656        5210.3639197882085     
   11.170000000000655        5229.6807106508368     
   11.190000000000655        5230.5943866920643     
   11.210000000000655        5231.3207462991777     
   11.230000000000656        5232.0703631145761     
   11.250000000000655        5269.3803756638472     
   11.270000000000655        5269.7617305181748     
   11.290000000000655        5270.0223120517767     
   11.310000000000654        5270.1600930106461     
   11.330000000000656        5288.8719982676957     
   11.350000000000655        5289.1156398422236     
   11.370000000000655        5304.1096431773567     
   11.390000000000654        5333.6432330013704     
   11.410000000000656        5334.3037131680530     
   11.430000000000655        5353.6397962066303     
   11.450000000000655        5353.8656209432256     
   11.470000000000654        5361.2926032145588     
   11.490000000000656        5380.6196498357822     
   11.510000000000655        5410.1322902861593     
   11.530000000000655        5392.0142466271836     
   11.550000000000654        5408.7031411482612     
   11.570000000000656        5425.6253954517579     
   11.590000000000655        5423.2760687300115     
   11.610000000000655        5420.7809211110807     
   11.630000000000654        5437.1392703180727     
   11.650000000000656        5440.3564116192183     
   11.670000000000655        5434.8085499415083     
   11.690000000000655        5428.6015016030669     
   11.710000000000655        5438.2674299985492     
   11.730000000000656        5441.2363485628630     
   11.750000000000655        5434.1007082618307     
   11.770000000000655        5432.4619860698922     
   11.790000000000655        5436.8083092983279     
   11.810000000000654        5393.1782636983435     
   11.830000000000656        5384.7845993948904     
   11.850000000000655        5302.3575528121728     
   11.870000000000655        5311.1567348256458     
   11.890000000000654        5296.8721194552063     
   11.910000000000656        5281.5914887734443     
   11.930000000000655        5265.4836268395220     
   11.950000000000655        5249.2642855586009     
   11.970000000000654        5232.4184470970331     
   11.990000000000656        5195.9239231868269     
   12.010000000000655        5178.6295696861062     
   12.030000000000655        5106.6656635352174     
   12.050000000000654        5090.7877305527518     
   12.070000000000656        5075.3888700249991     
   12.090000000000655        5057.0940311031736     
   12.110000000000655        5036.8822644729707     
   12.130000000000654        5015.1876074674092     
   12.150000000000656        4993.9259253140508     
   12.170000000000655        4974.3798458468264     
   12.190000000000655        4955.5302384999850     
   12.210000000000655        4922.0871634596851     
   12.230000000000656        4899.3077353546696     
   12.250000000000655        4873.8683589748907     
   12.270000000000655        4846.2950994852918     
   12.290000000000655        4817.8236918610764     
   12.310000000000656        4802.5561232420678     
   12.330000000000656        4771.2527723351441     
   12.350000000000655        4739.9045202502530     
   12.370000000000655        4708.8913897836237     
   12.390000000000654        4678.0995619641180     
   12.410000000000656        4647.6766564764657     
   12.430000000000655        4616.6283117287430     
   12.450000000000655        4584.8911273757358     
   12.470000000000654        4518.6212266136818     
   12.490000000000656        4460.3877357328565     
   12.510000000000655        4424.0663923024349     
   12.530000000000655        4387.5333756386544     
   12.550000000000654        4351.5544529435783     
   12.570000000000656        4316.7495411630116     
   12.590000000000655        4281.5765766732484     
   12.610000000000655        4245.7099082846089     
   12.630000000000654        4209.0003822327471     
   12.650000000000656        4171.4928228932094     
   12.670000000000655        4133.4312295318432     
   12.690000000000655        4095.1018326010981     
   12.710000000000655        4056.5429951319270     
   12.730000000000656        4013.1052441707029     
   12.750000000000655        3947.5587246733330     
   12.770000000000655        3904.8348490149729     
   12.790000000000655        3863.4634218508486     
   12.810000000000656        3823.0128229085958     
   12.830000000000656        3782.8596479826233     
   12.850000000000655        3740.4023764136873     
   12.870000000000655        3703.1307559787283     
   12.890000000000654        3662.1352979882477     
   12.910000000000656        3621.0205886094877     
   12.930000000000655        3579.2933745262831     
   12.950000000000655        3541.8526365835769     
   12.970000000000654        3497.1646382043591     
   12.990000000000656        3451.7494007051491     
   13.010000000000655        3405.8785135211165     
   13.030000000000655        3359.8304058343710     
   13.050000000000654        3307.4257677052306     
   13.070000000000656        3272.1902753862937     
   13.090000000000655        3225.3308272712979     
   13.110000000000655        3177.2807588724195     
   13.130000000000654        3128.5200635955489     
   13.150000000000656        3079.8755764990306     
   13.170000000000655        3026.1661326668800     
   13.190000000000655        2978.2580140957243     
   13.210000000000655        2929.4510338817586     
   13.230000000000656        2879.0101188525537     
   13.250000000000655        2824.0150597931420     
   13.270000000000655        2775.0859948209973     
   13.290000000000655        2738.7956281226470     
   13.310000000000656        2688.9225900610504     
   13.330000000000656        2636.8928201484396     
   13.350000000000655        2596.3527881709806     
   13.370000000000655        2541.1498124303807     
   13.390000000000654        2484.9567310953403     
   13.410000000000656        2436.9674754608936     
   13.430000000000655        2399.4649026507736     
   13.450000000000655        2351.7035749566598     
   13.470000000000654        2304.3134458983932     
   13.490000000000656        2254.7123152362328     
   13.510000000000655        2204.5131593871238     
   13.530000000000655        2162.1412079968618     
   13.550000000000654        2111.3042579945686     
   13.570000000000656        2060.5607043284190     
   13.590000000000655        2010.0466673328683     
   13.610000000000655        1959.8672149895624     
   13.630000000000654        1910.0851886200473     
   13.650000000000656        1861.0250835237377     
   13.670000000000655        1812.8188362331377     
   13.690000000000655        1765.2608932613009     
   13.710000000000655        1717.2494914922295     
   13.730000000000656        1671.3334749879343     
   13.750000000000655        1627.9978340777839     
   13.770000000000655        1592.3337201359525     
   13.790000000000655        1549.6357714184512     
   13.810000000000656        1505.3988862231138     
   13.830000000000656        1460.4909128983418     
   13.850000000000655        1416.1350416796136     
   13.870000000000655        1375.3086862876967     
   13.890000000000654        1332.7217067942154     
   13.910000000000656        1290.3790345267701     
   13.930000000000655        1250.2811129301815     
   13.950000000000655        1212.6098660482535     
   13.970000000000654        1170.5661621004162     
   13.990000000000656        1129.2646488491177     
   14.010000000000655        1093.5560662010937     
   14.030000000000655        1055.4660833501573     
   14.050000000000654        1020.8699484961948     
   14.070000000000656        984.56409579248918     
   14.090000000000655        950.30586780171859     
   14.110000000000655        913.70737228087694     
   14.130000000000654        877.63318650540702     
   14.150000000000656        842.07634155395397     
   14.170000000000655        807.58910420329823     
   14.190000000000655        774.24175179823567     
   14.210000000000655        741.28430699760474     
   14.230000000000656        709.00715145135644     
   14.250000000000655        677.28059228849963     
   14.270000000000655        646.37258821605042     
   14.290000000000655        615.90194593785873     
   14.310000000000656        585.58654957127555     
   14.330000000000656        556.53470828108357     
   14.350000000000655        528.78646695270697     
   14.370000000000655        504.72383512337103     
   14.390000000000654        481.18594633821385     
   14.410000000000656        455.63934768714137     
   14.430000000000655        434.00076297440808     
   14.450000000000655        408.84099994931694     
   14.470000000000654        384.49128579897547     
   14.490000000000656        361.13205237265333     
   14.510000000000655        336.52138294082425     
   14.530000000000655        313.29800733237090     
   14.550000000000654        291.08604977777424     
   14.570000000000656        270.27050055138295     
   14.590000000000655        250.83700452722965     
   14.610000000000655        231.59340032097305     
   14.630000000000654        213.48530481770376     
   14.650000000000656        194.76958746257347     
   14.670000000000655        176.76734710430577     
   14.690000000000655        159.70093576709803     
   14.710000000000655        143.90400468680321     
   14.730000000000656        129.14006776056277     
   14.750000000000655        115.17807439121725     
   14.770000000000655        102.04605339500908     
   14.790000000000655        89.671403836876536     
   14.810000000000656        78.300992734788451     
   14.830000000000656        67.849738871378761     
   14.850000000000655        58.232818842869051     
   14.870000000000655        49.382762049579789     
   14.890000000000654        41.293828108094019     
   14.910000000000656        34.052721101000110     
   14.930000000000655        27.425486325518410     
   14.950000000000655        21.530859756626512     
   14.970000000000654        16.450644766454211     
   14.990000000000656        11.992041281737809     
   15.010000000000655        8.3915027476851449     
   15.030000000000655        5.5494351497739975     
   15.050000000000654        3.4167886856437324     
   15.070000000000656        2.0092855213507130     
   15.090000000000655        1.3198856677064363     
   15.110000000000655        1.3708882896849111     
   15.130000000000654        2.1597763308840543     
   15.150000000000656        3.7015500983900784     
   15.170000000000655        6.0190131571260004     
   15.190000000000655        9.1173494116731355     
   15.210000000000655        12.970948812367393     
   15.230000000000656        17.463163063489784     
   15.250000000000655        22.589260966818046     
   15.270000000000655        28.228542020031082     
   15.290000000000655        34.433997232439488     
   15.310000000000656        41.129054754976330     
   15.330000000000656        49.062845090219938     
   15.350000000000655        57.958193999955611     
   15.370000000000655        67.155259467521034     
   15.390000000000654        76.827703310305893     
   15.410000000000656        86.644791064579962     
   15.430000000000655        98.057774105125418     
   15.450000000000655        110.01409682122524     
   15.470000000000654        123.01663727063233     
   15.490000000000656        136.93464599406045     
   15.510000000000655        151.26241774505525     
   15.530000000000655        166.59374293065946     
   15.550000000000654        182.59372806945811     
   15.570000000000656        199.23387597475181     
   15.590000000000655        216.45396338136391     
   15.610000000000655        228.25969257298914     
   15.630000000000654        246.27059123790818     
   15.650000000000656        263.44832750155837     
   15.670000000000655        282.46563237425238     
   15.690000000000655        301.99769598719092     
   15.710000000000655        322.00814046845386     
   15.730000000000656        340.55857230782664     
   15.750000000000655        363.37656320732566     
   15.770000000000655        382.44211332386351     
   15.790000000000655        404.67179874695887     
   15.810000000000656        427.48549789369923     
   15.830000000000656        425.76370941848751     
   15.850000000000655        448.42462661121465     
   15.870000000000655        473.95998437656107     
   15.890000000000656        497.44525799382666     
   15.910000000000656        521.19735784040677     
   15.930000000000655        545.40962861719277     
   15.950000000000655        562.80039468979271     
   15.970000000000654        587.74022131377546     
   15.990000000000656        613.64615589588664     
   16.010000000000655        639.79896095357969     
   16.030000000000655        666.50029933399446     
   16.050000000000654        684.12590509873223     
   16.070000000000654        711.57309091819945     
   16.090000000000654        739.33701473121562     
   16.110000000000657        767.43834910455143     
   16.130000000000656        796.23968427324110     
   16.150000000000656        825.35388950881418     
   16.170000000000655        854.71866023135283     
   16.190000000000655        884.67573089984808     
   16.210000000000655        915.15252454054257     
   16.230000000000654        946.04404382945620     
   16.250000000000654        977.25649993245929     
   16.270000000000657        1008.7625020153002     
   16.290000000000656        1040.5484755211726     
   16.310000000000656        1072.6163662579620     
   16.330000000000656        1105.0148636781873     
   16.350000000000655        1137.7406665125895     
   16.370000000000655        1170.7525336130300     
   16.390000000000654        1203.9992394408969     
   16.410000000000654        1237.9193121944622     
   16.430000000000653        1271.4890974571204     
   16.450000000000657        1305.2758351644723     
   16.470000000000656        1339.4093912938563     
   16.490000000000656        1373.8851161706118     
   16.510000000000655        1408.6974851982759     
   16.530000000000655        1445.5528469562889     
   16.550000000000654        1481.0597222601955     
   16.570000000000654        1516.8765295912706     
   16.590000000000654        1552.9925779081946     
   16.610000000000657        1522.0675305852310     
   16.630000000000656        1557.4283838836843     
   16.650000000000656        1521.9363415311102     
   16.670000000000655        1556.0056552164067     
   16.690000000000655        1590.0620860097890     
   16.710000000000655        1593.3303134144628     
   16.730000000000654        1626.9540061720891     
   16.750000000000654        1660.7093752042224     
   16.770000000000657        1694.6240370364064     
   16.790000000000656        1728.6500480287743     
   16.810000000000656        1762.8183461135038     
   16.830000000000656        1797.1852147568122     
   16.850000000000655        1831.7144671390408     
   16.870000000000655        1866.0688454958311     
   16.890000000000654        1900.2220878917979     
   16.910000000000654        1934.4504838969140     
   16.930000000000653        1968.7977496250792     
   16.950000000000657        2003.2715496489968     
   16.970000000000656        2037.8653029928460     
   16.990000000000656        2072.5818012591958     
   17.010000000000655        2107.4729948319700     
   17.030000000000655        2140.3934265488560     
   17.050000000000654        2175.7641625727833     
   17.070000000000654        2211.4218632608877     
   17.090000000000654        2244.9958432492799     
   17.110000000000657        2280.8432147333979     
   17.130000000000656        2316.6891917876519     
   17.150000000000656        2352.5938218037263     
   17.170000000000655        2388.6006764360923     
   17.190000000000655        2424.7798307410817     
   17.210000000000655        2461.2863669655367     
   17.230000000000654        2498.0940848117762     
   17.250000000000654        2532.1903286925317     
   17.270000000000657        2568.8521171510979     
   17.290000000000656        2602.8624371053347     
   17.310000000000656        2577.9861648449805     
   17.330000000000656        2614.1974615623540     
   17.350000000000655        2650.7049684189255     
   17.370000000000655        2687.5372975373780     
   17.390000000000654        2724.3640014838838     
   17.410000000000654        2761.2017092228034     
   17.430000000000657        2797.9475939390877     
   17.450000000000657        2834.1843625648312     
   17.470000000000656        2869.9122279908447     
   17.490000000000656        2901.6213270622329     
   17.510000000000655        2936.4443659878220     
   17.530000000000655        2971.1040160933294     
   17.550000000000654        3005.8075171186279     
   17.570000000000654        3040.7359839103947     
   17.590000000000654        3075.9860693710298     
   17.610000000000657        3111.7219220103220     
   17.630000000000656        3147.7388740704141     
   17.650000000000656        3179.7840584147698     
   17.670000000000655        3215.7968257907141     
   17.690000000000655        3252.0942945198440     
   17.710000000000655        3214.8779487249590     
   17.730000000000654        3251.1450528395953     
   17.750000000000654        3214.5919777290965     
   17.770000000000657        3174.7307705247713     
   17.790000000000656        3209.3107432194483     
   17.810000000000656        3243.4276574087990     
   17.830000000000656        3269.2289411980655     
   17.850000000000655        3302.8292275706922     
   17.870000000000655        3336.4877239503712     
   17.890000000000654        3370.3739232418452     
   17.910000000000654        3404.6079189875372     
   17.930000000000657        3438.8927445124805     
   17.950000000000657        3472.7618613031973     
   17.970000000000656        3432.3580119999992     
   17.990000000000656        3464.9777442771460     
   18.010000000000655        3497.8534145443687     
   18.030000000000655        3531.3026453675166     
   18.050000000000654        3553.9850999609102     
   18.070000000000654        3588.3969240566985     
   18.090000000000654        3615.6307407178087     
   18.110000000000657        3649.5916100373220     
   18.130000000000656        3683.6176945648313     
   18.150000000000656        3717.2817644632623     
   18.170000000000655        3750.2102026509260     
   18.190000000000655        3782.7166447945756     
   18.210000000000655        3815.2273042314173     
   18.230000000000654        3848.1165117301234     
   18.250000000000654        3881.6527162089733     
   18.270000000000657        3916.0913229692919     
   18.290000000000656        3889.7457081520251     
   18.310000000000656        3922.6112324218093     
   18.330000000000656        3954.2743949856931     
   18.350000000000655        3984.8259392781151     
   18.370000000000655        4014.8223513477387     
   18.390000000000654        4021.8630424299035     
   18.410000000000654        4051.9356334341314     
   18.430000000000657        4082.8627098667039     
   18.450000000000657        4114.1430753180903     
   18.470000000000656        4144.8661048130443     
   18.490000000000656        4149.3060712209672     
   18.510000000000655        4179.7475805395679     
   18.530000000000655        4210.2488587932839     
   18.550000000000654        4240.6341768432176     
   18.570000000000654        4270.9627588375060     
   18.590000000000654        4301.2724247671249     
   18.610000000000657        4331.6025615246081     
   18.630000000000656        4361.9084312408631     
   18.650000000000656        4362.9044952723661     
   18.670000000000655        4392.5487826854514     
   18.690000000000655        4422.1096353913363     
   18.710000000000655        4451.8231299811205     
   18.730000000000654        4450.0582957154720     
   18.750000000000654        4479.2229442357420     
   18.770000000000657        4507.9421407301725     
   18.790000000000656        4536.4251629995842     
   18.810000000000656        4565.0474614155210     
   18.830000000000656        4594.9078356358023     
   18.850000000000655        4625.8385539463452     
   18.870000000000655        4656.7310343020108     
   18.890000000000654        4687.4075863932203     
   18.910000000000654        4717.8247712412485     
   18.930000000000657        4747.9433586375708     
   18.950000000000657        4777.7680513145106     
   18.970000000000656        4807.4344956490195     
   18.990000000000656        4837.0941784714869     
   19.010000000000655        4866.8578406211036     
   19.030000000000655        4896.8192774164763     
   19.050000000000654        4927.0285415783264     
   19.070000000000654        4958.2698389647130     
   19.090000000000654        4986.7866624822673     
   19.110000000000657        5014.5697589798801     
   19.130000000000656        5042.1072228271923     
   19.150000000000656        5069.8688301241491     
   19.170000000000655        5098.2770603554372     
   19.190000000000655        5127.5963536331183     
   19.210000000000655        5156.5982009519157     
   19.230000000000654        5197.9188105290932     
   19.250000000000654        5224.9028159947511     
   19.270000000000657        5251.3366115122544     
   19.290000000000656        5295.0518304859233     
   19.310000000000656        5276.4934117847906     
   19.330000000000656        5256.5213780563790     
   19.350000000000655        5280.7731701885496     
   19.370000000000655        5259.4364348767376     
   19.390000000000654        5236.7897183291625     
   19.410000000000654        5259.9934885584316     
   19.430000000000657        5283.5830965771647     
   19.450000000000657        5305.6854952846279     
   19.470000000000656        5327.6083899282321     
   19.490000000000656        5349.3120910484286     
   19.510000000000655        5370.7552993096106     
   19.530000000000655        5391.9366707894824     
   19.550000000000654        5412.9182018014171     
   19.570000000000654        5438.2148557841574     
   19.590000000000654        5458.8251108512541     
   19.610000000000657        5514.5183000636471     
   19.630000000000656        5480.6931372916006     
   19.650000000000656        5500.4779968911134     
   19.670000000000655        5520.2245531933286     
   19.690000000000655        5483.9402519353625     
   19.710000000000655        5503.8757676156119     
   19.730000000000654        5524.5836533913034     
   19.750000000000654        5554.9239010683677     
   19.770000000000657        5577.1463631774805     
   19.790000000000656        5599.4792530411314     
   19.810000000000656        5560.4600508497824     
   19.830000000000656        5579.8653942346627     
   19.850000000000655        5598.7589794133446     
   19.870000000000655        5617.9995114572203     
   19.890000000000654        5638.3382506831867     
   19.910000000000654        5703.4034270959773     
   19.930000000000657        5725.2104361830961     
   19.950000000000657        5745.3287877476669     
   19.970000000000656        5700.2059005770752     
   19.990000000000656        5716.2115896424157     
   20.010000000000655        5732.5145969225869     
   20.030000000000655        5767.6535451154250     
   20.050000000000654        5784.3858989664859     
   20.070000000000654        5842.3780323449437     
   20.090000000000654        5860.7145553143173     
   20.110000000000657        5878.6611647347709     
   20.130000000000656        5870.7479004287206     
   20.150000000000656        5887.4952631568094     
   20.170000000000655        5903.9386353213740     
   20.190000000000655        5920.0479911953244     
   20.210000000000655        5935.8009888416864     
   20.230000000000654        5951.2219449701252     
   20.250000000000654        5966.3412074911939     
   20.270000000000657        5981.1902592224596     
   20.290000000000656        5995.8006258187570     
   20.310000000000656        6057.1428949586107     
   20.330000000000656        6071.5701073206128     
   20.350000000000655        6085.7140056882372     
   20.370000000000655        6018.9828263884492     
   20.390000000000654        6031.6228279539337     
   20.410000000000654        6044.1800773744544     
   20.430000000000657        6056.8730539081207     
   20.450000000000657        6069.7133434851821     
   20.470000000000656        6082.6884609123117     
   20.490000000000656        6095.8856716748351     
   20.510000000000655        6108.9710210531430     
   20.530000000000655        6157.6018520009020     
   20.550000000000654        6207.3142872700928     
   20.570000000000654        6219.7634102554139     
   20.590000000000654        6233.0718569705814     
   20.610000000000657        6247.7181844157521     
   20.630000000000656        6263.9729430915968     
   20.650000000000656        6280.5559241352703     
   20.670000000000655        6297.0290081534531     
   20.690000000000655        6312.8107827291096     
   20.710000000000655        6327.5535921487772     
   20.730000000000654        6341.4222156136011     
   20.750000000000654        6354.8680987859507     
   20.770000000000657        6368.3765887305144     
   20.790000000000656        6382.4669144377049     
   20.810000000000656        6442.9889544357529     
   20.830000000000656        6457.1048080421551     
   20.850000000000655        6470.6695646366979     
   20.870000000000655        6532.4102185730035     
   20.890000000000654        6545.3037479430805     
   20.910000000000654        6557.9778557220798     
   20.930000000000657        6570.4641173474738     
   20.950000000000657        6582.8233775501503     
   20.970000000000656        6595.1454162079235     
   20.990000000000656        6607.4962850909260     
   21.010000000000655        6619.8957355775838     
   21.030000000000655        6632.3593454257707     
   21.050000000000654        6691.8930949385312     
   21.070000000000654        6637.9806896308319     
   21.090000000000654        6650.5520677602772     
   21.110000000000657        6718.1637446960003     
   21.130000000000656        6730.8778034251955     
   21.150000000000656        6743.6852988196733     
   21.170000000000655        6756.5970395812483     
   21.190000000000655        6704.3846742589476     
   21.210000000000655        6716.9521463664660     
   21.230000000000654        6729.7103851471766     
   21.250000000000654        6742.6296285624949     
   21.270000000000657        6755.6343472461567     
   21.290000000000656        6768.6405578720069     
   21.310000000000656        6781.6518829114848     
   21.330000000000656        6794.7561977039049     
   21.350000000000655        6808.0578076897773     
   21.370000000000655        6821.7016204003512     
   21.390000000000654        6835.8274900190218     
   21.410000000000654        6850.4139088912525     
   21.430000000000657        6864.9159780328891     
   21.450000000000657        6879.0606509746649     
   21.470000000000656        6777.2790086025734     
   21.490000000000656        6790.5901941100510     
   21.510000000000655        6804.1874158692999     
   21.530000000000655        6818.2900621800145     
   21.550000000000654        6832.9129909789044     
   21.570000000000654        6847.0657520572677     
   21.590000000000654        6860.5118053360929     
   21.610000000000657        6873.2923461114297     
   21.630000000000656        6885.5528200691169     
   21.650000000000656        6897.5450016982068     
   21.670000000000655        6909.3684737821950     
   21.690000000000655        6921.1765853208317     
   21.710000000000655        6933.6673548292229     
   21.730000000000654        6947.4576492988754     
   21.750000000000654        6961.5636857495656     
   21.770000000000657        7030.8169471314905     
   21.790000000000656        6975.4817489180668     
   21.810000000000656        6860.8110624552091     
   21.830000000000656        6827.9053007988605     
   21.850000000000655        6839.9327659147757     
   21.870000000000655        6719.1001857712954     
   21.890000000000654        6594.3770653308666     
   21.910000000000654        6603.1838657497728     
   21.930000000000657        6611.2228878176438     
   21.950000000000657        6618.5018951167158     
   21.970000000000656        6625.1401787931736     
   21.990000000000656        6631.3457135903245     
   22.010000000000655        6637.3140663388594     
   22.030000000000655        6607.3381830690632     
   22.050000000000654        6612.6875535375557     
   22.070000000000654        6618.2084854091418     
   22.090000000000654        6623.9703722764079     
   22.110000000000657        6630.0417407542354     
   22.130000000000656        6636.4913934008327     
   22.150000000000656        6643.3918562197523     
   22.170000000000655        6650.7911909190352     
   22.190000000000655        6658.3472071062097     
   22.210000000000655        6665.7630642541262     
   22.230000000000654        6673.0507981684577     
   22.250000000000654        6680.2294411782041     
   22.270000000000657        6687.3154839502049     
   22.290000000000656        6694.3258540914458     
   22.310000000000656        6701.2759975887420     
   22.330000000000656        6708.1785883035709     
   22.350000000000655        6779.5280159188551     
   22.370000000000655        6786.4080421052386     
   22.390000000000654        6793.2098334542598     
   22.410000000000654        6799.9282710771668     
   22.430000000000657        6806.5603089257838     
   22.450000000000657        6813.1149354732479     
   22.470000000000656        6885.7845821807896     
   22.490000000000656        6959.5594167900454     
   22.510000000000655        6966.1619749194579     
   22.530000000000655        6972.6804490228078     
   22.550000000000654        6979.1144891308013     
   22.570000000000654        6985.4666056439601     
   22.590000000000654        6991.7360457228915     
   22.610000000000657        6997.9176363724355     
   22.630000000000656        7004.0155283282365     
   22.650000000000656        7010.0410422847744     
   22.670000000000655        7085.4507851299677     
   22.690000000000655        7091.3964401345183     
   22.710000000000655        7097.2835753353838     
   22.730000000000654        7103.1155164598067     
   22.750000000000654        7108.8863492684759     
   22.770000000000657        7185.6644598324528     
   22.790000000000656        7191.3357037194628     
   22.810000000000656        7196.9264238824635     
   22.830000000000656        7202.2626414510014     
   22.850000000000655        7279.9998178371052     
   22.870000000000655        7285.1469701044352     
   22.890000000000654        7290.4474368791007     
   22.910000000000654        7295.7264761387869     
   22.930000000000657        7300.8888497527332     
   22.950000000000657        7380.1166585855581     
   22.970000000000656        7385.1941411474381     
   22.990000000000656        7465.9359888082809     
   23.010000000000655        7497.4455422191568     
   23.030000000000655        7501.8048705837036     
   23.050000000000654        7505.7597601935258     
   23.070000000000654        7509.3769343509302     
   23.090000000000654        7512.5103037765502     
   23.110000000000657        7672.9690297867737     
   23.130000000000656        7675.9192859518607     
   23.150000000000656        7679.2239551290841     
   23.170000000000655        7682.6766770218283     
   23.190000000000655        7686.1725726950690     
   23.210000000000655        7689.6870224240120     
   23.230000000000654        7693.1859962670778     
   23.250000000000654        7696.6335074598010     
   23.270000000000657        7780.4477335227411     
   23.290000000000656        7783.5833790559464     
   23.310000000000656        7786.5865977935255     
   23.330000000000656        7789.4508462790627     
   23.350000000000655        7792.1694093420065     
   23.370000000000655        7794.7359151321434     
   23.390000000000654        7797.1466854955070     
   23.410000000000654        7872.0925059294768     
   23.430000000000657        7873.6833048921890     
   23.450000000000657        7930.7338148315976     
   23.470000000000656        7931.5777701264615     
   23.490000000000656        7932.2494272489539     
   23.510000000000655        7932.7514470322212     
   23.530000000000655        7933.0943904261676     
   23.550000000000654        7933.4427033924449     
   23.570000000000654        7934.1437175817800     
   23.590000000000654        7935.5092501343333     
   23.610000000000657        7937.1000759235867     
   23.630000000000656        7938.4718124998562     
   23.650000000000656        7939.6143314963283     
   23.670000000000655        7940.3665210739300     
   23.690000000000655        7940.6406779816489     
   23.710000000000655        7940.6423848217537     
   23.730000000000654        8000.4680204754322     
   23.750000000000654        8059.3895929568471     
   23.770000000000657        8057.0304697288875     
   23.790000000000656        8054.1804344982729     
   23.810000000000656        8050.7766312259473     
   23.830000000000656        8046.6218237879002     
   23.850000000000655        8041.8032196068643     
   23.870000000000655        8036.6050445311103     
   23.890000000000654        8031.2240826320231     
   23.910000000000654        8025.5937718372434     
   23.930000000000657        8019.7140007850048     
   23.950000000000657        8013.7156799316990     
   23.970000000000656        8092.6273966965682     
   23.990000000000656        8086.5846423416278     
   24.010000000000655        8080.8201284758215     
   24.030000000000655        7945.6701472681989     
   24.050000000000654        7938.9462979803047     
   24.070000000000654        7932.1770425528530     
   24.090000000000657        7925.3230024178192     
   24.110000000000657        7918.1372747012783     
   24.130000000000656        7910.2782491181160     
   24.150000000000656        7901.8024278082230     
   24.170000000000655        7892.7498961917845     
   24.190000000000655        7883.0035842613843     
   24.210000000000655        7872.5005568563492     
   24.230000000000654        7861.4845858649433     
   24.250000000000654        7850.2602020085469     
   24.270000000000657        7839.1526611109948     
   24.290000000000656        7828.5234206189243     
   24.310000000000656        7818.7228519657856     
   24.330000000000656        7809.4879822726807     
   24.350000000000655        7800.1118030720563     
   24.370000000000655        7790.5277776066732     
   24.390000000000654        7781.3189927729654     
   24.410000000000654        7772.2674835237740     
   24.430000000000657        7849.9577832515288     
   24.450000000000657        7838.9424332731842     
   24.470000000000656        7826.4912243579311     
   24.490000000000656        7812.5248684531880     
   24.510000000000655        7796.9673523784013     
   24.530000000000655        7779.8157258999936     
   24.550000000000654        7761.2728366634337     
   24.570000000000654        7741.5418775011476     
   24.590000000000657        7720.8080058319747     
   24.610000000000657        7776.3209097683621     
   24.630000000000656        7753.6647774845005     
   24.650000000000656        7730.5817534467396     
   24.670000000000655        7707.1154488280636     
   24.690000000000655        7683.4853162720856     
   24.710000000000655        7660.0930552621439     
   24.730000000000654        7637.2613181354809     
   24.750000000000654        7614.8372245352275     
   24.770000000000657        7592.4727662029827     
   24.790000000000656        7570.5343935099954     
   24.810000000000656        7549.0366172720978     
   24.830000000000656        7527.0442680452443     
   24.850000000000655        7504.5379890974527     
   24.870000000000655        7481.5605923254316     
   24.890000000000654        7458.1557008103055     
   24.910000000000654        7370.5677335665969     
   24.930000000000657        7344.2018892012875     
   24.950000000000657        7317.5279413999097     
