   2.7000000016414560E-002   459.46885265830514     
   4.7000000016414564E-002   459.62936718403472     
   6.7000000016414568E-002   459.89807330324487     
   8.7000000016414558E-002   459.98940032378175     
  0.10700000001641456        460.14661233855543     
  0.12700000001641457        460.40644088192471     
  0.14700000001641456        460.61954675395646     
  0.16700000001641457        460.93782987122563     
  0.18700000001641456        461.20489858664581     
  0.20700000001641455        461.40219590729862     
  0.22700000001641457        461.57735104333079     
  0.24700000001641456        461.66470272227554     
  0.26700000001641455        461.88076354637280     
  0.28700000001641457        462.01825861957843     
  0.30700000001641459        462.30924728037581     
  0.32700000001641455        462.66780723565057     
  0.34700000001641457        462.67562652230043     
  0.36700000001641458        462.91385464099716     
  0.38700000001641455        463.38969639188201     
  0.40700000001641456        463.30923847026713     
  0.42700000001641458        463.56746068017543     
  0.44700000001641454        463.93157520448750     
  0.46700000001641456        464.29174471136662     
  0.48700000001641458        464.37898381590509     
  0.50700000001641454        464.07439638880732     
  0.52700000001641456        464.93024096354230     
  0.54700000001641458        464.95156814595725     
  0.56700000001641460        465.25160080662306     
  0.58700000001641461        465.69683454577978     
  0.60700000001641452        465.71032973674903     
  0.62700000001641454        464.84891083392955     
  0.64700000001641456        466.36807462081748     
  0.66700000001641457        465.41161008248201     
  0.68700000001641459        466.83548723289505     
  0.70700000001641461        466.15216361557657     
  0.72700000001641463        466.24225928400801     
  0.74700000001641453        466.78253223883712     
  0.76700000001641455        467.45567477414500     
  0.78700000001641457        466.68955116317090     
  0.80700000001641459        467.25863096301771     
  0.82700000001641460        468.05300284644392     
  0.84700000001641462        466.67159531130432     
  0.86700000001641453        468.16351652953131     
  0.88700000001641455        468.45556180817897     
  0.90700000001641456        469.00268621603277     
  0.92700000001641458        467.86775805040128     
  0.94700000001641460        469.00205212888477     
  0.96700000001641462        469.30506698520412     
  0.98700000001641452        468.93090098711110     
   1.0070000000164145        469.43560447204612     
   1.0270000000164146        470.75298762900496     
   1.0470000000164146        469.97684899284866     
   1.0670000000164146        470.51669678214506     
   1.0870000000164146        470.26655878996689     
   1.1070000000164146        470.06721821148011     
   1.1270000000164146        470.51555966880937     
   1.1470000000164147        470.15627598390489     
   1.1670000000164147        470.91092839174405     
   1.1870000000164145        470.68730554348576     
   1.2070000000164145        470.79858411274336     
   1.2270000000164145        471.05649976917118     
   1.2470000000164145        472.92736887088540     
   1.2670000000164146        474.34562068046409     
   1.2870000000164146        473.72579694602200     
   1.3070000000164146        473.79079020005645     
   1.3270000000164146        472.99018915387336     
   1.3470000000164146        472.58978813054767     
   1.3670000000164146        472.47903542017087     
   1.3870000000164147        473.26678645743226     
   1.4070000000164147        473.47789391189320     
   1.4270000000164147        473.16737862906444     
   1.4470000000164145        474.89626211155246     
   1.4670000000164145        475.59407644108700     
   1.4870000000164145        475.13015333421157     
   1.5070000000164145        475.05881208165619     
   1.5270000000164146        475.18042977462824     
   1.5470000000164146        475.31881569331102     
   1.5670000000164146        476.17434432786411     
   1.5870000000164146        477.27023874419859     
   1.6070000000164146        475.44066282674891     
   1.6270000000164146        477.39707764377096     
   1.6470000000164147        477.13082168703528     
   1.6670000000164147        476.96350162715879     
   1.6870000000164147        477.17124957712264     
   1.7070000000164145        476.54153329059505     
   1.7270000000164145        477.93214122907347     
   1.7470000000164145        478.37224343580874     
   1.7670000000164146        479.35950599042889     
   1.7870000000164146        480.34950221242224     
   1.8070000000164146        480.67546937455796     
   1.8270000000164146        481.27385155166343     
   1.8470000000164146        477.50171848066151     
   1.8670000000164146        478.14438862924766     
   1.8870000000164147        477.03354373787522     
   1.9070000000164147        479.92700886529207     
   1.9270000000164147        480.15550806741766     
   1.9470000000164145        480.91573650439193     
   1.9670000000164145        480.91271995283552     
   1.9870000000164145        481.06639669961839     
   2.0070000000164145        481.26221344520911     
   2.0270000000164146        480.53011261733684     
   2.0470000000164146        480.42883095180952     
   2.0670000000164146        481.14252063049264     
   2.0870000000164146        480.08160217157490     
   2.1070000000164146        481.59207576415560     
   2.1270000000164146        480.33367490763726     
   2.1470000000164147        479.99129203907165     
   2.1670000000164147        478.67065986643058     
   2.1870000000164147        479.40723792118467     
   2.2070000000164147        481.97229460047487     
   2.2270000000164147        483.47503723593854     
   2.2470000000164148        484.05877798424677     
   2.2670000000164148        484.35235004290695     
   2.2870000000164148        482.19135039512236     
   2.3070000000164148        482.37319243690303     
   2.3270000000164148        482.82111390382033     
   2.3470000000164144        484.44673497278575     
   2.3670000000164144        484.39184855799897     
   2.3870000000164144        486.72263149175348     
   2.4070000000164145        484.73092176285729     
   2.4270000000164145        483.27156200539787     
   2.4470000000164145        483.75965493883035     
   2.4670000000164145        485.20206016963118     
   2.4870000000164145        487.44893900147520     
   2.5070000000164145        489.63931132315491     
   2.5270000000164146        490.04310902854309     
   2.5470000000164146        490.89504217539366     
   2.5670000000164146        491.13719607482938     
   2.5870000000164146        490.71908435108776     
   2.6070000000164146        488.61728859443787     
   2.6270000000164146        487.47948828379697     
   2.6470000000164147        486.90899396278701     
   2.6670000000164147        483.91431187030918     
   2.6870000000164147        484.79607930938869     
   2.7070000000164147        485.13639835186251     
   2.7270000000164147        485.67112136511713     
   2.7470000000164148        487.52571230302948     
   2.7670000000164148        486.86296684809344     
   2.7870000000164148        488.95289324899574     
   2.8070000000164148        489.96073486504679     
   2.8270000000164148        490.50461998670323     
   2.8470000000164144        488.50568702581199     
   2.8670000000164144        488.50164288584341     
   2.8870000000164144        489.06036577966051     
   2.9070000000164145        488.54264762506199     
   2.9270000000164145        490.28796385029392     
   2.9470000000164145        490.21254473065051     
   2.9670000000164145        489.70019219347898     
   2.9870000000164145        493.13310967680292     
   3.0070000000164145        494.98343816645018     
   3.0270000000164146        495.73960389656310     
   3.0470000000164146        495.77751547227183     
   3.0670000000164146        497.26462600010819     
   3.0870000000164146        498.09396291676001     
   3.1070000000164146        497.50349442394247     
   3.1270000000164146        495.42662807147155     
   3.1470000000164147        494.21609239854229     
   3.1670000000164147        493.96968879530516     
   3.1870000000164147        491.67605406133259     
   3.2070000000164147        489.06138150786654     
   3.2270000000164147        490.00561063321010     
   3.2470000000164148        489.24918237554124     
   3.2670000000164148        489.77608606133845     
   3.2870000000164148        491.61838423338315     
   3.3070000000164148        491.51810628014221     
   3.3270000000164148        491.99611244526824     
   3.3470000000164148        495.64423782419192     
   3.3670000000164144        497.07103468448872     
   3.3870000000164144        496.32049001039280     
   3.4070000000164145        497.85976493193414     
   3.4270000000164145        498.35924875356505     
   3.4470000000164145        500.18010678597216     
   3.4670000000164145        497.83452366761520     
   3.4870000000164145        497.53293278686004     
   3.5070000000164145        496.54331101445337     
   3.5270000000164146        495.15989776715065     
   3.5470000000164146        492.36845763221629     
   3.5670000000164146        491.45038139625206     
   3.5870000000164146        492.94480921565588     
   3.6070000000164146        492.56815779419617     
   3.6270000000164146        491.84324513204683     
   3.6470000000164147        491.62637839683015     
   3.6670000000164147        490.57827884223457     
   3.6870000000164147        491.73813396456831     
   3.7070000000164147        492.58404877851518     
   3.7270000000164147        493.71434544339263     
   3.7470000000164148        495.31961626135603     
   3.7670000000164148        496.85444153911914     
   3.7870000000164148        498.87914084275786     
   3.8070000000164148        500.56594163059600     
   3.8270000000164148        500.16032841344992     
   3.8470000000164148        500.67723740422150     
   3.8670000000164144        501.32883433398609     
   3.8870000000164144        502.69644331080571     
   3.9070000000164145        500.75214513683062     
   3.9270000000164145        501.74380868302217     
   3.9470000000164145        501.42382350302506     
   3.9670000000164145        503.32256036319370     
   3.9870000000164145        504.05278158169165     
   4.0070000000164150        503.24024284480060     
   4.0270000000164146        504.45218167901641     
   4.0470000000164150        506.44058388712045     
   4.0670000000164146        506.78157953164276     
   4.0870000000164151        510.58801511391590     
   4.1070000000164146        512.17443329538560     
   4.1270000000164142        513.68349249962807     
   4.1470000000164147        512.91171620519435     
   4.1670000000164142        512.99149017812817     
   4.1870000000164147        514.48000315905665     
   4.2070000000164143        514.57626450507667     
   4.2270000000164147        511.95254916503899     
   4.2470000000164143        511.93226835695964     
   4.2670000000164148        510.56807570215506     
   4.2870000000164143        510.37639470079284     
   4.3070000000164148        509.69899684631184     
   4.3270000000164144        507.80901116477395     
   4.3470000000164148        508.64551711939720     
   4.3670000000164144        509.41942852010749     
   4.3870000000164149        511.14051319061036     
   4.4070000000164145        511.93884951985149     
   4.4270000000164149        514.28155601460435     
   4.4470000000164145        514.16179875384216     
   4.4670000000164150        515.70301779085548     
   4.4870000000164145        515.31907167217332     
   4.5070000000164150        518.41990216614067     
   4.5270000000164146        518.73552090097905     
   4.5470000000164150        518.55940852525373     
   4.5670000000164146        517.94797671882577     
   4.5870000000164151        516.53415575856729     
   4.6070000000164146        517.35615539656158     
   4.6270000000164151        517.82445308945307     
   4.6470000000164147        520.57560864494337     
   4.6670000000164142        519.80313197800911     
   4.6870000000164147        521.31279516280119     
   4.7070000000164143        522.00882083489250     
   4.7270000000164147        521.20010791637549     
   4.7470000000164143        521.39670652143809     
   4.7670000000164148        521.47165972912580     
   4.7870000000164143        518.89524497767877     
   4.8070000000164148        518.14516975530285     
   4.8270000000164144        516.58638771909659     
   4.8470000000164148        515.07932131329403     
   4.8670000000164144        514.73186584830955     
   4.8870000000164149        513.82340202384228     
   4.9070000000164145        513.81119140919418     
   4.9270000000164149        512.92793892834356     
   4.9470000000164145        512.83651884614778     
   4.9670000000164150        514.74949044096536     
   4.9870000000164145        515.98493397242544     
   5.0070000000164150        516.54458249188849     
   5.0270000000164146        516.36899167123113     
   5.0470000000164150        516.01783069661860     
   5.0670000000164146        516.87935937359396     
   5.0870000000164151        515.49426606970019     
   5.1070000000164146        517.27996015957126     
   5.1270000000164151        517.80944305015419     
   5.1470000000164147        518.81175707689135     
   5.1670000000164142        519.61479674354837     
   5.1870000000164147        518.32297815333595     
   5.2070000000164143        516.93928924832460     
   5.2270000000164147        517.71748540480121     
   5.2470000000164143        518.21065161389208     
   5.2670000000164148        517.78895795439905     
   5.2870000000164143        517.41754965589041     
   5.3070000000164148        516.13390724735655     
   5.3270000000164144        515.78676279931142     
   5.3470000000164148        515.65546733857366     
   5.3670000000164144        518.01198165779533     
   5.3870000000164149        517.40151572445188     
   5.4070000000164145        517.66825085539051     
   5.4270000000164149        517.92781525002783     
   5.4470000000164145        519.06881730903638     
   5.4670000000164150        518.74212249319703     
   5.4870000000164145        520.95713734714650     
   5.5070000000164150        520.35233583242416     
   5.5270000000164146        518.02066649015728     
   5.5470000000164150        517.13603518745958     
   5.5670000000164146        517.84870163079665     
   5.5870000000164151        518.04551814405818     
   5.6070000000164146        518.06693049905641     
   5.6270000000164151        517.75730531768284     
   5.6470000000164147        517.21661779992746     
   5.6670000000164142        517.70670329725090     
   5.6870000000164147        518.21083008353810     
   5.7070000000164143        520.69121584597997     
   5.7270000000164147        521.40273760831428     
   5.7470000000164143        521.16253075001464     
   5.7670000000164148        523.07202191722854     
   5.7870000000164143        524.71454702818903     
   5.8070000000164148        526.23308141738585     
   5.8270000000164144        527.27014847698808     
   5.8470000000164148        530.30083983554096     
   5.8670000000164144        529.96079261276770     
   5.8870000000164149        531.43845136258153     
   5.9070000000164145        531.29020211506679     
   5.9270000000164149        532.42995345932786     
   5.9470000000164145        535.50072888253965     
   5.9670000000164150        537.23038625079926     
   5.9870000000164145        540.24765762397442     
   6.0070000000164150        542.27603291068419     
   6.0270000000164146        541.30538657064551     
   6.0470000000164150        543.90606935827577     
   6.0670000000164146        544.65271525607875     
   6.0870000000164151        542.88289442825555     
   6.1070000000164146        544.43260542877692     
   6.1270000000164151        545.33425026636564     
   6.1470000000164147        545.19983824847293     
   6.1670000000164151        545.09149740156886     
   6.1870000000164147        545.71465854836038     
   6.2070000000164143        543.64179217674121     
   6.2270000000164147        541.25994935886422     
   6.2470000000164143        537.76587193644787     
   6.2670000000164148        534.56486207090938     
   6.2870000000164143        530.78713602345249     
   6.3070000000164148        527.32717947674359     
   6.3270000000164144        523.64627781703200     
   6.3470000000164148        518.46804720516639     
   6.3670000000164144        509.79274304572289     
   6.3870000000164149        503.38961169222108     
   6.4070000000164145        494.57146032924652     
   6.4270000000164149        487.50432624335474     
   6.4470000000164145        481.85300080112671     
   6.4670000000164150        473.54655067422709     
   6.4870000000164145        465.38007504997648     
   6.5070000000164150        459.49578846716372     
   6.5270000000164146        451.34679172224429     
   6.5470000000164150        443.81700928191611     
   6.5670000000164146        436.12055023694268     
   6.5870000000164151        428.85965933331079     
   6.6070000000164146        420.91680912166260     
   6.6270000000164151        413.55383091758245     
   6.6470000000164147        406.08846381889703     
   6.6670000000164151        399.11989427065117     
   6.6870000000164147        390.56283208999719     
   6.7070000000164143        381.65581318060885     
   6.7270000000164147        372.66101329391921     
   6.7470000000164143        365.25413501862278     
   6.7670000000164148        355.72014982858832     
   6.7870000000164143        347.03164976271859     
   6.8070000000164148        338.97141493323107     
   6.8270000000164144        330.57256782182964     
   6.8470000000164148        321.80643431549521     
   6.8670000000164144        314.55146397088401     
   6.8870000000164149        306.30845517129313     
   6.9070000000164145        298.16850307170597     
   6.9270000000164149        290.74669346533847     
   6.9470000000164145        284.08940580120009     
   6.9670000000164150        278.42423289782818     
   6.9870000000164145        273.09783650923089     
   7.0070000000164150        267.03532238499730     
   7.0270000000164146        261.97735881492804     
   7.0470000000164150        256.87742158926818     
   7.0670000000164146        253.27225699633141     
   7.0870000000164151        249.35887807765727     
   7.1070000000164146        246.30378689294599     
   7.1270000000164151        244.13972734932813     
   7.1470000000164147        244.08836237976632     
   7.1670000000164151        243.04943403771404     
   7.1870000000164147        242.95875743809611     
   7.2070000000164143        242.85142356426053     
   7.2270000000164147        242.47017625388011     
   7.2470000000164143        242.93709276624895     
   7.2670000000164148        244.29698243172160     
   7.2870000000164143        246.75879976232801     
   7.3070000000164148        249.30922730579979     
   7.3270000000164144        252.64395053323230     
   7.3470000000164148        255.81676851842889     
   7.3670000000164144        259.54468346845357     
   7.3870000000164149        264.30193481772807     
   7.4070000000164145        269.30845770506028     
   7.4270000000164149        275.68888151255874     
   7.4470000000164145        280.91379892429950     
   7.4670000000164150        288.37774377950814     
   7.4870000000164145        294.64281279818994     
   7.5070000000164150        301.47045692457868     
   7.5270000000164146        308.03270063120499     
   7.5470000000164150        315.17677098627405     
   7.5670000000164146        321.94621785309545     
   7.5870000000164151        329.23321371295503     
   7.6070000000164146        336.32966624637402     
   7.6270000000164151        344.23074404631171     
   7.6470000000164147        350.32271865284235     
   7.6670000000164151        357.92698505403956     
   7.6870000000164147        365.91091269331764     
   7.7070000000164143        372.31956949767022     
   7.7270000000164147        380.06549424498530     
   7.7470000000164143        387.29670325588364     
   7.7670000000164148        395.29065647624333     
   7.7870000000164143        398.95553376726878     
   7.8070000000164148        405.08082711664537     
   7.8270000000164144        409.34424922428315     
   7.8470000000164148        416.40405932664532     
   7.8670000000164144        424.05334853448795     
   7.8870000000164149        430.22419925559728     
   7.9070000000164145        436.73922453372757     
   7.9270000000164149        443.32745456622257     
   7.9470000000164145        450.68035351605255     
   7.9670000000164150        454.12577248400021     
   7.9870000000164145        460.40634145195753     
   8.0070000000164150        462.55776062853755     
   8.0270000000164146        469.07065184132614     
   8.0470000000164141        476.55191047158860     
   8.0670000000164155        480.56466867178005     
   8.0870000000164151        485.80585731780718     
   8.1070000000164146        494.20386981363868     
   8.1270000000164142        497.94550259483248     
   8.1470000000164156        503.15773173021705     
   8.1670000000164151        509.22865998829963     
   8.1870000000164147        515.66733018629338     
   8.2070000000164143        520.86764122386774     
   8.2270000000164138        527.36641664830518     
   8.2470000000164152        532.95376766845766     
   8.2670000000164148        533.69807701791490     
   8.2870000000164143        538.41920052564615     
   8.3070000000164139        539.64810657751127     
   8.3270000000164153        544.09090244693994     
   8.3470000000164148        547.24347381753751     
   8.3670000000164144        554.81261771919185     
   8.3870000000164140        557.05913188534009     
   8.4070000000164153        559.37124550349893     
   8.4270000000164149        561.14116437141752     
   8.4470000000164145        558.41971190348079     
   8.4670000000164141        559.16690982344642     
   8.4870000000164154        562.14647973258968     
   8.5070000000164150        562.41191621391135     
   8.5270000000164146        563.86548660694632     
   8.5470000000164141        564.08298164947246     
   8.5670000000164155        564.24678412179878     
   8.5870000000164151        564.93751124914763     
   8.6070000000164146        566.05433955215437     
   8.6270000000164142        565.89603996484743     
   8.6470000000164156        566.77986527394103     
   8.6670000000164151        566.16559501982385     
   8.6870000000164147        567.32482930034359     
   8.7070000000164143        568.73083675714361     
   8.7270000000164156        570.32384773614922     
   8.7470000000164152        572.26214170256083     
   8.7670000000164148        574.32654215361288     
   8.7870000000164143        574.81031491076908     
   8.8070000000164139        573.73988194531648     
   8.8270000000164153        575.29569426608475     
   8.8470000000164148        575.73903034404123     
   8.8670000000164144        576.12677712968809     
   8.8870000000164140        577.92975697055192     
   8.9070000000164153        578.19765481057698     
   8.9270000000164149        582.47193131572840     
   8.9470000000164145        584.03500306956994     
   8.9670000000164141        585.91023784628237     
   8.9870000000164154        587.87516293523117     
   9.0070000000164150        587.99209548366048     
   9.0270000000164146        591.09484887699739     
   9.0470000000164141        587.40700869227146     
   9.0670000000164155        589.14589986103135     
   9.0870000000164151        589.37941213492547     
   9.1070000000164146        589.61376769072046     
   9.1270000000164142        584.93513557603251     
   9.1470000000164156        586.29861880310000     
   9.1670000000164151        585.21774260996983     
   9.1870000000164147        584.87381606491931     
   9.2070000000164143        583.96307092183656     
   9.2270000000164156        583.31923703095026     
   9.2470000000164152        583.95215265642935     
   9.2670000000164148        582.15685653507069     
   9.2870000000164143        582.71902997063819     
   9.3070000000164139        578.76315988061469     
   9.3270000000164153        579.03838270058100     
   9.3470000000164148        577.67855530492886     
   9.3670000000164144        576.35386977604389     
   9.3870000000164140        575.90166104775369     
   9.4070000000164153        575.58990868478361     
   9.4270000000164149        574.36442642735267     
   9.4470000000164145        574.15221440287030     
   9.4670000000164141        573.82409647954205     
   9.4870000000164154        574.33274065423268     
   9.5070000000164150        573.93772903470506     
   9.5270000000164146        575.31201186143289     
   9.5470000000164141        572.16042162368205     
   9.5670000000164155        570.05715776697139     
   9.5870000000164151        567.90555931079780     
   9.6070000000164146        567.29054405825536     
   9.6270000000164142        565.18194857854860     
   9.6470000000164156        565.55543706208755     
   9.6670000000164151        563.48212882085625     
   9.6870000000164147        561.57130025626157     
   9.7070000000164143        559.90898228422543     
   9.7270000000164156        558.48549873407649     
   9.7470000000164152        558.83493400113446     
   9.7670000000164148        558.96405780060331     
   9.7870000000164143        557.94083006125277     
   9.8070000000164139        557.06381397408495     
   9.8270000000164153        557.68752322496891     
   9.8470000000164148        557.01713398660229     
   9.8670000000164144        559.40250736330904     
   9.8870000000164140        559.01978520797263     
   9.9070000000164153        560.26844517805887     
   9.9270000000164149        561.42038433011066     
   9.9470000000164145        561.40893010208538     
   9.9670000000164141        563.82807834180778     
   9.9870000000164154        564.63025748279267     
   10.007000000016415        565.61237946679546     
   10.027000000016415        566.11881473456913     
   10.047000000016414        567.57422708696777     
   10.067000000016415        567.63747405784625     
   10.087000000016415        567.21427104944200     
   10.107000000016415        568.25469271976738     
   10.127000000016414        572.98731743529561     
   10.147000000016416        572.76956839586785     
   10.167000000016415        572.67370411778234     
   10.187000000016415        574.38646484268634     
   10.207000000016414        574.58978711509758     
   10.227000000016416        576.76024514139226     
   10.247000000016415        577.26420676660655     
   10.267000000016415        577.89176470388963     
   10.287000000016414        580.04423204379179     
   10.307000000016414        580.83931971349762     
   10.327000000016415        581.57469937756946     
   10.347000000016415        583.22218903855412     
   10.367000000016414        582.72670639300509     
   10.387000000016414        580.03699181220281     
   10.407000000016415        576.75641607369914     
   10.427000000016415        576.52731478182602     
   10.447000000016414        575.90910220080036     
   10.467000000016414        580.53837864630111     
   10.487000000016415        580.28365102494888     
   10.507000000016415        580.11291913365312     
   10.527000000016415        580.00289566987635     
   10.547000000016414        579.92400324044172     
   10.567000000016415        579.88432833622483     
   10.587000000016415        579.90832580296569     
   10.607000000016415        574.79154957622120     
   10.627000000016414        574.64862009070021     
   10.647000000016416        574.65286299274783     
   10.667000000016415        570.83033063163850     
   10.687000000016415        571.70646477998662     
   10.707000000016414        571.78863777455899     
   10.727000000016416        575.47547924098853     
   10.747000000016415        576.44245384804947     
   10.767000000016415        576.36125784254875     
   10.787000000016414        576.28739660063286     
   10.807000000016414        576.28676214290340     
   10.827000000016415        576.29771534827330     
   10.847000000016415        576.77271708036278     
   10.867000000016414        577.15972885696908     
   10.887000000016414        578.89488347610529     
   10.907000000016415        578.58421737751075     
   10.927000000016415        580.31880909821780     
   10.947000000016414        583.52520316225662     
   10.967000000016414        584.71170785768868     
   10.987000000016415        586.55320605700490     
   11.007000000016415        587.89020969324247     
   11.027000000016415        587.88920833604834     
   11.047000000016414        588.04511780663859     
   11.067000000016415        590.39335194196872     
   11.087000000016415        590.86287673734944     
   11.107000000016415        594.89104087088947     
   11.127000000016414        595.16748361800467     
   11.147000000016416        595.41532487513621     
   11.167000000016415        595.63143638836038     
   11.187000000016415        597.39090113468944     
   11.207000000016414        599.48433858982366     
   11.227000000016416        600.27061462140455     
   11.247000000016415        600.33720710622777     
   11.267000000016415        603.20802616628498     
   11.287000000016414        602.75095621554829     
   11.307000000016414        604.17761833318923     
   11.327000000016415        605.54470469441389     
   11.347000000016415        604.89725520814920     
   11.367000000016414        606.48177735337049     
   11.387000000016414        608.17670760510691     
   11.407000000016415        607.63920748927808     
   11.427000000016415        607.08024311248312     
   11.447000000016414        607.57482120538509     
   11.467000000016414        605.62249647441092     
   11.487000000016415        604.92874857716424     
   11.507000000016415        604.30491343805465     
   11.527000000016415        605.97344100431894     
   11.547000000016414        607.00732836536145     
   11.567000000016415        609.15426620930884     
   11.587000000016415        608.40621682468111     
   11.607000000016415        607.69221405427254     
   11.627000000016414        609.22599574746812     
   11.647000000016416        608.59178375026704     
   11.667000000016415        608.02796419008735     
   11.687000000016415        609.73190360650540     
   11.707000000016414        611.46642556898098     
   11.727000000016416        610.99817408364709     
   11.747000000016415        610.55592474687421     
   11.767000000016415        612.49484060356258     
   11.787000000016414        614.14190860351221     
   11.807000000016414        611.99988020206592     
   11.827000000016415        610.92765259668454     
   11.847000000016415        609.82028465051110     
   11.867000000016414        608.71696940142431     
   11.887000000016414        612.40105879277712     
   11.907000000016415        611.39530320417475     
   11.927000000016415        612.87279710843700     
   11.947000000016414        612.12814899970635     
   11.967000000016414        611.34447983238965     
   11.987000000016415        612.89948046073664     
   12.007000000016415        612.30159640811200     
   12.027000000016415        611.74164479829062     
   12.047000000016414        611.08018775685537     
   12.067000000016415        612.74178355225797     
   12.087000000016415        611.87587171390373     
   12.107000000016415        610.31839063036364     
   12.127000000016414        609.14396325299481     
   12.147000000016416        607.90015398656681     
   12.167000000016415        606.58103910505406     
   12.187000000016415        605.18052406886045     
   12.207000000016414        608.03815780091873     
   12.227000000016416        608.94478207127963     
   12.247000000016415        609.03643013481417     
   12.267000000016415        607.38652169783484     
   12.287000000016414        605.70765717838435     
   12.307000000016416        603.88812374381030     
   12.327000000016415        601.84140491209041     
   12.347000000016415        599.65486959580971     
   12.367000000016414        599.85454160326037     
   12.387000000016414        597.46240584675149     
   12.407000000016415        594.81988250360484     
   12.427000000016415        593.50683840397812     
   12.447000000016414        592.69076661881002     
   12.467000000016414        589.11943093477316     
   12.487000000016415        585.26942350394108     
   12.507000000016415        581.17002778201572     
   12.527000000016415        578.52332032239087     
   12.547000000016414        575.18122727322088     
   12.567000000016415        570.30306181299068     
   12.587000000016415        565.32818337267599     
   12.607000000016415        561.50511087214591     
   12.627000000016414        557.26345240948672     
   12.647000000016416        552.48308489361068     
   12.667000000016415        546.18763780636505     
   12.687000000016415        539.75261167718111     
   12.707000000016414        535.22752092385429     
   12.727000000016416        528.45507078083779     
   12.747000000016415        521.54637560114065     
   12.767000000016415        514.54220157516079     
   12.787000000016414        507.44977081622966     
   12.807000000016416        500.22850731102847     
   12.827000000016415        492.84762194874537     
   12.847000000016415        485.32036881771091     
   12.867000000016414        479.67546069871156     
   12.887000000016414        473.62908748984427     
   12.907000000016415        465.77671007624053     
   12.927000000016415        457.89076946330539     
   12.947000000016414        449.98398284874696     
   12.967000000016414        442.06036674078689     
   12.987000000016415        434.12303460172478     
   13.007000000016415        429.12718360777313     
   13.027000000016415        422.76599764496257     
   13.047000000016414        414.60973349107928     
   13.067000000016415        406.48691203491251     
   13.087000000016415        399.66433404037014     
   13.107000000016415        391.75279315127312     
   13.127000000016414        383.97929443664856     
   13.147000000016416        377.59474132023615     
   13.167000000016415        369.76939021234205     
   13.187000000016415        362.01418065297429     
   13.207000000016414        354.40994214296154     
   13.227000000016416        347.78839510985750     
   13.247000000016415        340.93462330869590     
   13.267000000016415        333.54486713181984     
   13.287000000016414        327.50857910433473     
   13.307000000016416        319.79514161611922     
   13.327000000016415        313.41089327304894     
   13.347000000016415        305.58335729124508     
   13.367000000016414        297.75837200601728     
   13.387000000016414        291.39370239557559     
   13.407000000016415        283.48589751806787     
   13.427000000016415        275.75605351631316     
   13.447000000016414        267.96970932610168     
   13.467000000016414        260.15581474229447     
   13.487000000016415        254.38779876448712     
   13.507000000016415        246.91349489866468     
   13.527000000016415        239.16631683186216     
   13.547000000016414        232.56361158401151     
   13.567000000016415        225.05589835405917     
   13.587000000016415        218.45252387025047     
   13.607000000016415        211.03953612655263     
   13.627000000016414        204.60809210806963     
   13.647000000016416        197.37236346604817     
   13.667000000016415        190.28763021226544     
   13.687000000016415        183.33394054630250     
   13.707000000016414        177.01977319180455     
   13.727000000016416        170.23762578615830     
   13.747000000016415        164.08342681613274     
   13.767000000016415        157.25022453430353     
   13.787000000016414        150.78137721587632     
   13.807000000016416        144.38728835672441     
   13.827000000016415        138.05260166760834     
   13.847000000016415        131.48941777257230     
   13.867000000016414        125.24057578152816     
   13.887000000016414        119.29454680475455     
   13.907000000016415        113.23598891119443     
   13.927000000016415        107.30139306067350     
   13.947000000016414        101.86921886627857     
   13.967000000016414        96.268229336964112     
   13.987000000016415        90.765415967456164     
   14.007000000016415        85.364053867110229     
   14.027000000016415        80.408694800304715     
   14.047000000016414        75.201215864573243     
   14.067000000016415        70.105465453691863     
   14.087000000016415        64.089264692752408     
   14.107000000016415        59.315922606709066     
   14.127000000016414        54.835297058230978     
   14.147000000016416        50.497272020705417     
   14.167000000016415        46.267414014747260     
   14.187000000016415        42.169686510200158     
   14.207000000016414        38.238363905138208     
   14.227000000016416        34.301574546233532     
   14.247000000016415        30.148341598782096     
   14.267000000016415        26.302082709858329     
   14.287000000016414        23.186324448807941     
   14.307000000016416        20.366456298829039     
   14.327000000016415        17.721099142077168     
   14.347000000016415        15.244530008218012     
   14.367000000016414        12.933704938191202     
   14.387000000016414        10.799314354069248     
   14.407000000016415        8.6485070262314796     
   14.427000000016415        6.9533260344237924     
   14.447000000016414        5.4418403926823959     
   14.467000000016414        4.1172974474963393     
   14.487000000016415        2.9724397702244563     
   14.507000000016415        2.0212136966290837     
   14.527000000016415        1.3331582185765409     
   14.547000000016414       0.84908912555409866     
   14.567000000016415       0.57241263113047258     
   14.587000000016415       0.51150196211630727     
   14.607000000016415       0.66601118417548988     
   14.627000000016414        1.0344117344444468     
   14.647000000016416        1.6216322943471511     
   14.667000000016415        2.4340557718503684     
   14.687000000016415        3.4749536007444752     
   14.707000000016414        4.7337490324376246     
   14.727000000016416        6.2003901655611440     
   14.747000000016415        7.8655061144405609     
   14.767000000016415        9.7248840394285114     
   14.787000000016414        11.451407811529272     
   14.807000000016416        13.628555286707435     
   14.827000000016415        16.027706018517240     
   14.847000000016415        18.175002152597621     
   14.867000000016414        20.981247468745668     
   14.887000000016414        24.020964304067753     
   14.907000000016415        27.308242032262608     
   14.927000000016415        30.718171870399654     
   14.947000000016414        34.448152109552986     
   14.967000000016414        38.381325175682214     
   14.987000000016415        41.246884091050632     
   15.007000000016415        45.279845347536572     
   15.027000000016415        44.226509116716471     
   15.047000000016414        48.240263067411767     
   15.067000000016415        52.386299864763835     
   15.087000000016415        56.668516005017928     
   15.107000000016415        58.655602935048478     
   15.127000000016414        63.098346674291612     
   15.147000000016416        67.707664731431549     
   15.167000000016415        72.483051583450631     
   15.187000000016415        77.404142750821066     
   15.207000000016414        82.442172753046350     
   15.227000000016416        87.574523928433592     
   15.247000000016415        92.806861542574680     
   15.267000000016415        98.151526872669407     
   15.287000000016414        103.62212556849890     
   15.307000000016416        109.23828884496078     
   15.327000000016415        115.02562683635892     
   15.347000000016415        120.99149290300019     
   15.367000000016414        126.28800320057329     
   15.387000000016414        132.39574272270787     
   15.407000000016415        138.60952910164860     
   15.427000000016415        144.93623266302075     
   15.447000000016414        151.34080243083687     
   15.467000000016414        157.75134874403508     
   15.487000000016415        164.17336691649447     
   15.507000000016415        169.71181307682298     
   15.527000000016415        175.56670926777537     
   15.547000000016414        182.04695209123636     
   15.567000000016415        173.67058970063965     
   15.587000000016415        179.77618589749792     
   15.607000000016415        177.70701619163219     
   15.627000000016414        183.60466750246636     
   15.647000000016416        180.85855751699847     
   15.667000000016415        186.62358233909404     
   15.687000000016415        192.46764930681428     
   15.707000000016414        198.37098668002781     
   15.727000000016416        204.31076557365722     
   15.747000000016415        210.27194777560518     
   15.767000000016415        216.25377894619476     
   15.787000000016414        222.25526092737249     
   15.807000000016416        228.27761402439216     
   15.827000000016415        234.32412408730835     
   15.847000000016415        240.39697190476195     
   15.867000000016414        246.49618718843831     
   15.887000000016416        252.62092324004678     
   15.907000000016415        247.79997782628948     
   15.927000000016415        253.63871704639041     
   15.947000000016414        259.49975371118239     
   15.967000000016414        265.37770794835569     
   15.987000000016415        259.79312157498146     
   16.007000000016415        265.34902656193594     
   16.027000000016415        270.66971444546164     
   16.047000000016414        276.26875523224379     
   16.067000000016414        281.90174932331604     
   16.087000000016413        287.52136504492245     
   16.107000000016416        289.73670514924532     
   16.127000000016416        295.05310303320886     
   16.147000000016416        300.37677415806337     
   16.167000000016415        305.73144197487358     
   16.187000000016415        311.13801030046147     
   16.207000000016414        316.64274460203870     
   16.227000000016414        322.20601588559708     
   16.247000000016413        323.02711340196117     
   16.267000000016417        328.46669551444603     
   16.287000000016416        333.96633529633840     
   16.307000000016416        339.52398413139179     
   16.327000000016415        345.03183230584551     
   16.347000000016415        350.40947123499848     
   16.367000000016414        355.70180661202079     
   16.387000000016414        360.95843006639200     
   16.407000000016414        366.18890414330087     
   16.427000000016413        373.50482578111456     
   16.447000000016416        378.52423647208519     
   16.467000000016416        383.44472445885020     
   16.487000000016415        388.29727739747312     
   16.507000000016415        389.99259141485095     
   16.527000000016415        387.99166686752932     
   16.547000000016414        392.45512433186832     
   16.567000000016414        396.97118057754301     
   16.587000000016413        394.50831063015164     
   16.607000000016416        399.12643600915334     
   16.627000000016416        403.84288471640650     
   16.647000000016416        410.31218530163903     
   16.667000000016415        414.99143060042871     
   16.687000000016415        419.68844845470761     
   16.707000000016414        424.37849413793509     
   16.727000000016414        429.04967100807755     
   16.747000000016413        428.99328898645751     
   16.767000000016417        435.38629729639263     
   16.787000000016416        439.68357381779919     
   16.807000000016416        443.97649614082792     
   16.827000000016415        448.24985338704789     
   16.847000000016415        446.23249997304652     
   16.867000000016414        449.94447973536984     
   16.887000000016414        444.42363460974957     
   16.907000000016414        445.01260528847467     
   16.927000000016413        448.07863623497360     
   16.947000000016416        453.55185453878210     
   16.967000000016416        456.35013161968254     
   16.987000000016415        461.69906829961326     
   17.007000000016415        464.35938807735090     
   17.027000000016415        466.97330178454513     
   17.047000000016414        469.54075090076122     
   17.067000000016414        472.09474424085107     
   17.087000000016413        474.64182042163731     
   17.107000000016416        477.18941553698397     
   17.127000000016416        479.73937699064317     
   17.147000000016416        482.27431992026374     
   17.167000000016415        485.86420068267358     
   17.187000000016415        488.21404080273942     
   17.207000000016414        490.56717794621630     
   17.227000000016414        492.93256245136314     
   17.247000000016413        495.30639369477916     
   17.267000000016417        497.70085898250505     
   17.287000000016416        500.12963583907657     
   17.307000000016416        499.79357707090912     
   17.327000000016415        501.98291825046033     
   17.347000000016415        507.47936216760377     
   17.367000000016414        509.84069042463892     
   17.387000000016414        512.29246826019892     
   17.407000000016414        514.80951016687868     
   17.427000000016417        517.40977315757198     
   17.447000000016416        523.42156021356311     
   17.467000000016416        526.14064109665287     
   17.487000000016415        528.91301749367244     
   17.507000000016415        531.72094387996844     
   17.527000000016415        534.54235692340490     
   17.547000000016414        537.36315286456943     
   17.567000000016414        540.18631213451761     
   17.587000000016413        538.65694687730138     
   17.607000000016416        541.36425667430433     
   17.627000000016416        544.12882388224909     
   17.647000000016416        542.59448958205951     
   17.667000000016415        548.72638531027064     
   17.687000000016415        551.28260878160336     
   17.707000000016414        553.83442077961081     
   17.727000000016414        556.38543822543170     
   17.747000000016413        558.93653549243618     
   17.767000000016417        561.49082199662280     
   17.787000000016416        564.05767891004223     
   17.807000000016416        566.65609588543680     
   17.827000000016415        577.37094332948527     
   17.847000000016415        580.13728171222454     
   17.867000000016414        582.93539890045588     
   17.887000000016414        582.55205484721341     
   17.907000000016414        589.42257424877323     
   17.927000000016417        592.20200388960814     
   17.947000000016416        595.01594247719049     
   17.967000000016416        602.09444866311776     
   17.987000000016415        602.36097430774339     
   18.007000000016415        605.14565262866665     
   18.027000000016415        607.94126987838933     
   18.047000000016414        610.74856510171014     
   18.067000000016414        603.02267926633670     
   18.087000000016413        605.64045850040475     
   18.107000000016416        608.27666278895401     
   18.127000000016416        610.96261077584154     
   18.147000000016416        613.68282660952866     
   18.167000000016415        616.40616009666303     
   18.187000000016415        619.10117358021137     
   18.207000000016414        621.75751845298930     
   18.227000000016414        624.36271458326416     
   18.247000000016413        617.04794772934588     
   18.267000000016417        619.35412117211649     
   18.287000000016416        621.65193113592659     
   18.307000000016416        614.66277258593448     
   18.327000000016415        620.25281253590742     
   18.347000000016415        622.19925344375110     
   18.367000000016414        624.07850901119798     
   18.387000000016414        625.87696849206225     
   18.407000000016414        626.63704104153248     
   18.427000000016417        628.11236258269912     
   18.447000000016416        629.51963663483957     
   18.467000000016416        630.85484503767350     
   18.487000000016415        632.11815165567134     
   18.507000000016415        633.30753073668859     
   18.527000000016415        634.41366637470344     
   18.547000000016414        640.32210578826175     
   18.567000000016414        641.22925086643670     
   18.587000000016413        642.00143420883137     
   18.607000000016416        635.73773423568002     
   18.627000000016416        636.09164690979355     
   18.647000000016416        636.36935864732084     
   18.667000000016415        641.58114659118326     
   18.687000000016415        641.69850678644775     
   18.707000000016414        641.73470571079554     
   18.727000000016414        641.69863301012117     
   18.747000000016413        641.60494348567670     
   18.767000000016417        641.46799391176012     
   18.787000000016416        641.32750869206154     
   18.807000000016416        644.26462005875908     
   18.827000000016415        643.96658874432876     
   18.847000000016415        643.65409650211825     
   18.867000000016414        643.34909123478667     
   18.887000000016414        646.27441711357119     
   18.907000000016414        645.89692439419650     
   18.927000000016417        645.38876850687268     
   18.947000000016416        647.66071779737604     
   18.967000000016416        649.62817751823854     
   18.987000000016415        648.26960971598157     
   19.007000000016415        646.75815165884364     
   19.027000000016415        645.06214342309772     
   19.047000000016414        648.00677295797516     
   19.067000000016414        643.21040171850018     
   19.087000000016413        640.71013973423931     
   19.107000000016416        638.11205872367532     
   19.127000000016416        635.38985367269822     
   19.147000000016416        632.57660745825160     
   19.167000000016415        629.67473701108872     
   19.187000000016415        626.68101913862245     
   19.207000000016414        623.60184274857579     
   19.227000000016414        620.45072751192947     
   19.247000000016413        617.24123047682417     
   19.267000000016417        613.98408191814406     
   19.287000000016416        613.30020378637823     
   19.307000000016416        609.85847896268444     
   19.327000000016415        606.42378257369569     
   19.347000000016415        603.00218651185219     
   19.367000000016414        599.62024914720928     
   19.387000000016414        596.29319121637263     
   19.407000000016414        593.01065686367099     
   19.427000000016417        589.77070591003985     
   19.447000000016416        586.59315511011357     
   19.467000000016416        583.46004585257322     
   19.487000000016415        580.35358732198256     
   19.507000000016415        580.87294779105707     
   19.527000000016415        577.67788152308856     
   19.547000000016414        574.49184750767563     
   19.567000000016414        571.30699809222722     
   19.587000000016413        568.13591025991559     
   19.607000000016416        565.03094933645696     
   19.627000000016416        565.89571591800870     
   19.647000000016416        562.76677286380107     
   19.667000000016415        559.65247482566542     
   19.687000000016415        556.55225141263122     
   19.707000000016414        553.47316684094437     
   19.727000000016414        554.49447080437119     
   19.747000000016413        551.46200072051613     
   19.767000000016417        548.52919185251358     
   19.787000000016416        545.67758991835456     
   19.807000000016416        542.86068664358447     
   19.827000000016415        540.05510478990868     
   19.847000000016415        540.36825609675373     
   19.867000000016414        537.34612296048783     
   19.887000000016414        534.29399072055890     
   19.907000000016414        531.21496192541622     
   19.927000000016417        531.09914325973784     
   19.947000000016416        530.75892633558635     
   19.967000000016416        527.16955338221419     
   19.987000000016415        523.54742015797433     
   20.007000000016415        522.97256396165585     
   20.027000000016415        519.26555822043792     
   20.047000000016414        515.58981995858232     
   20.067000000016414        511.91385838780241     
   20.087000000016413        512.71516393435218     
   20.107000000016416        508.92569246283932     
   20.127000000016416        505.10391890940764     
   20.147000000016416        501.25587903936332     
   20.167000000016415        497.40259442397326     
   20.187000000016415        493.58769435438063     
   20.207000000016414        489.83462289978769     
   20.227000000016414        493.56769343784822     
   20.247000000016413        497.49877804697434     
   20.267000000016417        493.49690977029775     
   20.287000000016416        489.57938150255097     
   20.307000000016416        485.74508768706306     
   20.327000000016415        481.98907785493725     
   20.347000000016415        478.30924099119278     
   20.367000000016414        474.70483776431212     
   20.387000000016414        471.17540995077621     
   20.407000000016414        467.72058472272977     
   20.427000000016417        468.51695590520109     
   20.447000000016416        465.11808471165944     
   20.467000000016416        461.77094901784130     
   20.487000000016415        458.47473879258257     
   20.507000000016415        455.23290175774764     
   20.527000000016415        452.04725600484898     
   20.547000000016414        448.91967242743868     
   20.567000000016414        448.65899850473932     
   20.587000000016413        445.53575149466656     
   20.607000000016416        442.47156027975797     
   20.627000000016416        439.44551370208330     
   20.647000000016416        436.43734561472763     
   20.667000000016415        433.43313293025813     
   20.687000000016415        430.43913543866682     
   20.707000000016414        427.46871484577622     
   20.727000000016414        424.53267728584819     
   20.747000000016413        421.62531215577354     
   20.767000000016417        418.73930010318884     
   20.787000000016416        415.89098997435059     
   20.807000000016416        413.07408084318297     
   20.827000000016415        410.27272561241097     
   20.847000000016415        407.47918627064900     
   20.867000000016414        408.55505233698591     
   20.887000000016414        408.70458792527495     
   20.907000000016414        413.38914849996581     
   20.927000000016417        410.91388781121088     
   20.947000000016416        408.49516755163825     
   20.967000000016416        406.15656618810300     
   20.987000000016415        403.89345312465548     
   21.007000000016415        401.70096454029488     
   21.027000000016415        399.57390414079583     
   21.047000000016414        397.50584620828903     
   21.067000000016414        395.49194917009976     
   21.087000000016413        393.53533459508367     
   21.107000000016416        391.64568320714079     
   21.127000000016416        389.84681902692989     
   21.147000000016416        388.15758449605198     
   21.167000000016415        386.57896444027500     
   21.187000000016415        385.10901121174851     
   21.207000000016414        383.74581151517913     
   21.227000000016414        382.48772945392506     
   21.247000000016413        381.33842208172939     
   21.267000000016417        380.30718894175925     
   21.287000000016416        379.39340899435990     
   21.307000000016416        378.56240231992825     
   21.327000000016415        380.78943815341830     
   21.347000000016415        380.17555225375503     
   21.367000000016414        379.63771641400234     
   21.387000000016414        379.19417074230387     
   21.407000000016414        378.86301880109579     
   21.427000000016417        378.64763052598971     
   21.447000000016416        382.08663479379311     
   21.467000000016416        382.08113397820273     
   21.487000000016415        382.14378419237124     
   21.507000000016415        382.24335717226000     
   21.527000000016415        382.37657042044361     
   21.547000000016414        382.56038731694207     
   21.567000000016414        382.80746740096822     
   21.587000000016413        383.10506714294183     
   21.607000000016416        383.41758281116046     
   21.627000000016416        383.73839245264355     
   21.647000000016416        384.07988821029147     
   21.667000000016415        384.26019313635140     
   21.687000000016415        384.49652267477552     
   21.707000000016414        384.53525595657271     
   21.727000000016414        384.72033738230147     
   21.747000000016413        384.98610432257499     
   21.767000000016417        389.23631182478920     
   21.787000000016416        389.71714371665604     
   21.807000000016416        390.30014268539941     
   21.827000000016415        390.99158408914883     
   21.847000000016415        391.79224722051561     
   21.867000000016414        396.79392957352587     
   21.887000000016414        397.85386081275556     
   21.907000000016414        403.25284784502759     
   21.927000000016417        404.60115247133842     
   21.947000000016416        410.13731708705495     
   21.967000000016416        411.79093729431020     
   21.987000000016415        413.56469702732880     
   22.007000000016415        415.46034727353538     
   22.027000000016415        417.47966659019909     
   22.047000000016414        419.62345755470619     
   22.067000000016414        421.89083443834164     
   22.087000000016413        424.28212324303581     
   22.107000000016416        426.79627896747314     
   22.127000000016416        433.79973393437086     
   22.147000000016416        436.57831523895476     
   22.167000000016415        439.41373956595845     
   22.187000000016415        442.30897681252350     
   22.207000000016414        445.22711732008577     
   22.227000000016414        448.13471421178218     
   22.247000000016413        451.05001097038439     
   22.267000000016417        453.98434191773572     
   22.287000000016416        456.95071117392865     
   22.307000000016416        459.96351073384471     
   22.327000000016415        463.03221999726804     
   22.347000000016415        466.16400289051489     
   22.367000000016414        469.38221225816756     
   22.387000000016414        477.29736894892187     
   22.407000000016414        480.75490486896865     
   22.427000000016417        484.36858599927945     
   22.447000000016416        488.12204059578374     
   22.467000000016416        491.99104154066720     
   22.487000000016415        495.95108486621882     
   22.507000000016415        499.97763189036715     
