   3.3000000001266017E-002   1299.3392742111096     
   5.3000000001266021E-002   1299.8444093832161     
   7.3000000001266024E-002   1300.3128818822911     
   9.3000000001266014E-002   1301.1130972586282     
  0.11300000000126602        1301.6145706383647     
  0.13300000000126602        1302.3468030183451     
  0.15300000000126601        1302.6270921862201     
  0.17300000000126603        1303.5241604762346     
  0.19300000000126602        1304.6426939489761     
  0.21300000000126601        1304.3631373664639     
  0.23300000000126603        1304.3893465457350     
  0.25300000000126599        1306.2868417775715     
  0.27300000000126601        1306.9204413535015     
  0.29300000000126603        1306.2239176299609     
  0.31300000000126604        1307.6687052256286     
  0.33300000000126601        1308.0454923605525     
  0.35300000000126602        1308.5147247012439     
  0.37300000000126604        1308.6176229172459     
  0.39300000000126600        1311.0005755874597     
  0.41300000000126602        1309.5251911051944     
  0.43300000000126604        1310.9182459633457     
  0.45300000000126600        1311.3645255554907     
  0.47300000000126602        1313.9323946432858     
  0.49300000000126604        1312.4913390948941     
  0.51300000000126600        1311.7053823208562     
  0.53300000000126602        1314.2322475018941     
  0.55300000000126603        1314.9005029368452     
  0.57300000000126605        1315.0352289773964     
  0.59300000000126607        1315.2903711505478     
  0.61300000000126598        1315.7414335082717     
  0.63300000000126599        1318.9091476756580     
  0.65300000000126601        1317.3507477620813     
  0.67300000000126603        1316.0562578432839     
  0.69300000000126605        1319.9820499904165     
  0.71300000000126607        1320.8585238558035     
  0.73300000000126608        1319.7482543371675     
  0.75300000000126599        1320.6969606480166     
  0.77300000000126601        1321.7615156056258     
  0.79300000000126603        1322.1525708569407     
  0.81300000000126604        1321.7676555179689     
  0.83300000000126606        1324.5553959659946     
  0.85300000000126608        1323.5048367802303     
  0.87300000000126599        1323.7154692465615     
  0.89300000000126600        1324.2183746026449     
  0.91300000000126602        1325.2276783801160     
  0.93300000000126604        1325.2126561262626     
  0.95300000000126606        1325.6087481837988     
  0.97300000000126607        1326.3127929633592     
  0.99300000000126598        1327.8858814778007     
   1.0130000000012660        1329.5407051304715     
   1.0330000000012660        1328.7101543299152     
   1.0530000000012660        1333.8555407051715     
   1.0730000000012661        1326.5227964821863     
   1.0930000000012661        1332.2882944007306     
   1.1130000000012661        1331.0018396943019     
   1.1330000000012661        1328.5211660714001     
   1.1530000000012661        1331.9533605445370     
   1.1730000000012661        1332.5011980894481     
   1.1930000000012659        1330.7919276165176     
   1.2130000000012660        1334.9776232601046     
   1.2330000000012660        1336.7740599864846     
   1.2530000000012660        1333.9193449801119     
   1.2730000000012660        1338.0667695326160     
   1.2930000000012660        1336.7454303665211     
   1.3130000000012660        1336.8268021874908     
   1.3330000000012661        1338.0057794241104     
   1.3530000000012661        1337.1441923700418     
   1.3730000000012661        1334.4116739728529     
   1.3930000000012661        1338.7280479293029     
   1.4130000000012661        1342.1866841339563     
   1.4330000000012661        1339.2346220390705     
   1.4530000000012659        1343.1937296028291     
   1.4730000000012660        1340.0524145279444     
   1.4930000000012660        1343.3520988250548     
   1.5130000000012660        1343.6697689119878     
   1.5330000000012660        1343.9649931006081     
   1.5530000000012660        1349.4323620840389     
   1.5730000000012661        1350.4526331618727     
   1.5930000000012661        1347.2836669126932     
   1.6130000000012661        1346.8972703146467     
   1.6330000000012661        1345.7874588060477     
   1.6530000000012661        1348.4013876432530     
   1.6730000000012661        1351.4432569476894     
   1.6930000000012662        1347.9181538664027     
   1.7130000000012660        1344.7217633312589     
   1.7330000000012660        1348.2771650871634     
   1.7530000000012660        1347.8936439696420     
   1.7730000000012660        1351.5735424238464     
   1.7930000000012660        1349.3808538826809     
   1.8130000000012660        1351.1755383861321     
   1.8330000000012661        1348.7377251355110     
   1.8530000000012661        1354.0341884063641     
   1.8730000000012661        1354.9584382320775     
   1.8930000000012661        1356.8609796755929     
   1.9130000000012661        1353.9125454653615     
   1.9330000000012661        1355.2034723042052     
   1.9530000000012659        1356.4258460900439     
   1.9730000000012660        1359.5478980977250     
   1.9930000000012660        1365.4878005935984     
   2.0130000000012660        1362.1773818249173     
   2.0330000000012660        1358.7493995755779     
   2.0530000000012660        1357.6101395051562     
   2.0730000000012661        1364.3932092319199     
   2.0930000000012661        1366.2077181420129     
   2.1130000000012661        1369.6844462195118     
   2.1330000000012661        1363.5958373633832     
   2.1530000000012661        1358.0140325870295     
   2.1730000000012661        1365.9219616680841     
   2.1930000000012662        1366.0017996924046     
   2.2130000000012662        1361.7046269333734     
   2.2330000000012662        1362.9678669546040     
   2.2530000000012662        1357.6456288694972     
   2.2730000000012662        1358.6548037944972     
   2.2930000000012662        1360.2348056618232     
   2.3130000000012663        1367.0372734945115     
   2.3330000000012663        1371.5851926164037     
   2.3530000000012659        1370.5341680886308     
   2.3730000000012659        1373.8878893113906     
   2.3930000000012659        1367.7570035181107     
   2.4130000000012659        1369.9814673950652     
   2.4330000000012659        1370.8068658220679     
   2.4530000000012659        1370.1824755092964     
   2.4730000000012660        1368.8895175677944     
   2.4930000000012660        1371.9322690773135     
   2.5130000000012660        1369.7414703178847     
   2.5330000000012660        1374.3470203048105     
   2.5530000000012660        1373.7588039102229     
   2.5730000000012661        1377.2089784330851     
   2.5930000000012661        1378.6939017282950     
   2.6130000000012661        1383.2366667867987     
   2.6330000000012661        1385.6890523511863     
   2.6530000000012661        1385.1168368237456     
   2.6730000000012661        1380.6577812702690     
   2.6930000000012662        1378.6408390606589     
   2.7130000000012662        1380.5732246034679     
   2.7330000000012662        1378.1926701365983     
   2.7530000000012662        1376.5412554937093     
   2.7730000000012662        1381.5441230754250     
   2.7930000000012662        1383.5398318271868     
   2.8130000000012663        1387.6374085059831     
   2.8330000000012663        1386.1949125777107     
   2.8530000000012659        1384.6285732933163     
   2.8730000000012659        1382.3074935875341     
   2.8930000000012659        1384.9230415541465     
   2.9130000000012659        1387.8805885430891     
   2.9330000000012659        1384.5145586173383     
   2.9530000000012659        1387.2015197837561     
   2.9730000000012660        1391.7302112486659     
   2.9930000000012660        1399.2425788867799     
   3.0130000000012660        1401.2355279623607     
   3.0330000000012660        1399.4623910579228     
   3.0530000000012660        1396.5088442780909     
   3.0730000000012661        1395.7637096387505     
   3.0930000000012661        1398.5522207725016     
   3.1130000000012661        1401.6448066990317     
   3.1330000000012661        1398.2672718762601     
   3.1530000000012661        1402.9226305820362     
   3.1730000000012661        1405.7214044234256     
   3.1930000000012662        1396.5029780981165     
   3.2130000000012662        1396.1297985933982     
   3.2330000000012662        1398.9460818797063     
   3.2530000000012662        1402.7672986396635     
   3.2730000000012662        1401.6932416158045     
   3.2930000000012662        1403.0805542114103     
   3.3130000000012663        1406.4807498185628     
   3.3330000000012663        1404.7823614796453     
   3.3530000000012663        1404.8004700493457     
   3.3730000000012659        1396.6880734321849     
   3.3930000000012659        1398.5516679271520     
   3.4130000000012659        1404.8136697359344     
   3.4330000000012659        1402.9694511573828     
   3.4530000000012659        1410.0460100242369     
   3.4730000000012660        1409.7440573501517     
   3.4930000000012660        1412.4938694837997     
   3.5130000000012660        1414.1826703711683     
   3.5330000000012660        1413.2044653506266     
   3.5530000000012660        1416.5497415004447     
   3.5730000000012661        1414.1540880327025     
   3.5930000000012661        1410.3193636061264     
   3.6130000000012661        1411.8712780427365     
   3.6330000000012661        1414.7987328354463     
   3.6530000000012661        1412.2984274556154     
   3.6730000000012661        1410.6763476315837     
   3.6930000000012662        1409.6846156287199     
   3.7130000000012662        1408.8249818455081     
   3.7330000000012662        1412.2030888390625     
   3.7530000000012662        1409.9759036526639     
   3.7730000000012662        1406.7894094956334     
   3.7930000000012662        1413.1899084025267     
   3.8130000000012663        1410.4677019684655     
   3.8330000000012663        1404.1747484289740     
   3.8530000000012663        1403.0687579573801     
   3.8730000000012659        1405.9703406551023     
   3.8930000000012659        1408.1681237316313     
   3.9130000000012659        1408.8537478687126     
   3.9330000000012659        1411.6481080471858     
   3.9530000000012659        1413.4514008899946     
   3.9730000000012660        1421.2050945832978     
   3.9930000000012660        1424.7260891625162     
   4.0130000000012664        1424.5058728598049     
   4.0330000000012660        1424.3006537618446     
   4.0530000000012665        1430.8447856166704     
   4.0730000000012661        1430.8359699342079     
   4.0930000000012665        1430.8068404692167     
   4.1130000000012661        1428.9245266893702     
   4.1330000000012657        1432.6867168928920     
   4.1530000000012661        1439.3047789548264     
   4.1730000000012657        1444.6432927710587     
   4.1930000000012662        1446.8497750900856     
   4.2130000000012657        1448.8591223279566     
   4.2330000000012662        1444.4583485871469     
   4.2530000000012658        1444.4463987969082     
   4.2730000000012662        1440.2424817643848     
   4.2930000000012658        1430.3141963821736     
   4.3130000000012663        1432.2407146891424     
   4.3330000000012658        1435.7287516351205     
   4.3530000000012663        1437.9434176670786     
   4.3730000000012659        1435.7434491071431     
   4.3930000000012663        1428.5503545874376     
   4.4130000000012659        1425.2682492741226     
   4.4330000000012664        1425.2285757460588     
   4.4530000000012659        1417.2980296420567     
   4.4730000000012664        1413.8673981190336     
   4.4930000000012660        1412.2595431593106     
   4.5130000000012664        1409.2187772541142     
   4.5330000000012660        1403.9641355498209     
   4.5530000000012665        1402.6749844289764     
   4.5730000000012661        1402.5883027412951     
   4.5930000000012665        1397.1503175649871     
   4.6130000000012661        1396.6996161541481     
   4.6330000000012665        1404.2323268055763     
   4.6530000000012661        1405.3512424339299     
   4.6730000000012657        1408.2659500756617     
   4.6930000000012662        1407.9286323113949     
   4.7130000000012657        1409.0417464241527     
   4.7330000000012662        1408.8091985143631     
   4.7530000000012658        1411.5655330223208     
   4.7730000000012662        1409.6847879096804     
   4.7930000000012658        1412.0183293801331     
   4.8130000000012663        1420.2321552225112     
   4.8330000000012658        1427.1071772932312     
   4.8530000000012663        1429.5589709780793     
   4.8730000000012659        1435.3011471327984     
   4.8930000000012663        1438.1452011682456     
   4.9130000000012659        1443.4256725296909     
   4.9330000000012664        1451.1484305939548     
   4.9530000000012659        1452.8841715687622     
   4.9730000000012664        1463.5454733987974     
   4.9930000000012660        1467.6706636983520     
   5.0130000000012664        1469.7369954451633     
   5.0330000000012660        1475.0266174781952     
   5.0530000000012665        1470.8840468182418     
   5.0730000000012661        1473.5697231386030     
   5.0930000000012665        1479.3552770016195     
   5.1130000000012661        1480.3012734611229     
   5.1330000000012665        1476.6079413834143     
   5.1530000000012661        1477.7599852209032     
   5.1730000000012657        1477.7124964427026     
   5.1930000000012662        1482.3040153651596     
   5.2130000000012657        1483.5065668487782     
   5.2330000000012662        1479.3978703709727     
   5.2530000000012658        1478.3544486396618     
   5.2730000000012662        1479.7027016718105     
   5.2930000000012658        1473.3678105951644     
   5.3130000000012663        1474.3574478016960     
   5.3330000000012658        1473.7022678150197     
   5.3530000000012663        1465.6317743569682     
   5.3730000000012659        1462.0809883574111     
   5.3930000000012663        1465.6241882876143     
   5.4130000000012659        1468.7476223065237     
   5.4330000000012664        1467.6206576712104     
   5.4530000000012659        1466.2915374347813     
   5.4730000000012664        1461.9989447463297     
   5.4930000000012660        1458.3159165973614     
   5.5130000000012664        1464.9627371066665     
   5.5330000000012660        1461.8018815509947     
   5.5530000000012665        1470.3294884067275     
   5.5730000000012661        1468.8874934713094     
   5.5930000000012665        1475.2538078079992     
   5.6130000000012661        1479.3898564118906     
   5.6330000000012665        1479.1385251438671     
   5.6530000000012661        1481.1245266647632     
   5.6730000000012657        1480.0282965039510     
   5.6930000000012662        1485.2526362272267     
   5.7130000000012657        1485.5609518937322     
   5.7330000000012662        1482.0182970080155     
   5.7530000000012658        1485.8488647210131     
   5.7730000000012662        1485.9519998110197     
   5.7930000000012658        1488.2545869804185     
   5.8130000000012663        1491.3822973232820     
   5.8330000000012658        1493.8893031255286     
   5.8530000000012663        1490.0762536814927     
   5.8730000000012659        1494.4066208150186     
   5.8930000000012663        1493.6925369394896     
   5.9130000000012659        1493.0011742864563     
   5.9330000000012664        1499.5888044923686     
   5.9530000000012659        1499.7833728465205     
   5.9730000000012664        1505.8668421213504     
   5.9930000000012660        1508.0017146116284     
   6.0130000000012664        1510.1851131412263     
   6.0330000000012660        1509.9152871194415     
   6.0530000000012665        1509.1116117154154     
   6.0730000000012661        1512.3234627095471     
   6.0930000000012665        1512.6691234675438     
   6.1130000000012661        1511.7587226145849     
   6.1330000000012665        1511.5344233680187     
   6.1530000000012661        1514.0699533382533     
   6.1730000000012666        1519.4640939387848     
   6.1930000000012662        1521.1727862311782     
   6.2130000000012657        1528.6292301688291     
   6.2330000000012662        1531.6217757985344     
   6.2530000000012658        1531.0921011007431     
   6.2730000000012662        1531.3156987976593     
   6.2930000000012658        1535.0484916050520     
   6.3130000000012663        1538.3113190760700     
   6.3330000000012658        1550.9755959368918     
   6.3530000000012663        1550.4255505347326     
   6.3730000000012659        1553.2166083505888     
   6.3930000000012663        1551.6642867478160     
   6.4130000000012659        1552.5507610412083     
   6.4330000000012664        1547.7357414947621     
   6.4530000000012659        1553.2897068118634     
   6.4730000000012664        1558.1776184223227     
   6.4930000000012660        1566.0979741715280     
   6.5130000000012664        1570.2250984520908     
   6.5330000000012660        1570.8840926194398     
   6.5530000000012665        1577.6801538459486     
   6.5730000000012661        1582.3185424657322     
   6.5930000000012665        1581.6953514049935     
   6.6130000000012661        1584.2561893119473     
   6.6330000000012665        1586.5700156124810     
   6.6530000000012661        1581.7678960386033     
   6.6730000000012666        1583.5979544070765     
   6.6930000000012662        1583.2555672415556     
   6.7130000000012657        1577.4217007592440     
   6.7330000000012662        1569.5961621298893     
   6.7530000000012658        1567.0427534152950     
   6.7730000000012662        1569.5364960318250     
   6.7930000000012658        1569.2665006990212     
   6.8130000000012663        1567.6272838583891     
   6.8330000000012658        1558.2717641015163     
   6.8530000000012663        1560.2955428355417     
   6.8730000000012659        1558.1796567219289     
   6.8930000000012663        1558.5783349632745     
   6.9130000000012659        1556.6769048228302     
   6.9330000000012664        1562.5916763224623     
   6.9530000000012659        1565.6278170935498     
   6.9730000000012664        1564.9181769169647     
   6.9930000000012660        1564.6052677680316     
   7.0130000000012664        1562.5701939856167     
   7.0330000000012660        1562.5376060457231     
   7.0530000000012665        1549.2230208723997     
   7.0730000000012661        1553.3340625543674     
   7.0930000000012665        1547.8039054379433     
   7.1130000000012661        1542.1335208878183     
   7.1330000000012665        1527.2506352536304     
   7.1530000000012661        1521.1544221748591     
   7.1730000000012666        1504.7697170602175     
   7.1930000000012662        1501.1362569709040     
   7.2130000000012657        1503.3797412773124     
   7.2330000000012662        1500.1110588618512     
   7.2530000000012658        1495.1519152035096     
   7.2730000000012662        1492.7508640945623     
   7.2930000000012658        1480.5475976493383     
   7.3130000000012663        1474.8850550835984     
   7.3330000000012658        1467.4000766594265     
   7.3530000000012663        1460.0853034322561     
   7.3730000000012659        1461.2313748174474     
   7.3930000000012663        1451.9111570545103     
   7.4130000000012659        1452.7081908611960     
   7.4330000000012664        1434.8673852154964     
   7.4530000000012659        1432.6011435118057     
   7.4730000000012664        1435.8388282374347     
   7.4930000000012660        1431.5287888891146     
   7.5130000000012664        1425.0284513456813     
   7.5330000000012660        1418.8467808905430     
   7.5530000000012665        1417.5387525317442     
   7.5730000000012661        1416.1515087228097     
   7.5930000000012665        1418.0291320043848     
   7.6130000000012661        1412.9635457525244     
   7.6330000000012665        1397.7927279953851     
   7.6530000000012661        1397.6399735664916     
   7.6730000000012666        1395.9035497506820     
   7.6930000000012662        1393.5544898241628     
   7.7130000000012657        1396.2982769712164     
   7.7330000000012662        1397.7331971451770     
   7.7530000000012658        1399.5076192126594     
   7.7730000000012662        1401.6215744474034     
   7.7930000000012658        1400.0225420782622     
   7.8130000000012663        1407.6231430524347     
   7.8330000000012658        1410.4718102381073     
   7.8530000000012663        1418.1327955727875     
   7.8730000000012659        1414.6495099298186     
   7.8930000000012663        1417.6071709432099     
   7.9130000000012659        1419.9260433511681     
   7.9330000000012664        1425.7471891405332     
   7.9530000000012659        1434.6307555794754     
   7.9730000000012664        1438.7299530912301     
   7.9930000000012660        1442.9862836963930     
   8.0130000000012664        1437.7750907610766     
   8.0330000000012660        1441.9413795056569     
   8.0530000000012656        1449.3224964528097     
   8.0730000000012669        1452.3837155410708     
   8.0930000000012665        1456.6937619690364     
   8.1130000000012661        1459.9996208266521     
   8.1330000000012657        1454.9767274591045     
   8.1530000000012670        1461.4650823112872     
   8.1730000000012666        1465.3942156933940     
   8.1930000000012662        1471.2047758201409     
   8.2130000000012657        1480.4330515649272     
   8.2330000000012653        1484.8217605322816     
   8.2530000000012667        1494.3773935697425     
   8.2730000000012662        1498.5226235084690     
   8.2930000000012658        1502.8731579134583     
   8.3130000000012654        1514.3781434674588     
   8.3330000000012667        1521.3454330021355     
   8.3530000000012663        1531.0827804105672     
   8.3730000000012659        1542.4640993021283     
   8.3930000000012654        1546.4524829817385     
   8.4130000000012668        1554.3728006133758     
   8.4330000000012664        1557.9476719351253     
   8.4530000000012659        1563.6133448855635     
   8.4730000000012655        1566.9711204163348     
   8.4930000000012669        1570.0256617965872     
   8.5130000000012664        1572.9400767357461     
   8.5330000000012660        1569.3924644036726     
   8.5530000000012656        1571.4901063309790     
   8.5730000000012669        1565.3362819189479     
   8.5930000000012665        1566.7474903575835     
   8.6130000000012661        1571.9283868581113     
   8.6330000000012657        1583.7596072782853     
   8.6530000000012670        1588.7751021281783     
   8.6730000000012666        1590.1720260939765     
   8.6930000000012662        1597.6748664082777     
   8.7130000000012657        1590.5553691942719     
   8.7330000000012671        1592.9947253186497     
   8.7530000000012667        1592.7465530209718     
   8.7730000000012662        1596.4446641872437     
   8.7930000000012658        1596.0630979156829     
   8.8130000000012654        1597.8634212512402     
   8.8330000000012667        1597.4007607185592     
   8.8530000000012663        1611.4170703755999     
   8.8730000000012659        1617.8256955351656     
   8.8930000000012654        1615.9258587728682     
   8.9130000000012668        1615.2147079110900     
   8.9330000000012664        1613.4108104344762     
   8.9530000000012659        1618.8400546204348     
   8.9730000000012655        1618.6890720505894     
   8.9930000000012669        1616.0790990899100     
   9.0130000000012664        1612.9813034862127     
   9.0330000000012660        1615.0237048065012     
   9.0530000000012656        1611.5201229909992     
   9.0730000000012669        1608.3364924005487     
   9.0930000000012665        1606.1913116912488     
   9.1130000000012661        1607.5048333892275     
   9.1330000000012657        1604.9841823274924     
   9.1530000000012670        1602.4519278902826     
   9.1730000000012666        1596.2615421760065     
   9.1930000000012662        1595.9733473002264     
   9.2130000000012657        1594.2737938722066     
   9.2330000000012671        1600.9916942274272     
   9.2530000000012667        1602.7139385842879     
   9.2730000000012662        1604.4629198127118     
   9.2930000000012658        1599.0829868040744     
   9.3130000000012654        1601.6459854882585     
   9.3330000000012667        1600.4070864300106     
   9.3530000000012663        1603.9411882929244     
   9.3730000000012659        1602.6226606940311     
   9.3930000000012654        1602.1217843689396     
   9.4130000000012668        1597.8833159514402     
   9.4330000000012664        1613.0652851192735     
   9.4530000000012659        1613.3725057205484     
   9.4730000000012655        1613.6053865379615     
   9.4930000000012669        1615.6224089044640     
   9.5130000000012664        1610.6455661096102     
   9.5330000000012660        1606.3531607608468     
   9.5530000000012656        1603.5771307692644     
   9.5730000000012669        1603.7802883754664     
   9.5930000000012665        1599.1307805431184     
   9.6130000000012661        1600.7418240053812     
   9.6330000000012657        1607.4457611182977     
   9.6530000000012670        1614.3399911542624     
   9.6730000000012666        1616.4564579376720     
   9.6930000000012662        1623.6064482652657     
   9.7130000000012657        1635.6727172676160     
   9.7330000000012671        1637.5117918295778     
   9.7530000000012667        1639.0755215775957     
   9.7730000000012662        1644.3642288299254     
   9.7930000000012658        1645.6473848698365     
   9.8130000000012654        1650.8649460942654     
   9.8330000000012667        1659.2772942160620     
   9.8530000000012663        1659.8531717498968     
   9.8730000000012659        1660.3041223672653     
   9.8930000000012654        1665.2737893811648     
   9.9130000000012668        1666.1839624825986     
   9.9330000000012664        1672.0779592510657     
   9.9530000000012659        1682.2688026092471     
   9.9730000000012655        1683.2263402003864     
   9.9930000000012669        1684.2314545757174     
   10.013000000001266        1685.2948305399689     
   10.033000000001266        1685.9160684919577     
   10.053000000001266        1687.1589730320604     
   10.073000000001267        1682.8120504007863     
   10.093000000001267        1685.5353462807948     
   10.113000000001266        1690.7859854969988     
   10.133000000001266        1692.1376965866184     
   10.153000000001267        1693.4066508521921     
   10.173000000001267        1704.2412893008623     
   10.193000000001266        1705.0862993145342     
   10.213000000001266        1709.8498888746435     
   10.233000000001267        1711.1606674046006     
   10.253000000001267        1699.1321177017803     
   10.273000000001266        1708.2087663054058     
   10.293000000001266        1715.8509496109675     
   10.313000000001265        1719.9935110037527     
   10.333000000001267        1721.1284372489310     
   10.353000000001266        1722.1586608497164     
   10.373000000001266        1722.9518213963111     
   10.393000000001265        1733.2823617431764     
   10.413000000001267        1733.5496913505449     
   10.433000000001266        1733.4681535806048     
   10.453000000001266        1737.5203537024322     
   10.473000000001266        1741.9409806447397     
   10.493000000001267        1741.9270653242133     
   10.513000000001266        1741.8781713713579     
   10.533000000001266        1741.8536712488199     
   10.553000000001266        1741.8025724990960     
   10.573000000001267        1741.7447049316661     
   10.593000000001267        1727.6912293935627     
   10.613000000001266        1727.6641636573588     
   10.633000000001266        1727.6215457424432     
   10.653000000001267        1727.5059835245659     
   10.673000000001267        1727.2114132555778     
   10.693000000001266        1710.9940822551234     
   10.713000000001266        1709.8016116388055     
   10.733000000001267        1708.3403854332626     
   10.753000000001267        1706.6910106312814     
   10.773000000001266        1704.8212083235717     
   10.793000000001266        1712.7638604010722     
   10.813000000001265        1716.1260198550990     
   10.833000000001267        1713.3014791434971     
   10.853000000001266        1710.2137038919770     
   10.873000000001266        1712.9686571701218     
   10.893000000001265        1709.7824123446751     
   10.913000000001267        1710.1978780005693     
   10.933000000001266        1707.1297912840625     
   10.953000000001266        1691.8199560522451     
   10.973000000001266        1688.1638714086616     
   10.993000000001267        1684.1931978842126     
   11.013000000001266        1679.9404646632047     
   11.033000000001266        1675.5490354392682     
   11.053000000001266        1676.8965996409868     
   11.073000000001267        1661.8262337122333     
   11.093000000001267        1670.0506702060452     
   11.113000000001266        1664.0379253980493     
   11.133000000001266        1651.2729394008013     
   11.153000000001267        1648.3422840306432     
   11.173000000001267        1640.8872893310950     
   11.193000000001266        1643.0333868700502     
   11.213000000001266        1641.0732007696131     
   11.233000000001267        1633.0791980514630     
   11.253000000001267        1620.7865917223812     
   11.273000000001266        1613.0594324453671     
   11.293000000001266        1605.2212762661075     
   11.313000000001265        1592.3824457766550     
   11.333000000001267        1584.4408314167092     
   11.353000000001266        1576.2314449552864     
   11.373000000001266        1567.7303924115336     
   11.393000000001265        1568.2843014686962     
   11.413000000001267        1559.0293922782314     
   11.433000000001266        1549.4141586388703     
   11.453000000001266        1534.1933771837096     
   11.473000000001266        1524.2320049114783     
   11.493000000001267        1518.7461738916188     
   11.513000000001266        1513.3690844145356     
   11.533000000001266        1503.2841663539321     
   11.553000000001266        1493.1489519828046     
   11.573000000001267        1482.9380302060822     
   11.593000000001267        1476.8625580033356     
   11.613000000001266        1466.4774551535202     
   11.633000000001266        1455.8855230811814     
   11.653000000001267        1448.8225092321716     
   11.673000000001267        1438.2445091496313     
   11.693000000001266        1421.1658111598745     
   11.713000000001266        1410.8403993985276     
   11.733000000001267        1400.4188911108793     
   11.753000000001267        1392.4143995235574     
   11.773000000001266        1381.8909094678625     
   11.793000000001266        1362.8754602807360     
   11.813000000001265        1345.0390683758126     
   11.833000000001267        1333.9458414255905     
   11.853000000001266        1322.7415153407076     
   11.873000000001266        1311.9667758320229     
   11.893000000001265        1300.7905219065367     
   11.913000000001267        1293.5702572822547     
   11.933000000001266        1280.9528552368722     
   11.953000000001266        1269.0567271550451     
   11.973000000001266        1257.0147658194774     
   11.993000000001267        1244.8731330602789     
   12.013000000001266        1234.6070582184527     
   12.033000000001266        1222.6619275870260     
   12.053000000001266        1209.1692762533255     
   12.073000000001267        1193.6892312540913     
   12.093000000001267        1178.5875320786859     
   12.113000000001266        1162.3146738865364     
   12.133000000001266        1144.2038188512943     
   12.153000000001267        1131.9095369373736     
   12.173000000001267        1115.7487803589383     
   12.193000000001266        1102.9256962060026     
   12.213000000001266        1084.4252709135517     
   12.233000000001267        1068.5022864336142     
   12.253000000001267        1049.2993831393269     
   12.273000000001266        1036.5335875715614     
   12.293000000001266        1023.5760407068308     
   12.313000000001267        1005.2846949209862     
   12.333000000001267        992.35218995013111     
   12.353000000001266        979.39392756777943     
   12.373000000001266        958.40295080801729     
   12.393000000001265        945.96910935270080     
   12.413000000001267        933.58450447495079     
   12.433000000001266        925.06826608711151     
   12.453000000001266        912.78020213221225     
   12.473000000001266        899.40899057119282     
   12.493000000001267        887.20002586601765     
   12.513000000001266        875.16802924571266     
   12.533000000001266        853.93412089549020     
   12.553000000001266        842.64029754075261     
   12.573000000001267        830.64938151060153     
   12.593000000001267        819.14371966303509     
   12.613000000001266        807.64474476377791     
   12.633000000001266        796.12735279026924     
   12.653000000001267        783.93888825847603     
   12.673000000001267        772.31371293457971     
   12.693000000001266        750.44993757918849     
   12.713000000001266        729.23049056556908     
   12.733000000001267        717.96939283498921     
   12.753000000001267        706.70626471234948     
   12.773000000001266        685.70188725929302     
   12.793000000001266        665.21060203540219     
   12.813000000001267        654.79586912943603     
   12.833000000001267        644.31427811215497     
   12.853000000001266        633.76799794048020     
   12.873000000001266        623.17353506348684     
   12.893000000001265        612.57785569316275     
   12.913000000001267        601.99066701189645     
   12.933000000001266        591.38835378996976     
   12.953000000001266        582.10624904894246     
   12.973000000001266        568.53346808644017     
   12.993000000001267        557.66208408737555     
   13.013000000001266        544.12602758903540     
   13.033000000001266        533.68483819603830     
   13.053000000001266        522.44054794530939     
   13.073000000001267        511.11470625570166     
   13.093000000001267        500.53087188642240     
   13.113000000001266        489.89681861811624     
   13.133000000001266        478.42726293286466     
   13.153000000001267        468.63985494600576     
   13.173000000001267        457.18689943523867     
   13.193000000001266        439.91411889333438     
   13.213000000001266        428.96137110184191     
   13.233000000001267        418.05232195690280     
   13.253000000001267        408.17344459632159     
   13.273000000001266        397.18828574658130     
   13.293000000001266        387.72115058967358     
   13.313000000001267        376.55462922865189     
   13.333000000001267        365.30961855132739     
   13.353000000001266        354.00459592269050     
   13.373000000001266        342.70868030237273     
   13.393000000001265        331.48302950572690     
   13.413000000001267        320.34854355169801     
   13.433000000001266        310.33119069739644     
   13.453000000001266        295.21063109948233     
   13.473000000001266        284.71389357470082     
   13.493000000001267        274.36949690820836     
   13.513000000001266        264.18930500868998     
   13.533000000001266        255.34785224919386     
   13.553000000001266        245.45426164680120     
   13.573000000001267        236.66361645764542     
   13.593000000001267        227.01709674560456     
   13.613000000001266        217.52097312436896     
   13.633000000001266        208.16661426529285     
   13.653000000001267        198.95613088120277     
   13.673000000001267        189.91221242211165     
   13.693000000001266        179.18414432199330     
   13.713000000001266        170.70452899073712     
   13.733000000001267        162.36986929562565     
   13.753000000001267        150.52190669317034     
   13.773000000001266        143.42646782946082     
   13.793000000001266        135.89373547499275     
   13.813000000001267        128.46230883687198     
   13.833000000001267        121.13172850946435     
   13.853000000001266        111.89925551701268     
   13.873000000001266        105.13669518630557     
   13.893000000001265        98.503999076534242     
   13.913000000001267        91.497681247631093     
   13.933000000001266        83.402899675615359     
   13.953000000001266        75.863237544731547     
   13.973000000001266        69.602861443053328     
   13.993000000001267        64.308701079765825     
   14.013000000001266        59.286555833405593     
   14.033000000001266        54.316372859243593     
   14.053000000001266        48.980851430487427     
   14.073000000001267        44.464215859012249     
   14.093000000001267        40.153049481688122     
   14.113000000001266        36.058703361349956     
   14.133000000001266        31.575871212486163     
   14.153000000001267        28.087965510818350     
   14.173000000001267        24.787658213508411     
   14.193000000001266        21.702028829544862     
   14.213000000001266        18.830150214773180     
   14.233000000001267        16.164440091765027     
   14.253000000001267        13.695813739008871     
   14.273000000001266        11.420721939823743     
   14.293000000001266        9.3432187945210128     
   14.313000000001267        7.4728229170222340     
   14.333000000001267        5.8234214717241466     
   14.353000000001266        4.4085274944742965     
   14.373000000001266        3.1801931929930900     
   14.393000000001265        2.3068480778993097     
   14.413000000001267        1.6781326478149670     
   14.433000000001266        1.3430123166940018     
   14.453000000001266        1.2500665495992231     
   14.473000000001266        1.4178662485634284     
   14.493000000001267        1.8428341413071607     
   14.513000000001266        2.5169377107638211     
   14.533000000001266        3.4336708451610769     
   14.553000000001266        4.6004823606207701     
   14.573000000001267        5.8962675231425425     
   14.593000000001267        7.4918604676555001     
   14.613000000001266        9.3207835656480231     
   14.633000000001266        11.396665962097567     
   14.653000000001267        13.726058819614400     
   14.673000000001267        16.308827367540989     
   14.693000000001266        19.139807058902232     
   14.713000000001266        22.224258219782442     
   14.733000000001267        25.566172544098279     
   14.753000000001267        27.317098579304094     
   14.773000000001266        29.454965840271321     
   14.793000000001266        33.082841370476565     
   14.813000000001267        36.939040517962781     
   14.833000000001267        40.568698558989993     
   14.853000000001266        44.851304874527642     
   14.873000000001266        49.361889194558223     
   14.893000000001265        54.112340534894294     
   14.913000000001267        57.951074998938175     
   14.933000000001266        60.214294710254016     
   14.953000000001266        65.355126048112339     
   14.973000000001266        70.637280461012409     
   14.993000000001267        76.136661578305578     
   15.013000000001266        81.862485925561870     
   15.033000000001266        87.812833644225961     
   15.053000000001266        93.987553285372655     
   15.073000000001267        100.38859861197186     
   15.093000000001267        107.01803750699386     
   15.113000000001266        113.66862053987511     
   15.133000000001266        120.75788052870583     
   15.153000000001267        128.10166285841382     
   15.173000000001267        133.40276859966801     
   15.193000000001266        141.09565623260886     
   15.213000000001266        149.02455200981643     
   15.233000000001267        157.16349071260004     
   15.253000000001267        165.60456701050865     
   15.273000000001266        174.12814969717445     
   15.293000000001266        182.86384246074749     
   15.313000000001267        191.79161357997714     
   15.333000000001267        200.87033602209743     
   15.353000000001266        210.05570576616753     
   15.373000000001266        219.34842467635710     
   15.393000000001265        228.79100853108221     
   15.413000000001267        238.43373902952808     
   15.433000000001266        245.06845795520147     
   15.453000000001266        254.88929850432132     
   15.473000000001266        264.88608308326951     
   15.493000000001267        275.05339116976779     
   15.513000000001266        285.38573618984543     
   15.533000000001266        295.87743078660122     
   15.553000000001266        306.50809308745329     
   15.573000000001267        317.23820696937838     
   15.593000000001267        328.03038482935210     
   15.613000000001266        338.93030460998256     
   15.633000000001266        349.86827995506678     
   15.653000000001267        360.93318294336024     
   15.673000000001267        372.13325798457601     
   15.693000000001266        383.48359919566855     
   15.713000000001266        394.67576165656982     
   15.733000000001267        406.30193958998439     
   15.753000000001267        418.07462122407242     
   15.773000000001266        429.98664401525878     
   15.793000000001266        442.03052962605136     
   15.813000000001267        454.19876615543973     
   15.833000000001267        466.49936460581574     
   15.853000000001266        478.52108782273206     
   15.873000000001266        491.03478994898859     
   15.893000000001267        503.71518653612156     
   15.913000000001267        516.12841860385936     
   15.933000000001266        529.08647182296613     
   15.953000000001266        542.16021309339976     
   15.973000000001266        555.33119568918050     
   15.993000000001267        568.61011287256463     
   16.013000000001266        581.98123184911572     
   16.033000000001266        595.38897198674465     
   16.053000000001266        608.77704535563862     
   16.073000000001265        622.13187860092501     
   16.093000000001265        635.56331128079387     
   16.113000000001268        649.09552729551876     
   16.133000000001267        662.70890921513012     
   16.153000000001267        676.37035415809760     
   16.173000000001267        691.41032505647263     
   16.193000000001266        704.94448964802768     
   16.213000000001266        718.42417859023487     
   16.233000000001265        731.80864236593209     
   16.253000000001265        745.05833128799134     
   16.273000000001268        758.17537370123205     
   16.293000000001268        771.26099373873922     
   16.313000000001267        784.37480832268795     
   16.333000000001267        797.55994000117857     
   16.353000000001266        810.84846467261798     
   16.373000000001266        824.95689798791398     
   16.393000000001265        838.49985424708848     
   16.413000000001265        852.15915234482452     
   16.433000000001265        866.57770586798995     
   16.453000000001268        880.17766171678250     
   16.473000000001267        894.25953971081913     
   16.493000000001267        906.36056539522201     
   16.513000000001266        918.35057088151223     
   16.533000000001266        931.44780681306656     
   16.553000000001266        944.62510785036852     
   16.573000000001265        957.90432155817552     
   16.593000000001265        971.28747256800943     
   16.613000000001268        984.76553228221667     
   16.633000000001267        999.42486126204847     
   16.653000000001267        1012.9895288575221     
   16.673000000001267        1024.7706157018849     
   16.693000000001266        1045.2832663684692     
   16.713000000001266        1058.4892669648868     
   16.733000000001265        1072.8977001721564     
   16.753000000001265        1085.6932403297842     
   16.773000000001268        1098.3177312605155     
   16.793000000001268        1110.8141196995700     
   16.813000000001267        1128.2635255734592     
   16.833000000001267        1140.7099531296637     
   16.853000000001266        1153.1371138872721     
   16.873000000001266        1165.5306449924965     
   16.893000000001265        1177.8863823967426     
   16.913000000001265        1190.2051069216609     
   16.933000000001265        1202.4760168402570     
   16.953000000001268        1212.2207503496668     
   16.973000000001267        1224.2480231384154     
   16.993000000001267        1236.1539372965728     
   17.013000000001266        1247.9404690423876     
   17.033000000001266        1259.6164701512623     
   17.053000000001266        1268.4729742326404     
   17.073000000001265        1282.9317371019126     
   17.093000000001265        1294.0962780763509     
   17.113000000001268        1305.1228835559621     
   17.133000000001267        1315.9970059138238     
   17.153000000001267        1326.7052547647293     
   17.173000000001267        1337.2459888694609     
   17.193000000001266        1347.6356442323333     
   17.213000000001266        1361.4968848406049     
   17.233000000001265        1371.5580136598410     
   17.253000000001265        1381.4818814725875     
   17.273000000001268        1395.7788378377602     
   17.293000000001268        1405.4958629832272     
   17.313000000001267        1415.0275593146564     
   17.333000000001267        1424.3713849567750     
   17.353000000001266        1433.5166502177196     
   17.373000000001266        1449.4904206914464     
   17.393000000001265        1458.6031449881177     
   17.413000000001265        1467.5530561794401     
   17.433000000001268        1476.3251245511012     
   17.453000000001268        1484.9483573975006     
   17.473000000001267        1500.0457640452696     
   17.493000000001267        1508.8306927691817     
   17.513000000001266        1517.5489067238702     
   17.533000000001266        1526.2005427184345     
   17.553000000001266        1534.7772013772205     
   17.573000000001265        1543.2573909575613     
   17.593000000001265        1551.6128378399949     
   17.613000000001268        1565.1472401031735     
   17.633000000001267        1573.5541541345360     
   17.653000000001267        1581.7953213717503     
   17.673000000001267        1589.8741117293466     
   17.693000000001266        1604.5577321738326     
   17.713000000001266        1612.2253035214676     
   17.733000000001265        1619.7019195142352     
   17.753000000001265        1626.9893555328104     
   17.773000000001268        1634.1573074195062     
   17.793000000001268        1644.1146366129301     
   17.813000000001267        1651.5695638705440     
   17.833000000001267        1658.9328379576996     
   17.853000000001266        1666.2189110436218     
   17.873000000001266        1673.4359738087085     
   17.893000000001265        1680.5352035737931     
   17.913000000001265        1688.1964014442146     
   17.933000000001268        1694.8496748496725     
   17.953000000001268        1701.3471631007760     
   17.973000000001267        1707.6765385944136     
   17.993000000001267        1713.8213629277054     
   18.013000000001266        1719.7851197523405     
   18.033000000001266        1725.7814283822240     
   18.053000000001266        1732.0883840871356     
   18.073000000001265        1739.5200480070755     
   18.093000000001265        1745.4956401208613     
   18.113000000001268        1747.9904395525091     
   18.133000000001267        1754.7527418323136     
   18.153000000001267        1761.3187470707530     
   18.173000000001267        1767.6889805445810     
   18.193000000001266        1773.8736736907542     
   18.213000000001266        1790.3137347533363     
   18.233000000001265        1796.1347759651869     
   18.253000000001265        1801.8408989296527     
   18.273000000001268        1807.4666466021392     
   18.293000000001268        1813.0457674219494     
   18.313000000001267        1813.8454988021610     
   18.333000000001267        1819.9617290551805     
   18.353000000001266        1826.0049338826561     
   18.373000000001266        1826.5147491894395     
   18.393000000001265        1832.9700880608136     
   18.413000000001265        1839.2885945205551     
   18.433000000001268        1845.4566212008026     
   18.453000000001268        1851.4549069466784     
   18.473000000001267        1869.3485409711468     
   18.493000000001267        1874.9406342013292     
   18.513000000001266        1880.3373288840078     
   18.533000000001266        1885.5621369878165     
   18.553000000001266        1890.7030753071253     
   18.573000000001265        1888.8937820090123     
   18.593000000001265        1894.6113436825153     
   18.613000000001268        1900.2525747160089     
   18.633000000001267        1905.8376137153211     
   18.653000000001267        1911.4090636778590     
   18.673000000001267        1917.0174476100749     
   18.693000000001266        1922.7108876088653     
   18.713000000001266        1928.5137078723094     
   18.733000000001265        1934.4369821393802     
   18.753000000001265        1930.7784518046478     
   18.773000000001268        1936.7556447295976     
   18.793000000001268        1934.1417229627118     
   18.813000000001267        1941.0372415922957     
   18.833000000001267        1937.4411997965972     
   18.853000000001266        1958.2675677497932     
   18.873000000001266        1972.1133086264272     
   18.893000000001265        1978.5771759925371     
   18.913000000001265        1984.9379872231095     
   18.933000000001268        1991.1495304517794     
   18.953000000001268        1997.1324955606995     
   18.973000000001267        2011.0758281658491     
   18.993000000001267        2016.2897628059397     
   19.013000000001266        2021.1178460690830     
   19.033000000001266        2017.8384333579204     
   19.053000000001266        2015.2243118791346     
   19.073000000001265        2020.9057545277967     
   19.093000000001265        2026.4702025702541     
   19.113000000001268        2031.9238223561019     
   19.133000000001267        2037.2692420236081     
   19.153000000001267        2052.7319071305114     
   19.173000000001267        2051.7478327434796     
   19.193000000001266        2051.3881562113393     
   19.213000000001266        2058.2473587389318     
   19.233000000001265        2065.1312212408407     
   19.253000000001265        2072.0265652836174     
   19.273000000001268        2078.9195072333978     
   19.293000000001268        2085.7903983131741     
   19.313000000001267        2092.6497984243174     
   19.333000000001267        2099.5067468382776     
   19.353000000001266        2106.3217225153439     
   19.373000000001266        2113.0576434414215     
   19.393000000001265        2119.6641694924615     
   19.413000000001265        2126.0861441873835     
   19.433000000001268        2149.1311254270540     
   19.453000000001268        2155.0878062635020     
   19.473000000001267        2160.7152498369423     
   19.493000000001267        2166.0544272631091     
   19.513000000001266        2171.2149242829346     
   19.533000000001266        2190.3828294265149     
   19.553000000001266        2195.1484230423425     
   19.573000000001265        2199.7220911855243     
   19.593000000001265        2204.0890114691438     
   19.613000000001268        2208.2527603902299     
   19.633000000001267        2227.4086990743922     
   19.653000000001267        2246.7770134115781     
   19.673000000001267        2250.2876249135693     
   19.693000000001266        2253.6398805727663     
   19.713000000001266        2256.8187828185405     
   19.733000000001265        2259.8054154444853     
   19.753000000001265        2262.6639818122294     
   19.773000000001268        2269.2313102532348     
   19.793000000001268        2272.6519216074867     
   19.813000000001267        2276.0343684758191     
   19.833000000001267        2279.3581907567695     
   19.853000000001266        2300.5380237729837     
   19.873000000001266        2303.8088375402258     
   19.893000000001265        2324.6469152638847     
   19.913000000001265        2327.7174747221411     
   19.933000000001268        2330.7044028465771     
   19.953000000001268        2333.5933459996158     
   19.973000000001267        2336.3709118353008     
   19.993000000001267        2339.0280937263510     
   20.013000000001266        2341.5734934353304     
   20.033000000001266        2344.0252530317898     
   20.053000000001266        2346.3980611000447     
   20.073000000001265        2348.7055593822452     
   20.093000000001265        2350.9525674037291     
   20.113000000001268        2353.1391785985693     
   20.133000000001267        2374.3560433325588     
   20.153000000001267        2353.5127010197630     
   20.173000000001267        2364.7841606025795     
   20.193000000001266        2366.8009541837018     
   20.213000000001266        2368.7323052625825     
   20.233000000001265        2370.5745396306511     
   20.253000000001265        2372.3193539124413     
   20.273000000001268        2373.9693106105551     
   20.293000000001268        2375.5080018523145     
   20.313000000001267        2393.9757854716254     
   20.333000000001267        2395.3274803828526     
   20.353000000001266        2417.0349929297345     
   20.373000000001266        2417.8439709567524     
   20.393000000001265        2418.4444651029116     
   20.413000000001265        2435.9302450878372     
   20.433000000001268        2436.4615005404730     
   20.453000000001268        2436.8720877721385     
   20.473000000001267        2437.1530263373616     
   20.493000000001267        2437.2972916728049     
   20.513000000001266        2410.1106965481740     
   20.533000000001266        2446.2201134709080     
   20.553000000001266        2463.4094610016882     
   20.573000000001265        2463.7442867604777     
   20.593000000001265        2464.0789158585440     
   20.613000000001268        2464.3962882657843     
   20.633000000001267        2480.8010732977687     
   20.653000000001267        2481.4170743012769     
   20.673000000001267        2481.9280619487331     
   20.693000000001266        2482.2859337932500     
   20.713000000001266        2482.4489690665955     
   20.733000000001265        2482.4016516587280     
   20.753000000001265        2482.1363800164577     
   20.773000000001268        2522.9282037888984     
   20.793000000001268        2522.5366553480530     
   20.813000000001267        2521.8772323445642     
   20.833000000001267        2520.9532527797837     
   20.853000000001266        2519.7802753418623     
   20.873000000001266        2518.3964752876227     
   20.893000000001265        2536.1296311905421     
   20.913000000001265        2534.7610552404744     
   20.933000000001268        2553.5204323397434     
   20.953000000001268        2552.2535651898793     
   20.973000000001267        2550.8832980579791     
   20.993000000001267        2549.4146586387928     
   21.013000000001266        2547.8654165515309     
   21.033000000001266        2546.2536501007421     
   21.053000000001266        2544.5954048741587     
   21.073000000001265        2542.8799971011968     
   21.093000000001265        2541.0646853384815     
   21.113000000001268        2539.1298294586923     
   21.133000000001267        2537.1488598760252     
   21.153000000001267        2535.1683984921174     
   21.173000000001267        2497.1046066744657     
   21.193000000001266        2506.3965020409096     
   21.213000000001266        2504.0562937225659     
   21.233000000001265        2501.6386089138177     
   21.253000000001265        2499.1566751988862     
   21.273000000001268        2496.6042459677028     
   21.293000000001268        2493.9564371048805     
   21.313000000001267        2491.1818236836166     
   21.333000000001267        2488.2673169514583     
   21.353000000001266        2485.2220574711828     
   21.373000000001266        2445.0434365234137     
   21.393000000001265        2441.2746950799328     
   21.413000000001265        2437.3882295162098     
   21.433000000001268        2433.3731191693637     
   21.453000000001268        2429.2402839162464     
   21.473000000001267        2424.9882357244660     
   21.493000000001267        2420.6109248027756     
   21.513000000001266        2416.1029926196061     
   21.533000000001266        2411.4596541631959     
   21.553000000001266        2406.6812756060863     
   21.573000000001265        2425.4442386229148     
   21.593000000001265        2420.4312457740975     
   21.613000000001268        2415.3322736720693     
   21.633000000001267        2434.2662529024165     
   21.653000000001267        2429.0566282167365     
   21.673000000001267        2423.8265537960538     
   21.693000000001266        2418.5795308523807     
   21.713000000001266        2413.3181662944380     
   21.733000000001265        2432.3668395021618     
   21.753000000001265        2427.0311107432231     
   21.773000000001268        2421.6920759235263     
   21.793000000001268        2416.3548279261213     
   21.813000000001267        2411.0246467575134     
   21.833000000001267        2405.7182995722683     
   21.853000000001266        2400.4462131598043     
   21.873000000001266        2395.2104009376749     
   21.893000000001265        2351.9361247784909     
   21.913000000001265        2346.2261983055714     
   21.933000000001268        2340.5250661076884     
   21.953000000001268        2334.8270913397560     
   21.973000000001267        2329.1300101417473     
   21.993000000001267        2323.4283761142024     
   22.013000000001266        2317.7120562354621     
   22.033000000001266        2311.9709169841640     
   22.053000000001266        2306.1949453971911     
   22.073000000001265        2300.3739309503726     
   22.093000000001265        2294.4973184052460     
   22.113000000001268        2333.2944250967553     
   22.133000000001267        2288.7755635495241     
   22.153000000001267        2281.6582032384231     
   22.173000000001267        2295.2469048929302     
   22.193000000001266        2311.7706584116700     
   22.213000000001266        2303.7673128795932     
   22.233000000001265        2295.6374574564875     
   22.253000000001265        2249.3423886387172     
   22.273000000001268        2240.4655111291431     
   22.293000000001268        2231.5430021105344     
   22.313000000001267        2222.5796441284115     
   22.333000000001267        2213.5761063872387     
   22.353000000001266        2204.5464334159283     
