   1.5000000003055902E-002   2114.9458042423962     
   3.5000000003055906E-002   2117.0377426035984     
   5.5000000003055903E-002   2118.5231716626076     
   7.5000000003055900E-002   2121.0726164974312     
   9.5000000003055904E-002   2124.2959916163572     
  0.11500000000305591        2123.9558459118202     
  0.13500000000305590        2125.4907283355428     
  0.15500000000305592        2125.3402129629303     
  0.17500000000305591        2128.8044964378955     
  0.19500000000305590        2132.3307357184603     
  0.21500000000305591        2131.9236428776694     
  0.23500000000305590        2135.3621425817278     
  0.25500000000305589        2136.9195428820813     
  0.27500000000305591        2138.3171524338359     
  0.29500000000305593        2141.0530396094114     
  0.31500000000305589        2144.2034130357993     
  0.33500000000305591        2147.0184842106983     
  0.35500000000305593        2142.4124089969578     
  0.37500000000305589        2147.1437160618748     
  0.39500000000305591        2150.1704342984740     
  0.41500000000305592        2154.8793143953249     
  0.43500000000305589        2155.8547621297676     
  0.45500000000305590        2164.5394703135903     
  0.47500000000305592        2153.7436163247357     
  0.49500000000305588        2154.1518235848771     
  0.51500000000305590        2162.8422484636922     
  0.53500000000305592        2161.8722098420230     
  0.55500000000305594        2161.1571024832606     
  0.57500000000305596        2164.2377273468660     
  0.59500000000305586        2168.1926128071336     
  0.61500000000305588        2172.3223003102671     
  0.63500000000305590        2177.0642362539957     
  0.65500000000305592        2173.9671757872879     
  0.67500000000305593        2175.1282468278164     
  0.69500000000305595        2182.7020714871019     
  0.71500000000305597        2177.5738073872535     
  0.73500000000305588        2186.5615061952453     
  0.75500000000305589        2177.9708974083346     
  0.77500000000305591        2191.2986045162393     
  0.79500000000305593        2186.6482216023769     
  0.81500000000305595        2176.8302913159291     
  0.83500000000305596        2192.9699519837491     
  0.85500000000305587        2198.6201835233869     
  0.87500000000305589        2195.3525841096089     
  0.89500000000305591        2196.6199842899082     
  0.91500000000305592        2200.1953680929373     
  0.93500000000305594        2199.6104489346221     
  0.95500000000305596        2197.7272380211584     
  0.97500000000305587        2214.0152874147548     
  0.99500000000305588        2210.0718896525159     
   1.0150000000030559        2210.4420221685791     
   1.0350000000030559        2219.3365643293214     
   1.0550000000030559        2234.0508730548249     
   1.0750000000030560        2218.5943709131611     
   1.0950000000030560        2209.3935058647817     
   1.1150000000030560        2214.7179117773071     
   1.1350000000030560        2218.5197838511158     
   1.1550000000030560        2228.5266818726541     
   1.1750000000030558        2234.8250525094040     
   1.1950000000030558        2219.7140378546951     
   1.2150000000030559        2224.0342959751565     
   1.2350000000030559        2246.2056995908206     
   1.2550000000030559        2231.0965327514650     
   1.2750000000030559        2225.2316259812187     
   1.2950000000030559        2226.1455248697598     
   1.3150000000030559        2234.2327147351293     
   1.3350000000030560        2236.0049266089331     
   1.3550000000030560        2230.2001830234813     
   1.3750000000030560        2250.3625951228905     
   1.3950000000030560        2252.0645313180621     
   1.4150000000030560        2242.0571195623015     
   1.4350000000030558        2232.2456605277939     
   1.4550000000030558        2262.6667130840156     
   1.4750000000030559        2292.5578406314362     
   1.4950000000030559        2301.3369446696333     
   1.5150000000030559        2282.8649514458793     
   1.5350000000030559        2264.1516550728111     
   1.5550000000030559        2278.1330401113009     
   1.5750000000030560        2285.1126323118897     
   1.5950000000030560        2267.2729432041456     
   1.6150000000030560        2279.2940522902209     
   1.6350000000030560        2249.9661666651582     
   1.6550000000030560        2270.0198934169171     
   1.6750000000030560        2276.1003330901235     
   1.6950000000030558        2282.5163360474726     
   1.7150000000030559        2290.4024372383424     
   1.7350000000030559        2285.4728564342549     
   1.7550000000030559        2275.9962783350888     
   1.7750000000030559        2262.5944939119399     
   1.7950000000030559        2257.0445088677429     
   1.8150000000030559        2281.7655282358023     
   1.8350000000030560        2293.3285910287009     
   1.8550000000030560        2301.5351777245492     
   1.8750000000030560        2300.9493340396789     
   1.8950000000030560        2304.7307450339486     
   1.9150000000030560        2309.2791279839876     
   1.9350000000030558        2310.3072358643335     
   1.9550000000030558        2338.7304350679019     
   1.9750000000030559        2326.0088307342494     
   1.9950000000030559        2351.5634765238678     
   2.0150000000030559        2366.7432980738354     
   2.0350000000030559        2320.3323714007988     
   2.0550000000030559        2334.4159627889931     
   2.0750000000030560        2322.7883395685158     
   2.0950000000030560        2328.7879368978547     
   2.1150000000030560        2328.1847007663309     
   2.1350000000030560        2320.9878656805804     
   2.1550000000030560        2335.0788755393469     
   2.1750000000030560        2344.1086017705848     
   2.1950000000030561        2365.1978759204426     
   2.2150000000030561        2361.2902414786063     
   2.2350000000030561        2353.5043727553657     
   2.2550000000030561        2345.7344331701415     
   2.2750000000030561        2342.4083167310623     
   2.2950000000030562        2333.2727843086936     
   2.3150000000030562        2331.5240504458357     
   2.3350000000030557        2345.5663660196724     
   2.3550000000030558        2347.1398288139967     
   2.3750000000030558        2317.0903395474702     
   2.3950000000030558        2315.9570803154543     
   2.4150000000030558        2338.4769984598702     
   2.4350000000030558        2353.6576542272805     
   2.4550000000030558        2352.7492508037208     
   2.4750000000030559        2348.4610979183412     
   2.4950000000030559        2344.9073897420517     
   2.5150000000030559        2359.5151050255113     
   2.5350000000030559        2332.7788678396646     
   2.5550000000030559        2338.0422368209383     
   2.5750000000030560        2360.8418068297219     
   2.5950000000030560        2376.1824415902524     
   2.6150000000030560        2406.2821552673599     
   2.6350000000030560        2424.6636064514728     
   2.6550000000030560        2434.2230664775366     
   2.6750000000030560        2441.3452467667880     
   2.6950000000030561        2456.5360484170847     
   2.7150000000030561        2463.7748644960784     
   2.7350000000030561        2495.2378216796433     
   2.7550000000030561        2489.1095461231057     
   2.7750000000030561        2492.3602955986998     
   2.7950000000030562        2469.6594459680464     
   2.8150000000030562        2487.7902279138793     
   2.8350000000030557        2464.6654157103590     
   2.8550000000030558        2416.8313364635624     
   2.8750000000030558        2441.1944809674642     
   2.8950000000030558        2462.4949868880972     
   2.9150000000030558        2455.9583895576811     
   2.9350000000030558        2476.8374217263117     
   2.9550000000030558        2480.3051832330480     
   2.9750000000030559        2483.1513737357700     
   2.9950000000030559        2491.5299349751449     
   3.0150000000030559        2463.1987878996092     
   3.0350000000030559        2454.5183959178012     
   3.0550000000030559        2458.4313577131306     
   3.0750000000030560        2459.9270390208212     
   3.0950000000030560        2452.8881872242591     
   3.1150000000030560        2462.9357292816976     
   3.1350000000030560        2472.3911166149937     
   3.1550000000030560        2478.7714998244073     
   3.1750000000030560        2479.4238676344780     
   3.1950000000030561        2428.1077954757202     
   3.2150000000030561        2447.7410210905746     
   3.2350000000030561        2436.9383294441150     
   3.2550000000030561        2411.8073759660906     
   3.2750000000030561        2422.3033043321784     
   3.2950000000030562        2435.3198634590626     
   3.3150000000030562        2438.9277520938067     
   3.3350000000030562        2452.8578159006461     
   3.3550000000030558        2473.1216060201891     
   3.3750000000030558        2471.1310882716948     
   3.3950000000030558        2479.0316778569254     
   3.4150000000030558        2507.6310969941896     
   3.4350000000030558        2502.7714389396078     
   3.4550000000030558        2485.9517510633136     
   3.4750000000030559        2491.5765171148564     
   3.4950000000030559        2500.3664385203883     
   3.5150000000030559        2511.7152093190543     
   3.5350000000030559        2476.8818212848059     
   3.5550000000030559        2445.6093777402893     
   3.5750000000030560        2414.9176070196759     
   3.5950000000030560        2412.5168314977705     
   3.6150000000030560        2412.1012879013201     
   3.6350000000030560        2408.4891946027719     
   3.6550000000030560        2401.4453953128614     
   3.6750000000030560        2395.9591918341389     
   3.6950000000030561        2389.4278065203780     
   3.7150000000030561        2350.1561109259196     
   3.7350000000030561        2321.8041357339589     
   3.7550000000030561        2306.4587435332173     
   3.7750000000030561        2289.6231566773299     
   3.7950000000030562        2251.3718096400935     
   3.8150000000030562        2247.0150736762221     
   3.8350000000030562        2252.5653767154431     
   3.8550000000030558        2255.1160554896760     
   3.8750000000030558        2254.1954318022417     
   3.8950000000030558        2268.1363196019170     
   3.9150000000030558        2271.3543715927399     
   3.9350000000030558        2275.7342764853488     
   3.9550000000030558        2283.1183448838724     
   3.9750000000030559        2291.1280740332909     
   3.9950000000030559        2306.9698280582793     
   4.0150000000030559        2320.4861471905483     
   4.0350000000030564        2338.4231512347169     
   4.0550000000030559        2342.0680764537460     
   4.0750000000030564        2340.5208000547773     
   4.0950000000030560        2367.9363965353255     
   4.1150000000030555        2385.7946324765853     
   4.1350000000030560        2410.8784656735761     
   4.1550000000030556        2423.9390548616238     
   4.1750000000030560        2439.3070489982965     
   4.1950000000030556        2448.9816034731789     
   4.2150000000030561        2468.5131205566572     
   4.2350000000030557        2471.7231219728637     
   4.2550000000030561        2464.3909271957959     
   4.2750000000030557        2479.6354938891968     
   4.2950000000030562        2505.8213427068104     
   4.3150000000030557        2516.5160240031760     
   4.3350000000030562        2558.2035398935077     
   4.3550000000030558        2572.2925287599760     
   4.3750000000030562        2595.7847644811300     
   4.3950000000030558        2634.0276327426718     
   4.4150000000030563        2641.8256308408731     
   4.4350000000030558        2647.1296965787255     
   4.4550000000030563        2640.6838840601304     
   4.4750000000030559        2621.9292809362059     
   4.4950000000030563        2637.9638564669804     
   4.5150000000030559        2632.7798732600363     
   4.5350000000030564        2622.2473524233719     
   4.5550000000030559        2603.6531008164766     
   4.5750000000030564        2579.0681873123244     
   4.5950000000030560        2540.0314392465280     
   4.6150000000030564        2549.0031437203852     
   4.6350000000030560        2549.9533199466000     
   4.6550000000030556        2558.5089148763936     
   4.6750000000030560        2574.3670766277796     
   4.6950000000030556        2583.7786011004246     
   4.7150000000030561        2574.4066047026954     
   4.7350000000030557        2535.9050398905115     
   4.7550000000030561        2495.0025361174612     
   4.7750000000030557        2519.6163853856601     
   4.7950000000030562        2537.9478760630914     
   4.8150000000030557        2550.9825538672640     
   4.8350000000030562        2562.6321081390406     
   4.8550000000030558        2566.4222501514796     
   4.8750000000030562        2574.3551538528086     
   4.8950000000030558        2583.4261011135873     
   4.9150000000030563        2580.1525270336597     
   4.9350000000030558        2589.0372720750934     
   4.9550000000030563        2581.6876626128637     
   4.9750000000030559        2594.4405491749512     
   4.9950000000030563        2608.7907512896395     
   5.0150000000030559        2611.6539935532865     
   5.0350000000030564        2642.1285524174004     
   5.0550000000030559        2632.5619685495594     
   5.0750000000030564        2638.0018876059635     
   5.0950000000030560        2650.1948473297152     
   5.1150000000030564        2667.7849100148223     
   5.1350000000030560        2685.2163032870785     
   5.1550000000030556        2696.7118944715371     
   5.1750000000030560        2704.2096379872578     
   5.1950000000030556        2718.0122079237158     
   5.2150000000030561        2733.3190435716947     
   5.2350000000030557        2755.6522318728098     
   5.2550000000030561        2751.2151321927104     
   5.2750000000030557        2770.7573279042654     
   5.2950000000030562        2779.3343775415806     
   5.3150000000030557        2779.6539294619170     
   5.3350000000030562        2797.8054301297166     
   5.3550000000030558        2789.0428021065504     
   5.3750000000030562        2815.7053968014488     
   5.3950000000030558        2822.2101691084572     
   5.4150000000030563        2833.8699674691329     
   5.4350000000030558        2845.0822992965345     
   5.4550000000030563        2875.9632624005440     
   5.4750000000030559        2889.5244049557123     
   5.4950000000030563        2886.4240150450719     
   5.5150000000030559        2905.3013031849569     
   5.5350000000030564        2912.7807190527665     
   5.5550000000030559        2922.0632809250260     
   5.5750000000030564        2894.9539496381167     
   5.5950000000030560        2865.8649594014773     
   5.6150000000030564        2894.2445003802732     
   5.6350000000030560        2914.3097709408667     
   5.6550000000030556        2913.9105881559276     
   5.6750000000030560        2899.3192030702894     
   5.6950000000030556        2864.5542256807971     
   5.7150000000030561        2853.9470791938288     
   5.7350000000030557        2859.2510512095769     
   5.7550000000030561        2875.2720266821552     
   5.7750000000030557        2906.1852097167261     
   5.7950000000030562        2906.8106512424783     
   5.8150000000030557        2906.2100924242377     
   5.8350000000030562        2927.9335275185927     
   5.8550000000030558        2966.7887513302371     
   5.8750000000030562        2961.9966843645489     
   5.8950000000030558        2960.3214385585993     
   5.9150000000030563        2957.4118864611387     
   5.9350000000030558        2968.9600317353238     
   5.9550000000030563        2977.8885029837293     
   5.9750000000030559        2985.1379500450889     
   5.9950000000030563        2981.2597779885996     
   6.0150000000030559        2947.9573649729305     
   6.0350000000030564        2933.8547234013354     
   6.0550000000030559        2926.3531558765312     
   6.0750000000030564        2931.8324410959290     
   6.0950000000030560        2929.2803141474792     
   6.1150000000030564        2916.2658518011458     
   6.1350000000030560        2912.8175896683883     
   6.1550000000030565        2909.2276018574821     
   6.1750000000030560        2904.8743514479984     
   6.1950000000030556        2901.0744719859122     
   6.2150000000030561        2897.6549928635231     
   6.2350000000030557        2892.5760290188623     
   6.2550000000030561        2886.9032146139275     
   6.2750000000030557        2889.0230213381910     
   6.2950000000030562        2874.2948919676974     
   6.3150000000030557        2839.5774987266614     
   6.3350000000030562        2829.4815670196726     
   6.3550000000030558        2841.4450753795268     
   6.3750000000030562        2807.3417112938450     
   6.3950000000030558        2773.6008213241926     
   6.4150000000030563        2771.5173358000111     
   6.4350000000030558        2767.1318722326241     
   6.4550000000030563        2761.5395136965699     
   6.4750000000030559        2750.1466789449628     
   6.4950000000030563        2717.2451748503863     
   6.5150000000030559        2709.4899634023618     
   6.5350000000030564        2701.3252438873014     
   6.5550000000030559        2691.0181038688470     
   6.5750000000030564        2678.7477971101607     
   6.5950000000030560        2664.6444915784209     
   6.6150000000030564        2644.8373758801858     
   6.6350000000030560        2617.8571111479228     
   6.6550000000030565        2600.8947090371748     
   6.6750000000030560        2603.5878532986853     
   6.6950000000030556        2587.0593987784300     
   6.7150000000030561        2579.6925314266427     
   6.7350000000030557        2534.2444403547534     
   6.7550000000030561        2489.4979709646373     
   6.7750000000030557        2463.2038077709290     
   6.7950000000030562        2445.6511342138360     
   6.8150000000030557        2435.2903277804953     
   6.8350000000030562        2423.1665384068992     
   6.8550000000030558        2403.2744014764057     
   6.8750000000030562        2349.2013393558173     
   6.8950000000030558        2254.7229644663053     
   6.9150000000030563        2233.6962707622420     
   6.9350000000030558        2197.7438857601001     
   6.9550000000030563        2182.5164700594082     
   6.9750000000030559        2164.1705649196324     
   6.9950000000030563        2139.3556648390331     
   7.0150000000030559        2088.7535937364651     
   7.0350000000030564        2070.0014895082209     
   7.0550000000030559        2015.3023458397513     
   7.0750000000030564        1910.8352920035120     
   7.0950000000030560        1797.1586879952820     
   7.1150000000030564        1724.8127086255110     
   7.1350000000030560        1653.7523053131179     
   7.1550000000030565        1629.0180235642524     
   7.1750000000030560        1609.3046972603372     
   7.1950000000030556        1538.9242549706319     
   7.2150000000030561        1515.1820780528396     
   7.2350000000030557        1490.1295284241892     
   7.2550000000030561        1455.6359140433540     
   7.2750000000030557        1428.1339425464553     
   7.2950000000030562        1357.6534986280287     
   7.3150000000030557        1324.5573336115051     
   7.3350000000030562        1292.7205133155169     
   7.3550000000030558        1259.7144291929817     
   7.3750000000030562        1226.3317825846855     
   7.3950000000030558        1193.0344027696049     
   7.4150000000030563        1157.3007496607358     
   7.4350000000030558        1030.6354733138237     
   7.4550000000030563        939.24117361556114     
   7.4750000000030559        906.89110221639260     
   7.4950000000030563        872.56450949196756     
   7.5150000000030559        808.88589193279950     
   7.5350000000030564        775.58440968274795     
   7.5550000000030559        690.62997989529515     
   7.5750000000030564        659.24034876609244     
   7.5950000000030560        531.30236651736914     
   7.6150000000030564        454.45894179693175     
   7.6350000000030560        428.84050464891362     
   7.6550000000030565        403.65223433451388     
   7.6750000000030560        379.11811727175370     
   7.6950000000030556        355.21900859748149     
   7.7150000000030561        332.48735290083164     
   7.7350000000030557        310.94395852890602     
   7.7550000000030561        273.18774161608837     
   7.7750000000030557        237.54079278201561     
   7.7950000000030562        210.31576085295941     
   7.8150000000030557        191.10047657906443     
   7.8350000000030562        171.25061508857465     
   7.8550000000030558        154.40306237790585     
   7.8750000000030562        138.14248213404915     
   7.8950000000030558        121.21982239115341     
   7.9150000000030563        106.72799544594484     
   7.9350000000030558        93.470465552105253     
   7.9550000000030563        78.845531720036391     
   7.9750000000030559        66.529656670128489     
   7.9950000000030563        55.516729012507327     
   8.0150000000030559        46.307847303761648     
   8.0350000000030555        38.170550967146298     
   8.0550000000030568        30.382629989114665     
   8.0750000000030564        24.082827478419158     
   8.0950000000030560        18.354368725695032     
   8.1150000000030555        13.762376909799944     
   8.1350000000030569        9.9910938057431622     
   8.1550000000030565        6.9115589763286840     
   8.1750000000030560        4.6195390155972067     
   8.1950000000030556        3.0412320744636903     
   8.2150000000030552        2.0326414600276181     
   8.2350000000030565        1.6323936919201234     
   8.2550000000030561        1.8191173616373260     
   8.2750000000030557        2.6096321960370870     
   8.2950000000030553        4.0494972829135598     
   8.3150000000030566        6.1116304382054496     
   8.3350000000030562        8.8233960935579141     
   8.3550000000030558        12.160239727771010     
   8.3750000000030553        16.069499479347094     
   8.3950000000030567        20.620137139414719     
   8.4150000000030563        25.697805607153256     
   8.4350000000030558        31.093763319843809     
   8.4550000000030554        36.828882934949291     
   8.4750000000030568        43.116583337953202     
   8.4950000000030563        49.973754284066288     
   8.5150000000030559        57.425337610691045     
   8.5350000000030555        65.515377154339788     
   8.5550000000030568        73.818110646696354     
   8.5750000000030564        82.652268164773488     
   8.5950000000030560        91.227661593771160     
   8.6150000000030555        100.58452022243313     
   8.6350000000030569        110.51013589847901     
   8.6550000000030565        121.90695933020571     
   8.6750000000030560        131.91656783178132     
   8.6950000000030556        142.15888259873427     
   8.7150000000030570        153.08248551276515     
   8.7350000000030565        166.06820606510180     
   8.7550000000030561        179.35881750372397     
   8.7750000000030557        194.44788839657815     
   8.7950000000030553        208.52518609678606     
   8.8150000000030566        221.71770442839252     
   8.8350000000030562        235.31472907735713     
   8.8550000000030558        249.39851021470258     
   8.8750000000030553        263.99863037989019     
   8.8950000000030567        281.00727672386665     
   8.9150000000030563        300.17494034827604     
   8.9350000000030558        318.27339958973795     
   8.9550000000030554        338.28099148685322     
   8.9750000000030568        357.49358784695630     
   8.9950000000030563        377.15305635311302     
   9.0150000000030559        397.20347787087076     
   9.0350000000030555        418.88070895448772     
   9.0550000000030568        442.89930959544159     
   9.0750000000030564        464.84904189668072     
   9.0950000000030560        492.21820931760868     
   9.1150000000030555        517.19938785388956     
   9.1350000000030569        542.97265493286102     
   9.1550000000030565        568.48175764229131     
   9.1750000000030560        593.59215058333530     
   9.1950000000030556        619.16809052591452     
   9.2150000000030570        645.78438985662137     
   9.2350000000030565        672.74024180517119     
   9.2550000000030561        699.41412725213081     
   9.2750000000030557        726.20027966967825     
   9.2950000000030553        753.49396178626603     
   9.3150000000030566        787.27577329499468     
   9.3350000000030562        815.76673654191870     
   9.3550000000030558        844.25471165070417     
   9.3750000000030553        873.28969500768164     
   9.3950000000030567        902.95162756073262     
   9.4150000000030563        938.71152409020613     
   9.4350000000030558        968.02972134769584     
   9.4550000000030554        996.95062035137175     
   9.4750000000030568        1026.4118800906931     
   9.4950000000030563        1056.1215486255508     
   9.5150000000030559        1086.1691610248859     
   9.5350000000030555        1132.3368166495484     
   9.5550000000030568        1165.8624051213776     
   9.5750000000030564        1199.6405886062498     
   9.5950000000030560        1241.4976091682365     
   9.6150000000030555        1267.9799972012952     
   9.6350000000030569        1302.9133237105018     
   9.6550000000030565        1337.4149784917738     
   9.6750000000030560        1371.2716146198720     
   9.6950000000030556        1413.5186894463216     
   9.7150000000030570        1456.7949505093925     
   9.7350000000030565        1490.9367737107220     
   9.7550000000030561        1526.0529373772181     
   9.7750000000030557        1562.2373946387818     
   9.7950000000030553        1598.9681930011741     
   9.8150000000030566        1635.2936043414581     
   9.8350000000030562        1670.8510717717259     
   9.8550000000030558        1705.7924958184649     
   9.8750000000030553        1740.2925281365312     
   9.8950000000030567        1774.3698689094972     
   9.9150000000030563        1807.9220681089203     
   9.9350000000030558        1839.1359503748745     
   9.9550000000030554        1873.6514042143797     
   9.9750000000030568        1907.3645399265645     
   9.9950000000030563        1965.3191128005485     
   10.015000000003056        2000.7989182641656     
   10.035000000003055        2052.4926449571249     
   10.055000000003057        2118.6386756475440     
   10.075000000003056        2155.7210034446416     
   10.095000000003056        2188.1441142737476     
   10.115000000003056        2207.9410102132733     
   10.135000000003057        2247.6482563468280     
   10.155000000003056        2266.8096461024579     
   10.175000000003056        2307.2262301212459     
   10.195000000003056        2347.5470331325705     
   10.215000000003057        2387.2171409804014     
   10.235000000003057        2442.0275007685159     
   10.255000000003056        2497.0082055818120     
   10.275000000003056        2537.4008622434931     
   10.295000000003055        2577.3864455375578     
   10.315000000003057        2614.5489987802857     
   10.335000000003056        2650.6186229698110     
   10.355000000003056        2686.3769717318687     
   10.375000000003055        2722.1932239255652     
   10.395000000003057        2758.1256693032610     
   10.415000000003056        2793.2555427102784     
   10.435000000003056        2843.1492300216019     
   10.455000000003055        2876.5114188946773     
   10.475000000003057        2924.8063794873237     
   10.495000000003056        2957.5829548988254     
   10.515000000003056        2950.3060047373519     
   10.535000000003055        2984.1179652258324     
   10.555000000003057        3016.3784598900788     
   10.575000000003056        2999.6557944139595     
   10.595000000003056        3004.9202785472207     
   10.615000000003056        3035.8091938143280     
   10.635000000003057        3063.7078105972846     
   10.655000000003056        3091.3635708231086     
   10.675000000003056        3119.1403235635321     
   10.695000000003056        3147.3072046099828     
   10.715000000003057        3187.5501142003995     
   10.735000000003057        3227.6497797696074     
   10.755000000003056        3254.7430255920553     
   10.775000000003056        3251.9454482460028     
   10.795000000003055        3281.2901579041400     
   10.815000000003057        3308.3278649784461     
   10.835000000003056        3333.0853710057063     
   10.855000000003056        3357.9320080097382     
   10.875000000003055        3382.7340227337950     
   10.895000000003057        3407.2354531443289     
   10.915000000003056        3430.5079510521614     
   10.935000000003056        3448.7076921420585     
   10.955000000003055        3491.2992135663635     
   10.975000000003057        3521.9760276998513     
   10.995000000003056        3541.5142596287810     
   11.015000000003056        3561.3621042662594     
   11.035000000003055        3580.9535605701399     
   11.055000000003057        3600.1523235632262     
   11.075000000003056        3615.2546467420293     
   11.095000000003056        3652.4096937128006     
   11.115000000003056        3664.5904004063659     
   11.135000000003057        3603.1323066121649     
   11.155000000003056        3617.5865519141885     
   11.175000000003056        3544.5847010823959     
   11.195000000003056        3554.5085353177742     
   11.215000000003057        3564.4027698661957     
   11.235000000003057        3599.9480300305540     
   11.255000000003056        3607.0124192754183     
   11.275000000003056        3614.9094629360125     
   11.295000000003055        3629.9464575857933     
   11.315000000003057        3567.2553549521303     
   11.335000000003056        3578.6334295318957     
   11.355000000003056        3590.3933759547622     
   11.375000000003055        3472.6238169699400     
   11.395000000003057        3487.9508910808913     
