   1.7999999981839210E-002   330.64680028225933     
   3.7999999981839214E-002   330.80432261000550     
   5.7999999981839211E-002   330.91729227255746     
   7.7999999981839208E-002   331.05371502260169     
   9.7999999981839211E-002   331.11641040719149     
  0.11799999998183922        331.46214875237308     
  0.13799999998183921        331.57753100386401     
  0.15799999998183922        331.66320846244071     
  0.17799999998183921        331.72623181297183     
  0.19799999998183920        331.99071296372375     
  0.21799999998183922        332.12393360639231     
  0.23799999998183921        331.98930193782252     
  0.25799999998183920        332.49892959670916     
  0.27799999998183922        332.59160718264110     
  0.29799999998183924        332.75069703507779     
  0.31799999998183920        332.63275813493112     
  0.33799999998183922        332.70597947339695     
  0.35799999998183923        332.80532947303584     
  0.37799999998183920        333.55435920544591     
  0.39799999998183921        333.64097960775052     
  0.41799999998183923        333.57762680634698     
  0.43799999998183919        333.50961773095793     
  0.45799999998183921        333.69596234101061     
  0.47799999998183923        333.55052997609050     
  0.49799999998183919        333.80105307087751     
  0.51799999998183921        334.51776819346412     
  0.53799999998183923        334.00675665644036     
  0.55799999998183925        334.29578460858409     
  0.57799999998183926        334.76491952332179     
  0.59799999998183917        335.29992727050137     
  0.61799999998183919        334.82968181570345     
  0.63799999998183921        335.27943328697393     
  0.65799999998183922        335.20208994630849     
  0.67799999998183924        335.47318536432545     
  0.69799999998183926        335.53108324616426     
  0.71799999998183928        336.15201635796922     
  0.73799999998183918        335.81508783943167     
  0.75799999998183920        335.89352469302997     
  0.77799999998183922        335.46680944739364     
  0.79799999998183924        336.63816585989031     
  0.81799999998183925        336.37261732824618     
  0.83799999998183927        336.62448282998963     
  0.85799999998183918        336.57546916383575     
  0.87799999998183920        336.82709087353862     
  0.89799999998183921        336.97640276587418     
  0.91799999998183923        337.39884918099102     
  0.93799999998183925        337.37474609769936     
  0.95799999998183927        337.33067093292522     
  0.97799999998183917        336.78941701118271     
  0.99799999998183919        336.91301946685769     
   1.0179999999818392        337.47135141269678     
   1.0379999999818392        338.80179320440863     
   1.0579999999818392        338.19441155702043     
   1.0779999999818393        338.11711103376581     
   1.0979999999818393        337.98396016966228     
   1.1179999999818393        337.75093972906058     
   1.1379999999818393        338.84005873645611     
   1.1579999999818393        339.19525454588586     
   1.1779999999818391        339.67339824799137     
   1.1979999999818391        339.58419199331092     
   1.2179999999818392        338.70247682263818     
   1.2379999999818392        339.68415798135811     
   1.2579999999818392        338.84833722793650     
   1.2779999999818392        338.47688411804177     
   1.2979999999818392        340.31516863317472     
   1.3179999999818393        340.46540788951125     
   1.3379999999818393        340.51066783548151     
   1.3579999999818393        340.49411826912655     
   1.3779999999818393        341.09354032346380     
   1.3979999999818393        339.79505175036644     
   1.4179999999818393        339.47385516104396     
   1.4379999999818391        340.46983576574860     
   1.4579999999818392        340.33532632705095     
   1.4779999999818392        340.82875939744673     
   1.4979999999818392        340.01294785624077     
   1.5179999999818392        340.41121393300364     
   1.5379999999818392        342.48848024212089     
   1.5579999999818392        342.50393415625291     
   1.5779999999818393        340.62333556707182     
   1.5979999999818393        341.39241286959020     
   1.6179999999818393        340.70432852544678     
   1.6379999999818393        342.74774358635028     
   1.6579999999818393        343.77512606651339     
   1.6779999999818394        343.58085398336635     
   1.6979999999818391        343.90889261510853     
   1.7179999999818392        343.42767774792708     
   1.7379999999818392        343.86545233201338     
   1.7579999999818392        343.44798034436116     
   1.7779999999818392        344.03926518966813     
   1.7979999999818392        344.11632071261511     
   1.8179999999818393        343.52273081456599     
   1.8379999999818393        343.00134596281600     
   1.8579999999818393        342.87770378580211     
   1.8779999999818393        343.02333200418383     
   1.8979999999818393        343.55482065607606     
   1.9179999999818393        344.42683327985634     
   1.9379999999818391        342.90777435941141     
   1.9579999999818392        344.33267734920395     
   1.9779999999818392        344.31745123417494     
   1.9979999999818392        344.52682216932686     
   2.0179999999818392        345.34289381784828     
   2.0379999999818392        345.52894598497318     
   2.0579999999818392        346.16345495091883     
   2.0779999999818393        347.82561559430422     
   2.0979999999818393        344.83378469785993     
   2.1179999999818393        345.84186862740876     
   2.1379999999818393        344.97921552700313     
   2.1579999999818393        345.70477019841604     
   2.1779999999818394        344.20918488233190     
   2.1979999999818394        344.94952300876895     
   2.2179999999818394        345.62732456657352     
   2.2379999999818394        345.38138690201112     
   2.2579999999818394        345.97592226481754     
   2.2779999999818394        345.85165654597193     
   2.2979999999818395        344.65140111100561     
   2.3179999999818395        345.44353929410994     
   2.3379999999818390        346.78013707816251     
   2.3579999999818391        347.10711867422140     
   2.3779999999818391        348.05033994060142     
   2.3979999999818391        347.65340403144114     
   2.4179999999818391        346.31902284726687     
   2.4379999999818391        346.92127852024379     
   2.4579999999818392        348.89964573277143     
   2.4779999999818392        351.19586924330633     
   2.4979999999818392        350.54336799233755     
   2.5179999999818392        348.13715161690436     
   2.5379999999818392        347.86231022222654     
   2.5579999999818392        348.75572215921790     
   2.5779999999818393        347.63960338142795     
   2.5979999999818393        350.06208914120066     
   2.6179999999818393        349.53423403939712     
   2.6379999999818393        351.63404880155690     
   2.6579999999818393        352.78371969160054     
   2.6779999999818394        352.30325693496462     
   2.6979999999818394        353.19118401217361     
   2.7179999999818394        352.43863867532957     
   2.7379999999818394        353.73853373234613     
   2.7579999999818394        352.86927955571247     
   2.7779999999818394        352.86526056796623     
   2.7979999999818395        350.45553095767588     
   2.8179999999818395        349.66829982177222     
   2.8379999999818390        350.67601313051398     
   2.8579999999818391        349.42064673684092     
   2.8779999999818391        350.75822045703421     
   2.8979999999818391        350.06903149407304     
   2.9179999999818391        349.63126158896557     
   2.9379999999818391        350.41291898401005     
   2.9579999999818392        351.60537939615085     
   2.9779999999818392        353.02827828787292     
   2.9979999999818392        352.04277775946571     
   3.0179999999818392        351.94112488399139     
   3.0379999999818392        352.52552525237473     
   3.0579999999818392        353.43607489113685     
   3.0779999999818393        353.71867228451498     
   3.0979999999818393        354.47088816822657     
   3.1179999999818393        355.07537055426735     
   3.1379999999818393        353.58681980515468     
   3.1579999999818393        352.53439629537144     
   3.1779999999818394        354.04338741933907     
   3.1979999999818394        354.33422784665288     
   3.2179999999818394        352.54424189425202     
   3.2379999999818394        352.45297226642322     
   3.2579999999818394        353.29118778499253     
   3.2779999999818394        355.30667525547108     
   3.2979999999818395        356.48520494352812     
   3.3179999999818395        356.66440746705740     
   3.3379999999818395        357.25372485746811     
   3.3579999999818391        358.26546382055380     
   3.3779999999818391        357.96074131752101     
   3.3979999999818391        361.18644646886202     
   3.4179999999818391        360.62749614121304     
   3.4379999999818391        360.33085501367924     
   3.4579999999818392        360.57620315970860     
   3.4779999999818392        361.31164135696383     
   3.4979999999818392        360.35181179364525     
   3.5179999999818392        360.66082288904187     
   3.5379999999818392        361.06002276104749     
   3.5579999999818392        358.92315721014739     
   3.5779999999818393        358.29897578850114     
   3.5979999999818393        355.22193257593750     
   3.6179999999818393        354.12590625343393     
   3.6379999999818393        351.85180083267539     
   3.6579999999818393        351.96732050157749     
   3.6779999999818394        348.62868596487061     
   3.6979999999818394        347.97940651204033     
   3.7179999999818394        347.18378318069443     
   3.7379999999818394        345.32267560156504     
   3.7579999999818394        345.55493490757959     
   3.7779999999818394        346.92320250236031     
   3.7979999999818395        346.14904955495388     
   3.8179999999818395        346.72594194576504     
   3.8379999999818395        348.90704783016395     
   3.8579999999818391        349.90295098762647     
   3.8779999999818391        351.24413101207807     
   3.8979999999818391        353.22378776286149     
   3.9179999999818391        355.20262918918132     
   3.9379999999818391        355.75144096072842     
   3.9579999999818392        358.18408900509655     
   3.9779999999818392        359.08926003978507     
   3.9979999999818392        359.76677606616454     
   4.0179999999818392        361.04453386536585     
   4.0379999999818397        362.33231639329705     
   4.0579999999818392        362.14225404601973     
   4.0779999999818397        363.93766473421789     
   4.0979999999818393        364.26003092408519     
   4.1179999999818389        364.63415470220906     
   4.1379999999818393        364.91768267061838     
   4.1579999999818389        366.21279544789599     
   4.1779999999818394        363.77990812698420     
   4.1979999999818389        359.65107924770120     
   4.2179999999818394        358.88348365250363     
   4.2379999999818390        358.96613151407945     
   4.2579999999818394        359.73704552257078     
   4.2779999999818390        358.40917915145184     
   4.2979999999818395        358.96731162207806     
   4.3179999999818390        361.07101985249216     
   4.3379999999818395        360.92951837142903     
   4.3579999999818391        360.40944970671251     
   4.3779999999818395        360.23634366239219     
   4.3979999999818391        361.65414283865277     
   4.4179999999818396        362.93349296871321     
   4.4379999999818391        363.13762785281875     
   4.4579999999818396        364.96728061861580     
   4.4779999999818392        363.38571094266348     
   4.4979999999818396        363.77761455986928     
   4.5179999999818392        364.43093174992441     
   4.5379999999818397        365.10853962744557     
   4.5579999999818392        365.04369614167331     
   4.5779999999818397        365.87769009762434     
   4.5979999999818393        366.31626086713544     
   4.6179999999818397        365.31201063132465     
   4.6379999999818393        365.57588865515379     
   4.6579999999818389        367.99448229030480     
   4.6779999999818394        368.41446605006308     
   4.6979999999818389        366.81622999329301     
   4.7179999999818394        367.10722186048224     
   4.7379999999818390        366.05711876820658     
   4.7579999999818394        367.70949693905959     
   4.7779999999818390        366.48247008709149     
   4.7979999999818395        365.82575911482513     
   4.8179999999818390        364.43932146184528     
   4.8379999999818395        363.32347927311349     
   4.8579999999818391        363.56598838443625     
   4.8779999999818395        365.11761733668459     
   4.8979999999818391        367.33552183028047     
   4.9179999999818396        369.58483234619501     
   4.9379999999818391        372.31359720529548     
   4.9579999999818396        373.29409085116646     
   4.9779999999818392        373.36976094389007     
   4.9979999999818396        375.37822941118691     
   5.0179999999818392        373.63801932561330     
   5.0379999999818397        371.46112014225838     
   5.0579999999818392        370.76554631644166     
   5.0779999999818397        372.14965212684092     
   5.0979999999818393        373.97697061140974     
   5.1179999999818397        374.31735689328872     
   5.1379999999818393        371.84637768800974     
   5.1579999999818389        372.11033359779822     
   5.1779999999818394        373.50034295343141     
   5.1979999999818389        374.29669254248228     
   5.2179999999818394        373.71451466308321     
   5.2379999999818390        370.08332663993122     
   5.2579999999818394        371.04246904267859     
   5.2779999999818390        371.45542680166568     
   5.2979999999818395        370.55411098659732     
   5.3179999999818390        370.71394884362013     
   5.3379999999818395        368.81859055584835     
   5.3579999999818391        368.00118707932080     
   5.3779999999818395        367.04573132797867     
   5.3979999999818391        366.42177544736626     
   5.4179999999818396        364.16908339778365     
   5.4379999999818391        362.33369208020935     
   5.4579999999818396        362.46673505473660     
   5.4779999999818392        363.12682930054712     
   5.4979999999818396        361.97931150377889     
   5.5179999999818392        361.77366451790073     
   5.5379999999818397        359.95774523129205     
   5.5579999999818392        360.69775413679724     
   5.5779999999818397        361.88201052600056     
   5.5979999999818393        359.76924835163311     
   5.6179999999818397        360.42770683614611     
   5.6379999999818393        362.27910738558671     
   5.6579999999818389        364.30688914737050     
   5.6779999999818394        364.13783841262295     
   5.6979999999818389        364.37059135752196     
   5.7179999999818394        365.05475563203106     
   5.7379999999818390        368.00016850799318     
   5.7579999999818394        369.62334436177343     
   5.7779999999818390        369.79148541549552     
   5.7979999999818395        371.61627081049625     
   5.8179999999818390        373.72172945968555     
   5.8379999999818395        374.52502676695696     
   5.8579999999818391        375.67952687602883     
   5.8779999999818395        376.06822093331022     
   5.8979999999818391        376.48054328494607     
   5.9179999999818396        377.41077779064773     
   5.9379999999818391        379.91160084144389     
   5.9579999999818396        378.90582832546778     
   5.9779999999818392        379.36308746636956     
   5.9979999999818396        378.15677348327819     
   6.0179999999818392        376.29490249229099     
   6.0379999999818397        376.49775528748074     
   6.0579999999818392        376.28728115775289     
   6.0779999999818397        375.26490947906825     
   6.0979999999818393        374.67344120888231     
   6.1179999999818397        374.32551556225872     
   6.1379999999818393        374.37744468375058     
   6.1579999999818398        373.93479956387779     
   6.1779999999818394        372.82626951341820     
   6.1979999999818389        371.61590504444024     
   6.2179999999818394        372.56584615840262     
   6.2379999999818390        373.64731293813702     
   6.2579999999818394        372.13878320627617     
   6.2779999999818390        370.59881459527764     
   6.2979999999818395        367.01223795350990     
   6.3179999999818390        367.38027705549524     
   6.3379999999818395        368.19138275968709     
   6.3579999999818391        368.54147870556346     
   6.3779999999818395        369.45751288285487     
   6.3979999999818391        370.63038179521055     
   6.4179999999818396        368.75078982157885     
   6.4379999999818391        369.06905387192489     
   6.4579999999818396        369.39266337030034     
   6.4779999999818392        370.78636655935696     
   6.4979999999818396        371.66436225354073     
   6.5179999999818392        373.77753846164467     
   6.5379999999818397        375.15126206524701     
   6.5579999999818392        377.67102358617439     
   6.5779999999818397        379.65721701721282     
   6.5979999999818393        379.82860295243034     
   6.6179999999818397        380.77716712948751     
   6.6379999999818393        382.16538575426733     
   6.6579999999818398        383.78434835479607     
   6.6779999999818394        383.16090916596704     
   6.6979999999818389        383.59420220418974     
   6.7179999999818394        383.31555684840720     
   6.7379999999818390        382.05590639300181     
   6.7579999999818394        381.75753632441467     
   6.7779999999818390        383.03472185668534     
   6.7979999999818395        383.77787501078870     
   6.8179999999818390        381.54133411330236     
   6.8379999999818395        379.22329804129436     
   6.8579999999818391        377.75130129875032     
   6.8779999999818395        376.85701452416350     
   6.8979999999818391        375.43876807637037     
   6.9179999999818396        373.70123667521585     
   6.9379999999818391        372.16740047555948     
   6.9579999999818396        370.15314092835916     
   6.9779999999818392        366.44589578807341     
   6.9979999999818396        363.86888494521349     
   7.0179999999818392        361.30958475187987     
   7.0379999999818397        358.39132294786566     
   7.0579999999818392        355.26047848592231     
   7.0779999999818397        352.47728102622597     
   7.0979999999818393        349.15607000501910     
   7.1179999999818397        346.05446968904045     
   7.1379999999818393        342.72555606832736     
   7.1579999999818398        339.63266144987148     
   7.1779999999818394        336.32890869785444     
   7.1979999999818389        331.47474038013922     
   7.2179999999818394        325.83652283537305     
   7.2379999999818390        323.23663269492198     
   7.2579999999818394        319.01569605299613     
   7.2779999999818390        316.04571762389929     
   7.2979999999818395        310.91558477271536     
   7.3179999999818390        308.05219799643982     
   7.3379999999818395        305.44044966351260     
   7.3579999999818391        302.70328907339041     
   7.3779999999818395        300.18720564494890     
   7.3979999999818391        299.55418166761558     
   7.4179999999818396        296.90455968579812     
   7.4379999999818391        295.73606813749342     
   7.4579999999818396        291.02589630400314     
   7.4779999999818392        289.97638116654599     
   7.4979999999818396        288.40506087019344     
   7.5179999999818392        286.79024847766738     
   7.5379999999818397        286.94490143169071     
   7.5579999999818392        287.13318138749077     
   7.5779999999818397        282.81316078130948     
   7.5979999999818393        282.93552185020854     
   7.6179999999818397        283.68762554212151     
   7.6379999999818393        284.00624099515159     
   7.6579999999818398        286.15785337096969     
   7.6779999999818394        288.53933824484193     
   7.6979999999818389        288.31431499810202     
   7.7179999999818394        290.19227034335876     
   7.7379999999818390        291.57932450180471     
   7.7579999999818394        293.74635100457544     
   7.7779999999818390        295.77475957781280     
   7.7979999999818395        298.27805694341509     
   7.8179999999818390        300.57283460782992     
   7.8379999999818395        302.93945271971495     
   7.8579999999818391        305.44469928321325     
   7.8779999999818395        308.55759525548274     
   7.8979999999818391        312.05859837631726     
   7.9179999999818396        316.38742575537498     
   7.9379999999818391        317.19390428608858     
   7.9579999999818396        320.19569438484746     
   7.9779999999818392        323.58872018981026     
   7.9979999999818396        324.86717779351176     
   8.0179999999818392        328.30163488084287     
   8.0379999999818388        331.71432977302749     
   8.0579999999818401        334.39319604044522     
   8.0779999999818397        337.42567584720632     
   8.0979999999818393        340.40279879877835     
   8.1179999999818389        343.99390506604414     
   8.1379999999818402        347.34271096360698     
   8.1579999999818398        351.11442842825613     
   8.1779999999818394        353.68361820313413     
   8.1979999999818389        357.86988957617001     
   8.2179999999818385        361.63247651836724     
   8.2379999999818398        364.54987734218787     
   8.2579999999818394        367.67122153037360     
   8.2779999999818390        368.03344860967400     
   8.2979999999818386        370.99866100961339     
   8.3179999999818399        373.94222624553163     
   8.3379999999818395        377.00365033812204     
   8.3579999999818391        376.36502057012746     
   8.3779999999818386        379.09970364860038     
   8.3979999999818400        372.87858862987139     
   8.4179999999818396        374.88902788591793     
   8.4379999999818391        376.82928157067346     
   8.4579999999818387        376.76169783803448     
   8.4779999999818401        379.11687877094840     
   8.4979999999818396        381.23940015652573     
   8.5179999999818392        382.86162397278031     
   8.5379999999818388        384.31266666007815     
   8.5579999999818401        382.19983598555274     
   8.5779999999818397        384.58730301363937     
   8.5979999999818393        386.16598359213913     
   8.6179999999818389        388.51961780120700     
   8.6379999999818402        389.68956643796986     
   8.6579999999818398        390.94429600189869     
   8.6779999999818394        393.00038227126322     
   8.6979999999818389        393.63314105855727     
   8.7179999999818403        395.30851377157779     
   8.7379999999818398        396.51599207284238     
   8.7579999999818394        395.49233580483673     
   8.7779999999818390        396.78447796284325     
   8.7979999999818386        397.87134887536149     
   8.8179999999818399        400.04888240684949     
   8.8379999999818395        401.99036431543522     
   8.8579999999818391        400.24067006535154     
   8.8779999999818386        402.15556927671736     
   8.8979999999818400        403.49406175556049     
   8.9179999999818396        405.74311796061664     
   8.9379999999818391        405.99588879384976     
   8.9579999999818387        407.29305510881738     
   8.9779999999818401        407.88915615993699     
   8.9979999999818396        408.17798885782736     
   9.0179999999818392        408.55893627064103     
   9.0379999999818388        408.37537002956725     
   9.0579999999818401        409.87117487330187     
   9.0779999999818397        410.64015467065479     
   9.0979999999818393        410.83994390271215     
   9.1179999999818389        410.96843141415076     
   9.1379999999818402        411.25892922836516     
   9.1579999999818398        412.30164075009492     
   9.1779999999818394        412.44970871500084     
   9.1979999999818389        412.31903780804498     
   9.2179999999818403        411.44481685191107     
   9.2379999999818398        410.85292900849925     
   9.2579999999818394        410.14707676298389     
   9.2779999999818390        410.59369457466562     
   9.2979999999818386        414.16822862265872     
   9.3179999999818399        414.50547385046247     
   9.3379999999818395        414.16008036464541     
   9.3579999999818391        414.37785432337722     
   9.3779999999818386        414.47666773150428     
   9.3979999999818400        409.94259496830836     
   9.4179999999818396        409.76125973059857     
   9.4379999999818391        410.13068903107245     
   9.4579999999818387        408.77036723015789     
   9.4779999999818401        409.59387655583731     
   9.4979999999818396        412.24594812928598     
   9.5179999999818392        412.72763427906619     
   9.5379999999818388        412.20700696804442     
   9.5579999999818401        411.86150151240867     
   9.5779999999818397        412.57758890262653     
   9.5979999999818393        413.47016119965491     
   9.6179999999818389        413.84721557947302     
   9.6379999999818402        410.82012485215967     
   9.6579999999818398        410.33781658762672     
   9.6779999999818394        406.54174232048399     
   9.6979999999818389        406.42926061465585     
   9.7179999999818403        406.81136729710789     
   9.7379999999818398        408.24347505920258     
   9.7579999999818394        410.34123942797976     
   9.7779999999818390        410.59538723087496     
   9.7979999999818386        411.45183634523460     
   9.8179999999818399        412.19633259316271     
   9.8379999999818395        412.85271765661065     
   9.8579999999818391        414.47402410953566     
   9.8779999999818386        415.95634077252589     
   9.8979999999818400        417.27795640761371     
   9.9179999999818396        418.01220379648254     
   9.9379999999818391        420.13377976371481     
   9.9579999999818387        416.74599598945747     
   9.9779999999818401        418.90215682119197     
   9.9979999999818396        419.87994922552542     
   10.017999999981839        418.27184401921187     
   10.037999999981839        419.30243166934690     
   10.057999999981840        420.81095826248531     
   10.077999999981840        421.61640823293317     
   10.097999999981839        422.04248705282691     
   10.117999999981839        420.08751696544584     
   10.137999999981840        420.62174018714046     
   10.157999999981840        421.43637547712353     
   10.177999999981839        422.56932543162526     
   10.197999999981839        424.40056552960863     
   10.217999999981840        422.15035088963026     
   10.237999999981840        424.09322633919487     
   10.257999999981839        422.27676981424190     
   10.277999999981839        422.92293559732934     
   10.297999999981839        423.38883033630583     
   10.317999999981840        425.25840153914078     
   10.337999999981839        425.94054795226072     
   10.357999999981839        426.47688619665900     
   10.377999999981839        428.21542835146516     
   10.397999999981840        429.51642230346488     
   10.417999999981840        429.55624472653767     
   10.437999999981839        430.24646707388632     
   10.457999999981839        428.00447711820618     
   10.477999999981840        423.56942532008372     
   10.497999999981840        424.45276171367374     
   10.517999999981839        425.19066437675764     
   10.537999999981839        424.92345921995218     
   10.557999999981840        424.71459813158032     
   10.577999999981840        424.50817554752797     
   10.597999999981839        424.27893891914209     
   10.617999999981839        424.29379988927462     
   10.637999999981840        424.86491120537937     
   10.657999999981840        420.07722301451230     
   10.677999999981839        419.78287380977264     
   10.697999999981839        420.00620863602944     
   10.717999999981840        420.11560972164500     
   10.737999999981840        419.78132212475350     
   10.757999999981839        419.58312081608835     
   10.777999999981839        419.35275709897695     
   10.797999999981839        418.89455268019998     
   10.817999999981840        418.39579714857103     
   10.837999999981839        416.19289562233422     
   10.857999999981839        415.29422332247327     
   10.877999999981839        411.03655889768601     
   10.897999999981840        411.13896249554642     
   10.917999999981840        411.75522224022086     
   10.937999999981839        411.26636510989044     
   10.957999999981839        411.66081726583855     
   10.977999999981840        408.02484791333012     
   10.997999999981840        408.43461523289193     
   11.017999999981839        410.11927204199264     
   11.037999999981839        408.74103093806764     
   11.057999999981840        406.03927767671507     
   11.077999999981840        406.47497905129796     
   11.097999999981839        407.76137128113828     
   11.117999999981839        408.32334935370017     
   11.137999999981840        408.87626987480752     
   11.157999999981840        408.52825959977480     
   11.177999999981839        407.07334652471906     
   11.197999999981839        405.34020886085329     
   11.217999999981840        405.83083852568041     
   11.237999999981840        405.13620584242250     
   11.257999999981839        406.92613115751055     
   11.277999999981839        407.94931205480009     
   11.297999999981839        408.99927711166475     
   11.317999999981840        411.24297192324877     
   11.337999999981839        412.38715093688700     
   11.357999999981839        410.23619272982489     
   11.377999999981839        411.10606967397621     
   11.397999999981840        411.88043146132827     
   11.417999999981840        411.39152505340877     
   11.437999999981839        412.29912788332501     
   11.457999999981839        414.51746746791690     
   11.477999999981840        417.92052596247828     
   11.497999999981840        418.90153320539554     
   11.517999999981839        421.18800860848182     
   11.537999999981839        420.08774179355208     
   11.557999999981840        421.07272734224773     
   11.577999999981840        422.94970040628567     
   11.597999999981839        423.66260400321858     
   11.617999999981839        425.36909353186996     
   11.637999999981840        427.18540303924465     
   11.657999999981840        427.73025944780210     
   11.677999999981839        429.02665316186187     
   11.697999999981839        429.44411123997406     
   11.717999999981840        429.68273204374117     
   11.737999999981840        429.70353126377256     
   11.757999999981839        429.60191021952011     
   11.777999999981839        428.97274132611619     
   11.797999999981839        430.04316021395442     
   11.817999999981840        429.98033564518761     
   11.837999999981839        430.13573608203797     
   11.857999999981839        432.49513880636005     
   11.877999999981839        434.62842194535250     
   11.897999999981840        434.29789624650175     
   11.917999999981840        431.42784115337952     
   11.937999999981839        430.93227159070244     
   11.957999999981839        430.34877965397078     
   11.977999999981840        426.18579956231133     
   11.997999999981840        425.21180735862725     
   12.017999999981839        424.32048593818342     
   12.037999999981839        422.79800660826999     
   12.057999999981840        422.10503679794834     
   12.077999999981840        421.39344035149963     
   12.097999999981839        420.92876693052852     
   12.117999999981839        419.87234811220361     
   12.137999999981840        418.68789191943995     
   12.157999999981840        416.16894285754142     
   12.177999999981839        413.64677660468186     
   12.197999999981839        412.68299134960006     
   12.217999999981840        410.44074337552604     
   12.237999999981840        409.67662530757400     
   12.257999999981839        408.76611951401156     
   12.277999999981839        407.95185956515274     
   12.297999999981840        405.29538989612826     
   12.317999999981840        404.22661678570421     
   12.337999999981839        403.31862151286282     
   12.357999999981839        400.64625858754869     
   12.377999999981839        399.75627893272116     
   12.397999999981840        393.96150346684595     
   12.417999999981840        393.26968655006567     
   12.437999999981839        392.22186627834128     
   12.457999999981839        391.03963270444251     
   12.477999999981840        389.70304880196932     
   12.497999999981840        388.29223983168924     
   12.517999999981839        378.57688883438306     
   12.537999999981839        377.38349482935826     
   12.557999999981840        376.12232506231572     
   12.577999999981840        369.01780844607157     
   12.597999999981839        361.50130673706593     
   12.617999999981839        358.16172075557301     
   12.637999999981840        354.76624047879869     
   12.657999999981840        353.23424388644793     
   12.677999999981839        351.27652957476187     
   12.697999999981839        349.57355758026699     
   12.717999999981840        346.49925884402012     
   12.737999999981840        345.46204646025649     
   12.757999999981839        344.16698305358136     
   12.777999999981839        342.75803414377020     
   12.797999999981840        341.31949370541156     
   12.817999999981840        332.90611310179690     
   12.837999999981839        330.93764487831027     
   12.857999999981839        328.85727610252195     
   12.877999999981839        325.87685492917166     
   12.897999999981840        324.00733299263499     
   12.917999999981840        322.08503109359361     
   12.937999999981839        319.75706274368520     
   12.957999999981839        318.24003063589998     
   12.977999999981840        316.50836588914905     
   12.997999999981840        314.61823084453499     
   13.017999999981839        312.16118867288378     
   13.037999999981839        310.03996897266268     
   13.057999999981840        308.77681830645787     
   13.077999999981840        307.44846091798553     
   13.097999999981839        305.84217453585211     
   13.117999999981839        304.37189852919039     
   13.137999999981840        302.88746052070650     
   13.157999999981840        301.40846823604778     
   13.177999999981839        299.92208222787247     
   13.197999999981839        298.40552257152666     
   13.217999999981840        296.81280110518691     
   13.237999999981840        295.08669841990172     
   13.257999999981839        293.30753258995833     
   13.277999999981839        291.35365468205157     
   13.297999999981840        289.46304620898144     
   13.317999999981840        287.16615070008737     
   13.337999999981839        284.78129417567715     
   13.357999999981839        283.04670899257900     
   13.377999999981839        281.15304603530785     
   13.397999999981840        278.94845282030565     
   13.417999999981840        275.63683363026468     
   13.437999999981839        272.88759545216595     
   13.457999999981839        270.23567483031582     
   13.477999999981840        267.66347832056164     
   13.497999999981840        264.36490614509870     
   13.517999999981839        261.83822745861931     
   13.537999999981839        259.50829545629136     
   13.557999999981840        256.21617984177931     
   13.577999999981840        253.83232255786808     
   13.597999999981839        251.26991696768141     
   13.617999999981839        247.69048917999291     
   13.637999999981840        243.78637227450946     
   13.657999999981840        240.24897409371812     
   13.677999999981839        237.50369688599631     
   13.697999999981839        234.63080830195463     
   13.717999999981840        230.68794682073425     
   13.737999999981840        227.87275140397946     
   13.757999999981839        223.92917966677851     
   13.777999999981839        218.23137079347626     
   13.797999999981840        215.09302684385261     
   13.817999999981840        212.14048365832738     
   13.837999999981839        206.49801115311743     
   13.857999999981839        201.30352613663723     
   13.877999999981839        198.29590854276154     
   13.897999999981840        195.05025124462756     
   13.917999999981840        191.59587126619039     
   13.937999999981839        187.43371218025945     
   13.957999999981839        184.12607190511440     
   13.977999999981840        180.79452556752773     
   13.997999999981840        174.34322787421962     
   14.017999999981839        170.63937108823285     
   14.037999999981839        166.91410074349415     
   14.057999999981840        162.11317539493567     
   14.077999999981840        158.29195374955339     
   14.097999999981839        154.34844659035576     
   14.117999999981839        150.24615966377635     
   14.137999999981840        146.08418589898125     
   14.157999999981840        141.61476820931398     
   14.177999999981839        137.55081276980553     
   14.197999999981839        132.38663166608524     
   14.217999999981840        128.45022432567438     
   14.237999999981840        124.55830630421154     
   14.257999999981839        120.70802117439763     
   14.277999999981839        116.31154120848640     
   14.297999999981840        111.98146425229255     
   14.317999999981840        108.11530925814218     
   14.337999999981839        104.30617378113372     
   14.357999999981839        100.48761094140880     
   14.377999999981839        96.562709972647738     
   14.397999999981840        92.458349453113172     
   14.417999999981840        88.344876583565792     
   14.437999999981839        83.202175732418738     
   14.457999999981839        78.143978684134467     
   14.477999999981840        74.759311755835498     
   14.497999999981840        71.573381133734856     
   14.517999999981839        68.399549538705202     
   14.537999999981839        65.139765243303842     
   14.557999999981840        61.674405185305389     
   14.577999999981840        58.258876217972322     
   14.597999999981839        52.096063695188420     
   14.617999999981839        49.250670044803115     
   14.637999999981840        45.083628659594645     
   14.657999999981840        42.452964974614041     
   14.677999999981839        38.803817489033158     
   14.697999999981839        36.613055508256984     
   14.717999999981840        34.339964101432336     
   14.737999999981840        32.075248237515027     
   14.757999999981839        29.788262533201245     
   14.777999999981839        27.643396951582954     
   14.797999999981840        25.523259523284658     
   14.817999999981840        23.034816149294784     
   14.837999999981839        20.316268186816121     
   14.857999999981839        18.565536084396555     
   14.877999999981839        16.858453705064488     
   14.897999999981840        15.251203398618063     
   14.917999999981840        13.435365482269427     
   14.937999999981839        11.981217012190882     
   14.957999999981839        10.631138489867631     
   14.977999999981840        9.1921937486859395     
   14.997999999981840        7.9776295741130925     
   15.017999999981839        6.8278234516438321     
   15.037999999981839        5.7590126178666896     
   15.057999999981840        4.8103761839949453     
   15.077999999981840        3.9376569659561600     
   15.097999999981839        3.1970563346632090     
   15.117999999981839        2.5502642733655709     
   15.137999999981840        1.9846549493670409     
   15.157999999981840        1.4896320103191245     
   15.177999999981839        1.0687199003343859     
   15.197999999981839       0.75723643724204615     
   15.217999999981840       0.53633189785722768     
   15.237999999981840       0.39897652028515729     
   15.257999999981839       0.34862238820560099     
   15.277999999981839       0.39336650961905884     
   15.297999999981840       0.52004170159638441     
   15.317999999981840       0.70050143234581153     
   15.337999999981839       0.97612151049757823     
   15.357999999981839        1.3242795238986989     
   15.377999999981839        1.7434505319819522     
   15.397999999981840        2.2351870875549715     
   15.417999999981840        2.8155244517404121     
   15.437999999981839        3.4906704117876743     
   15.457999999981839        4.2976190284964018     
   15.477999999981840        5.1562628200409693     
   15.497999999981840        5.8252008157922992     
   15.517999999981839        6.8508495226394954     
   15.537999999981839        7.9605995979646647     
   15.557999999981840        8.9695797565514290     
   15.577999999981840        10.197920416605905     
   15.597999999981839        11.251966908889552     
   15.617999999981839        12.540564056535905     
   15.637999999981840        13.897196054820308     
   15.657999999981840        14.983414608743429     
   15.677999999981839        16.421989727994038     
   15.697999999981839        17.924834302308174     
   15.717999999981840        19.529039138772500     
   15.737999999981840        21.095523641167269     
   15.757999999981839        22.815488589548671     
   15.777999999981839        24.579886642687441     
   15.797999999981840        26.589188223743029     
   15.817999999981840        28.654742893392658     
   15.837999999981839        29.761017875832540     
   15.857999999981839        31.816902164821922     
   15.877999999981840        33.962338895663898     
   15.897999999981840        36.183745758119436     
   15.917999999981840        38.459144961500250     
   15.937999999981839        40.506871759721832     
   15.957999999981839        42.879811719410625     
   15.977999999981840        45.147069041498149     
   15.997999999981840        47.670262492865547     
   16.017999999981839        50.212692570848986     
   16.037999999981839        52.602393120188289     
   16.057999999981838        54.485694860874339     
   16.077999999981838        57.106658333217048     
   16.097999999981841        59.772962739810467     
   16.117999999981841        62.476696053273194     
   16.137999999981840        65.217014797416084     
   16.157999999981840        67.994705366987418     
   16.177999999981839        70.811124656834025     
   16.197999999981839        73.848175179459346     
   16.217999999981838        76.762015344047924     
   16.237999999981838        79.723699137589222     
   16.257999999981841        82.726373695894182     
   16.277999999981841        85.776184957236268     
   16.297999999981840        88.887243881701096     
   16.317999999981840        92.277554900947464     
   16.337999999981839        95.496763734076410     
   16.357999999981839        98.683084723458350     
   16.377999999981839        101.43365086662385     
   16.397999999981838        104.91690144668831     
   16.417999999981838        108.20930917297827     
   16.437999999981841        111.60763191269717     
   16.457999999981840        114.99563442495514     
   16.477999999981840        118.31471046188037     
   16.497999999981840        121.53060447148646     
   16.517999999981839        124.66529204842912     
   16.537999999981839        127.77054273399267     
   16.557999999981838        130.69905296142275     
   16.577999999981838        133.87775877725178     
   16.597999999981841        137.14727658645617     
   16.617999999981841        140.51362008062455     
   16.637999999981840        143.93631058418623     
   16.657999999981840        147.37738816924912     
   16.677999999981839        150.58778326766333     
   16.697999999981839        154.00082580111396     
   16.717999999981838        157.37477196988368     
   16.737999999981838        160.70433052524714     
   16.757999999981841        163.99545059890929     
   16.777999999981841        167.27704125428806     
   16.797999999981840        170.43377377553313     
   16.817999999981840        173.75705011076627     
   16.837999999981839        177.13141766706215     
   16.857999999981839        180.56585836885344     
   16.877999999981839        184.05788675735650     
   16.897999999981838        187.58586719874563     
   16.917999999981838        191.11622606963252     
   16.937999999981841        194.59776647753125     
   16.957999999981840        198.02491316280700     
   16.977999999981840        201.40062026416064     
   16.997999999981840        204.71691627228861     
   17.017999999981839        207.97328171203685     
   17.037999999981839        211.20597741724612     
   17.057999999981838        214.43172460967438     
   17.077999999981838        217.66822210648706     
   17.097999999981841        220.94533037205770     
   17.117999999981841        224.25810879270381     
   17.137999999981840        228.73063988204592     
   17.157999999981840        232.11151928583237     
   17.177999999981839        235.49211578291875     
   17.197999999981839        238.81326213559373     
   17.217999999981838        243.17271898978819     
   17.237999999981838        246.37148832729596     
   17.257999999981841        249.58699983079040     
   17.277999999981841        252.85203917338163     
   17.297999999981840        255.69856536820757     
   17.317999999981840        258.99763501210083     
   17.337999999981839        262.27115411251941     
   17.357999999981839        265.98386473774178     
   17.377999999981839        269.09620058384303     
   17.397999999981838        272.14866205890746     
   17.417999999981841        275.16589194663646     
   17.437999999981841        278.12970228304130     
   17.457999999981840        281.04491005927861     
   17.477999999981840        283.97710378717238     
   17.497999999981840        287.45641988998568     
   17.517999999981839        290.26636443166279     
   17.537999999981839        293.00099640472428     
   17.557999999981838        295.68472051454734     
   17.577999999981838        297.35906703681229     
   17.597999999981841        299.97292564834589     
   17.617999999981841        302.55843684617741     
   17.637999999981840        305.10185623279318     
   17.657999999981840        307.60284187309645     
   17.677999999981839        310.10106500739977     
   17.697999999981839        311.21996277219512     
   17.717999999981838        313.68128533753259     
   17.737999999981838        316.14475112759510     
   17.757999999981841        318.64176950250294     
   17.777999999981841        321.13565754035534     
   17.797999999981840        323.44991838286586     
   17.817999999981840        325.73089541145049     
   17.837999999981839        327.92493550411785     
   17.857999999981839        330.07683405492060     
   17.877999999981839        330.44206334163505     
   17.897999999981838        332.60168163628015     
   17.917999999981841        335.85667381047591     
   17.937999999981841        337.93428881203903     
   17.957999999981840        339.90460521977963     
   17.977999999981840        341.68878472562056     
   17.997999999981840        343.25834811556609     
   18.017999999981839        344.82829550437015     
   18.037999999981839        346.46395570800900     
   18.057999999981838        346.44158128952478     
   18.077999999981838        348.18434888050177     
   18.097999999981841        349.94773569381994     
   18.117999999981841        351.70289973716655     
   18.137999999981840        353.63930713138524     
   18.157999999981840        355.23036315801636     
   18.177999999981839        356.67262496288896     
   18.197999999981839        358.10819692673800     
   18.217999999981838        359.58237712803049     
   18.237999999981838        358.64685997772580     
   18.257999999981841        357.68953440386559     
   18.277999999981841        359.27583188190977     
   18.297999999981840        362.57470196168885     
   18.317999999981840        361.42861698139666     
   18.337999999981839        363.14300158638844     
   18.357999999981839        364.70768922023450     
   18.377999999981839        366.11163538881584     
   18.397999999981838        367.59216660206414     
   18.417999999981841        369.13382245656243     
   18.437999999981841        367.43651409056821     
   18.457999999981840        368.79939148586965     
   18.477999999981840        370.11850426710168     
   18.497999999981840        371.64991664755928     
   18.517999999981839        370.07080468275808     
   18.537999999981839        371.70199077311077     
   18.557999999981838        373.30032420335118     
   18.577999999981838        374.88536425136397     
   18.597999999981841        378.45682017564701     
   18.617999999981841        380.07510836075380     
   18.637999999981840        381.69771726252475     
   18.657999999981840        383.31536185276576     
   18.677999999981839        384.92723782102951     
   18.697999999981839        386.49492372953932     
   18.717999999981838        387.97092725988279     
   18.737999999981838        389.38751923653092     
   18.757999999981841        391.00572852537920     
   18.777999999981841        389.59035525869638     
   18.797999999981840        391.32127371105810     
   18.817999999981840        392.93166409534848     
   18.837999999981839        394.37970121272781     
   18.857999999981839        395.61639081540329     
   18.877999999981839        396.65889625340697     
   18.897999999981838        397.84184053974707     
   18.917999999981841        396.53785858972100     
   18.937999999981841        397.55710328184119     
   18.957999999981840        399.15533277119619     
   18.977999999981840        401.38730498211874     
   18.997999999981840        402.81842692173069     
   19.017999999981839        404.29952940630392     
   19.037999999981839        406.08104266035019     
   19.057999999981838        405.63026959212345     
   19.077999999981838        407.81368105316398     
   19.097999999981841        410.11254565878403     
   19.117999999981841        408.09112191994882     
   19.137999999981840        410.50477528981855     
   19.157999999981840        412.95237014066709     
   19.177999999981839        415.35924162791935     
   19.197999999981839        418.28066165055117     
   19.217999999981838        420.39600719476221     
   19.237999999981838        422.32510580996109     
   19.257999999981841        424.06851354381314     
   19.277999999981841        425.62879010401366     
   19.297999999981840        427.20789607389514     
   19.317999999981840        427.60479330056285     
   19.337999999981839        429.10880494490749     
   19.357999999981839        430.70140116338041     
   19.377999999981839        431.43597032332428     
   19.397999999981838        433.52632072310644     
   19.417999999981841        435.45137024241814     
   19.437999999981841        437.68521710544093     
   19.457999999981840        439.87204875106505     
   19.477999999981840        441.91924764566699     
   19.497999999981840        443.90513669099755     
   19.517999999981839        450.37214286097884     
   19.537999999981839        452.26517957293322     
   19.557999999981838        454.25783964443502     
   19.577999999981838        456.70836007435247     
   19.597999999981841        459.08087984948332     
   19.617999999981841        461.39204274856269     
   19.637999999981840        463.65890231909634     
   19.657999999981840        465.87583289708965     
   19.677999999981839        468.04049785525052     
   19.697999999981839        470.16103980435850     
   19.717999999981838        472.26361618439631     
   19.737999999981838        474.37896557638004     
   19.757999999981841        476.49912473497204     
   19.777999999981841        478.61904247148374     
   19.797999999981840        482.44792359174386     
   19.817999999981840        484.49633481455942     
   19.837999999981839        486.46599234590650     
   19.857999999981839        490.18667403518623     
   19.877999999981839        492.09211682551069     
   19.897999999981838        493.98114116746490     
   19.917999999981841        495.85165204885902     
   19.937999999981841        497.69832162846285     
   19.957999999981840        501.06968159334247     
   19.977999999981840        503.00185949394256     
   19.997999999981840        505.03946014067259     
   20.017999999981839        501.43119267277950     
   20.037999999981839        503.54010327784954     
   20.057999999981838        505.58414935023956     
   20.077999999981838        507.45920078194769     
   20.097999999981841        509.05781816979891     
   20.117999999981841        510.42542592328215     
   20.137999999981840        511.70417849728238     
   20.157999999981840        514.08185257976652     
   20.177999999981839        515.12980402067501     
   20.197999999981839        516.07530323518222     
   20.217999999981838        511.56112638565816     
   20.237999999981838        512.52837089383559     
   20.257999999981841        513.53735496912941     
   20.277999999981841        514.59986381717181     
   20.297999999981840        515.87065687243944     
   20.317999999981840        517.26369062061895     
   20.337999999981839        519.88755605195990     
   20.357999999981839        521.17679023439359     
   20.377999999981839        522.36240961426279     
   20.397999999981838        523.40998968433871     
   20.417999999981841        518.91720541428288     
   20.437999999981841        519.72878750089069     
   20.457999999981840        521.87264261882865     
   20.477999999981840        522.65306184374185     
   20.497999999981840        523.39449073750450     
   20.517999999981839        518.53230847566351     
   20.537999999981839        519.26143517631533     
   20.557999999981838        520.02148087564683     
   20.577999999981838        520.74862451761089     
   20.597999999981841        521.55372440771214     
   20.617999999981841        522.35566725366868     
   20.637999999981840        523.09296207937439     
   20.657999999981840        523.69794285406829     
   20.677999999981839        524.11653548258630     
   20.697999999981839        524.35336187907194     
   20.717999999981838        524.63472030168316     
   20.737999999981838        526.04755320464619     
   20.757999999981841        526.32743972865489     
   20.777999999981841        526.41613892642840     
   20.797999999981840        526.28536727852475     
   20.817999999981840        525.95616530795201     
   20.837999999981839        525.42643491232207     
   20.857999999981839        524.71299299361203     
   20.877999999981839        524.02207004667184     
   20.897999999981838        518.24829917283864     
   20.917999999981841        518.57099036533111     
   20.937999999981841        518.08421452795096     
   20.957999999981840        517.53373689762350     
   20.977999999981840        516.88313579532144     
   20.997999999981840        516.11024383853032     
   21.017999999981839        515.19834797069791     
   21.037999999981839        514.25442161598858     
   21.057999999981838        513.38093614514753     
   21.077999999981838        512.99207481167491     
   21.097999999981841        512.08445113870368     
   21.117999999981841        511.13895523614548     
   21.137999999981840        510.15147502981296     
   21.157999999981840        509.12299211620069     
   21.177999999981839        508.03718082082537     
   21.197999999981839        506.91585444773835     
   21.217999999981838        507.02352453893678     
   21.237999999981838        505.82023837369343     
   21.257999999981841        504.58176336584006     
   21.277999999981841        503.30902805519622     
   21.297999999981840        502.00584375415315     
   21.317999999981840        500.67238146893749     
   21.337999999981839        499.31656211168274     
   21.357999999981839        497.94463735261121     
   21.377999999981839        496.54812888282987     
   21.397999999981838        495.10419648558360     
   21.417999999981841        493.62054452725056     
   21.437999999981841        493.97473888095089     
   21.457999999981840        492.49789492894865     
   21.477999999981840        491.10235396518533     
   21.497999999981840        489.80071529276927     
   21.517999999981839        488.54308880328517     
   21.537999999981839        487.25547930319215     
   21.557999999981838        485.86908987675946     
   21.577999999981838        484.32306762309719     
   21.597999999981841        482.57371346919547     
   21.617999999981841        480.70930942657481     
   21.637999999981840        479.21687544205611     
   21.657999999981840        473.65683760921371     
   21.677999999981839        472.50375187411299     
   21.697999999981839        471.45799018730213     
   21.717999999981838        468.59296889969482     
   21.737999999981838        467.56188446049197     
   21.757999999981841        466.53520030668477     
   21.777999999981841        465.50269148775283     
   21.797999999981840        464.49257777815438     
   21.817999999981840        463.48037425724931     
   21.837999999981839        462.38027929160666     
   21.857999999981839        461.38812577515017     
   21.877999999981839        457.12189935968598     
   21.897999999981838        456.86590753404431     
   21.917999999981841        456.53444878179380     
   21.937999999981841        456.61846377831068     
   21.957999999981840        456.17565592065580     
   21.977999999981840        455.68559988000720     
   21.997999999981840        455.37068695673327     
   22.017999999981839        459.04926117602105     
   22.037999999981839        458.93573682637958     
   22.057999999981838        454.02546589902522     
   22.077999999981838        453.89910947073633     
   22.097999999981841        456.98453414903793     
   22.117999999981841        456.77650536224786     
   22.137999999981840        456.46315682690170     
   22.157999999981840        455.99532416933755     
   22.177999999981839        458.70891106509350     
   22.197999999981839        457.80889055042763     
   22.217999999981838        456.76641772151254     
   22.237999999981838        455.80247114388527     
   22.257999999981841        456.74170548421841     
   22.277999999981841        456.03628098598352     
   22.297999999981840        458.90975731347157     
   22.317999999981840        454.37862056962945     
   22.337999999981839        453.87488203416950     
   22.357999999981839        444.28273159964317     
   22.377999999981839        443.84469722917629     
   22.397999999981838        443.55312961198541     
   22.417999999981841        443.41085389412473     
   22.437999999981841        443.38794369793260     
   22.457999999981840        439.78620597570875     
   22.477999999981840        439.98584102718650     
   22.497999999981840        440.24368719820518     
   22.517999999981839        440.55357897955560     
   22.537999999981839        440.91192893522663     
   22.557999999981838        441.31010267230988     
   22.577999999981838        441.73772740000010     
   22.597999999981841        442.18452924590810     
   22.617999999981841        446.26415095777622     
   22.637999999981840        446.85388137137841     
   22.657999999981840        447.55999796100951     
   22.677999999981839        448.31890915054885     
   22.697999999981839        443.77267650133024     
   22.717999999981838        441.15831441638608     
   22.737999999981838        441.72068130076929     
   22.757999999981841        442.19342001579344     
   22.777999999981841        442.62026190879078     
   22.797999999981840        443.05748638099425     
   22.817999999981840        447.20384054448886     
   22.837999999981839        447.70882251104177     
   22.857999999981839        448.26584548172360     
   22.877999999981839        448.87983652430080     
   22.897999999981838        453.34076563001196     
   22.917999999981841        454.11381475493744     
   22.937999999981841        454.94845643209180     
   22.957999999981840        459.66268324071569     
   22.977999999981840        460.61020686708810     
   22.997999999981840        461.61766113457429     
   23.017999999981839        466.63834886086545     
   23.037999999981839        467.77061493035978     
   23.057999999981838        468.93724793561353     
   23.077999999981838        463.56615152718570     
   23.097999999981841        464.67253108987649     
   23.117999999981841        465.74566220065316     
   23.137999999981840        466.77418032399078     
   23.157999999981840        467.78880957501167     
   23.177999999981839        468.85437832750529     
   23.197999999981839        469.95029071532366     
   23.217999999981838        471.01582748970571     
   23.237999999981838        475.60751942330313     
   23.257999999981841        480.82805972711878     
   23.277999999981841        481.89138411070610     
   23.297999999981840        482.94749181231975     
   23.317999999981840        484.01649492077524     
   23.337999999981839        485.10485245233650     
   23.357999999981839        486.20349619297002     
   23.377999999981839        487.29916252346072     
   23.397999999981838        488.37326358647829     
   23.417999999981841        489.40180145818522     
   23.437999999981841        490.35842957164232     
   23.457999999981840        491.22320879007646     
   23.477999999981840        492.03360388345635     
   23.497999999981840        492.83859850496822     
   23.517999999981839        493.63590578295396     
   23.537999999981839        494.40741586641212     
   23.557999999981838        494.43221988570735     
   23.577999999981838        499.44899688754759     
   23.597999999981841        500.13785927004972     
   23.617999999981841        500.92651563696000     
   23.637999999981840        501.84417027505026     
   23.657999999981840        502.88323660282686     
   23.677999999981839        503.39341292270529     
   23.697999999981839        509.15002892988758     
   23.717999999981838        514.96600611666213     
   23.737999999981838        516.14388762868157     
