   10.047589602843736       0.36593020884561517        664.00000000000000        290.00000000000000     
   18.087473302359566       0.86462856859702208        1594.0000000000000        437.00000000000000     
   23.246439315927311       0.77890669666601497        1473.0000000000000        8.0000000000000000     
   3.4483903494036037        7.1447660427894785E-002   278.00000000000000        85.000000000000000     
   10.721227445312882       0.42795774788040419        714.00000000000000        222.00000000000000     
   11.821818194993035       0.17220990894222812        772.00000000000000        76.000000000000000     
   6.8147977060202507       0.10559866175414054        609.00000000000000        411.00000000000000     
   15.549677477556116       0.11502449464095593        1444.0000000000000        34.000000000000000     
   13.859568103011846       0.48353486021288689        1423.0000000000000        40.000000000000000     
   19.507592753350675       0.31615561206349513        1403.0000000000000        45.000000000000000     
