  0.21000000000000005       0.80000000000000049        1.0666347267346648     
  0.20000000000000004       0.81000000000000050        1.0805707701064156     
  0.21000000000000005       0.81000000000000050        1.0710438986278350     
  0.22000000000000006       0.81000000000000050        1.0619187238655214     
  0.19000000000000003       0.82000000000000051        1.0953046477687769     
  0.20000000000000004       0.82000000000000051        1.0851891548360113     
  0.21000000000000005       0.82000000000000051        1.0755218370670441     
  0.22000000000000006       0.82000000000000051        1.0662653451879689     
  0.19000000000000003       0.83000000000000052        1.1001527149507284     
  0.20000000000000004       0.83000000000000052        1.0898822275824025     
  0.21000000000000005       0.83000000000000052        1.0800705056297037     
  0.22000000000000006       0.83000000000000052        1.0706790840458771     
  0.23000000000000007       0.83000000000000052        1.0616741718928882     
  0.20000000000000004       0.84000000000000052        1.0946522023354941     
  0.21000000000000005       0.84000000000000052        1.0846919508399198     
  0.22000000000000006       0.84000000000000052        1.0751618377754950     
  0.23000000000000007       0.84000000000000052        1.0660270691493330     
  0.20000000000000004       0.85000000000000053        1.0995013902539794     
  0.21000000000000005       0.85000000000000053        1.0893883068527015     
  0.22000000000000006       0.85000000000000053        1.0797155830533507     
  0.23000000000000007       0.85000000000000053        1.0704473745753804     
  0.24000000000000007       0.85000000000000053        1.0615520586639062     
  0.21000000000000005       0.86000000000000054        1.0941618004716274     
  0.22000000000000006       0.86000000000000054        1.0843423803311238     
  0.23000000000000007       0.86000000000000054        1.0749370001324157     
  0.24000000000000007       0.86000000000000054        1.0659130884969854     
  0.21000000000000005       0.87000000000000055        1.0990147565287649     
  0.22000000000000006       0.87000000000000055        1.0890443785829651     
  0.23000000000000007       0.87000000000000055        1.0794979380225214     
  0.24000000000000007       0.87000000000000055        1.0703418698142091     
  0.25000000000000006       0.87000000000000055        1.0615464478681018     
  0.21000000000000005       0.88000000000000056        1.1039496036585807     
  0.22000000000000006       0.88000000000000056        1.0938238203919668     
  0.23000000000000007       0.88000000000000056        1.0841322651905916     
  0.24000000000000007       0.88000000000000056        1.0748403314411465     
  0.25000000000000006       0.88000000000000056        1.0659173917262608     
  0.22000000000000006       0.89000000000000057        1.0986830474051814     
  0.23000000000000007       0.89000000000000057        1.0888421481448727     
  0.24000000000000007       0.89000000000000057        1.0794104834725899     
  0.25000000000000006       0.89000000000000057        1.0703564815020112     
  0.26000000000000006       0.89000000000000057        1.0616520834758831     
  0.22000000000000006       0.90000000000000058        1.1036245061895995     
  0.23000000000000007       0.90000000000000058        1.0936298481232316     
  0.24000000000000007       0.90000000000000058        1.0840544218511943     
  0.25000000000000006       0.90000000000000058        1.0748656650843829     
  0.26000000000000006       0.90000000000000058        1.0660346589781518     
  0.23000000000000007       0.91000000000000059        1.0984977266352676     
  0.24000000000000007       0.91000000000000059        1.0887743332713176     
  0.25000000000000006       0.91000000000000059        1.0794469727875462     
  0.26000000000000006       0.91000000000000059        1.0704858247333493     
  0.27000000000000007       0.91000000000000059        1.0618643024663894     
  0.23000000000000007       0.92000000000000060        1.1034482514134314     
  0.24000000000000007       0.92000000000000060        1.0935725004360988     
  0.25000000000000006       0.92000000000000060        1.0841025220153071     
  0.26000000000000006       0.92000000000000060        1.0750075498691203     
  0.27000000000000007       0.92000000000000060        1.0662601733231689     
  0.24000000000000007       0.93000000000000060        1.0984513076986366     
  0.25000000000000006       0.93000000000000060        1.0888345222584281     
  0.26000000000000006       0.93000000000000060        1.0796018872218132     
  0.27000000000000007       0.93000000000000060        1.0707251277568148     
  0.28000000000000008       0.93000000000000060        1.0621789619458979     
  0.24000000000000007       0.94000000000000061        1.1034132471213571     
  0.25000000000000006       0.94000000000000061        1.0936452804535879     
  0.26000000000000006       0.94000000000000061        1.0842709780963025     
  0.27000000000000007       0.94000000000000061        1.0752611582986842     
  0.28000000000000008       0.94000000000000061        1.0665897466915160     
  0.25000000000000006       0.95000000000000062        1.0985372067357497     
  0.26000000000000006       0.95000000000000062        1.0890170573671125     
  0.27000000000000007       0.95000000000000062        1.0798703426011733     
  0.28000000000000008       0.95000000000000062        1.0710701566841974     
  0.29000000000000009       0.95000000000000062        1.0625923779130713     
  0.25000000000000006       0.96000000000000063        1.1035128206189921     
  0.26000000000000006       0.96000000000000063        1.0938424589505367     
  0.27000000000000007       0.96000000000000063        1.0845548483025584     
  0.28000000000000008       0.96000000000000063        1.0756222100268271     
  0.29000000000000009       0.96000000000000063        1.0670196576560562     
  0.26000000000000006       0.97000000000000064        1.0987496216805086     
  0.27000000000000007       0.97000000000000064        1.0893169382424903     
  0.28000000000000008       0.97000000000000064        1.0802480114864224     
  0.29000000000000009       0.97000000000000064        1.0715171522647187     
  0.30000000000000010       0.97000000000000064        1.0631012735264753     
  0.26000000000000006       0.98000000000000065        1.1037410956243905     
  0.27000000000000007       0.98000000000000065        1.0941589760588193     
  0.28000000000000008       0.98000000000000065        1.0849497574739480     
  0.29000000000000009       0.98000000000000065        1.0760869075958672     
  0.30000000000000010       0.98000000000000065        1.0675465988848185     
  0.27000000000000007       0.99000000000000066        1.0990834321995993     
  0.28000000000000008       0.99000000000000066        1.0897297413850604     
  0.29000000000000009       0.99000000000000066        1.0807310578470450     
  0.30000000000000010       0.99000000000000066        1.0720627765013240     
  0.31000000000000011       0.99000000000000066        1.0637027351832462     
  0.27000000000000007        1.0000000000000007        1.1040928903876754     
  0.28000000000000008        1.0000000000000007        1.0945903593335442     
  0.29000000000000009        1.0000000000000007        1.0854518306616296     
  0.30000000000000010        1.0000000000000007        1.0766518821948070     
  0.31000000000000011        1.0000000000000007        1.0681676325417706     
