   1.0000000000000007        0.0000000000000000       0.66666782890573684     
  0.99000000000000066        1.0000000000000000E-002  0.66890348630138641     
  0.98000000000000065        2.0000000000000000E-002  0.67116639243709231     
  0.97000000000000064        2.9999999999999999E-002  0.67345714634799814     
  0.96000000000000063        4.0000000000000001E-002  0.67577636638555805     
  0.95000000000000062        5.0000000000000003E-002  0.67812469104510686     
  0.94000000000000061        6.0000000000000005E-002  0.68050277983790652     
  0.93000000000000060        7.0000000000000007E-002  0.68291131421054052     
  0.92000000000000060        8.0000000000000002E-002  0.68535099851476677     
  0.91000000000000059        8.9999999999999997E-002  0.68782256103117589     
  0.90000000000000058        9.9999999999999992E-002  0.69032675505025742     
  0.89000000000000057       0.10999999999999999       0.69286436001476825     
  0.88000000000000056       0.11999999999999998       0.69543618272760188     
  0.87000000000000055       0.12999999999999998       0.69804305862969929     
  0.86000000000000054       0.13999999999999999       0.70068585315291232     
  0.85000000000000053       0.14999999999999999       0.70336546315313464     
  0.84000000000000052       0.16000000000000000       0.70608281842945919     
  0.83000000000000052       0.17000000000000001       0.70883888333560863     
  0.82000000000000051       0.18000000000000002       0.71163465849041785     
  0.81000000000000050       0.19000000000000003       0.71447118259474196     
  0.80000000000000049       0.20000000000000004       0.71734953436279048     
  0.79000000000000048       0.21000000000000005       0.72027083457662444     
  0.78000000000000047       0.22000000000000006       0.72323624827331467     
  0.77000000000000046       0.23000000000000007       0.72624698707513957     
  0.76000000000000045       0.24000000000000007       0.72930431167415022     
  0.75000000000000044       0.25000000000000006       0.73240953448348711     
  0.74000000000000044       0.26000000000000006       0.73556402246901453     
  0.73000000000000043       0.27000000000000007       0.73876920017612813     
  0.72000000000000042       0.28000000000000008       0.74202655296804410     
  0.71000000000000041       0.29000000000000009       0.74533763049348289     
  0.70000000000000040       0.30000000000000010       0.74870405040345700     
  0.69000000000000039       0.31000000000000011       0.75212750233885717     
  0.68000000000000038       0.32000000000000012       0.75560975221278837     
  0.67000000000000037       0.33000000000000013       0.75915264681407835     
  0.66000000000000036       0.34000000000000014       0.76275811876120980     
  0.65000000000000036       0.35000000000000014       0.76642819183905431     
  0.64000000000000035       0.36000000000000015       0.77016498675433287     
  0.63000000000000034       0.37000000000000016       0.77397072734971473     
  0.62000000000000033       0.38000000000000017       0.77784774732096040     
  0.61000000000000032       0.39000000000000018       0.78179849748661290     
  0.60000000000000031       0.40000000000000019       0.78582555366548734     
  0.59000000000000030       0.41000000000000020       0.78993162522377114     
  0.58000000000000029       0.42000000000000021       0.79411956436097819     
  0.57000000000000028       0.43000000000000022       0.79839237621248438     
  0.56000000000000028       0.44000000000000022       0.80275322985606090     
  0.55000000000000027       0.45000000000000023       0.80720547032092349     
  0.54000000000000026       0.46000000000000024       0.81175263171052481     
  0.53000000000000025       0.47000000000000025       0.81639845156498758     
  0.52000000000000024       0.48000000000000026       0.82114688660593227     
  0.51000000000000023       0.49000000000000027       0.82600213002598899     
  0.50000000000000022       0.50000000000000022       0.83096863050789771     
  0.49000000000000027       0.51000000000000023       0.83605111318441028     
  0.48000000000000026       0.52000000000000024       0.84125460278084796     
  0.47000000000000025       0.53000000000000025       0.84658444921802101     
  0.46000000000000024       0.54000000000000026       0.85204635599525047     
  0.45000000000000023       0.55000000000000027       0.85764641172267686     
  0.44000000000000022       0.56000000000000028       0.86339112523045070     
  0.43000000000000022       0.57000000000000028       0.86928746475154994     
  0.42000000000000021       0.58000000000000029       0.87534290175721918     
  0.41000000000000020       0.59000000000000030       0.88156546012221026     
  0.40000000000000019       0.60000000000000031       0.88796377141460936     
  0.39000000000000018       0.61000000000000032       0.89454713724663060     
  0.38000000000000017       0.62000000000000033       0.90132559979382720     
  0.37000000000000016       0.63000000000000034       0.90831002179791553     
  0.36000000000000015       0.64000000000000035       0.91551217762187753     
  0.35000000000000014       0.65000000000000036       0.92294485723676567     
  0.34000000000000014       0.66000000000000036       0.93062198540281882     
  0.33000000000000013       0.67000000000000037       0.93855875878244688     
  0.32000000000000012       0.68000000000000038       0.94677180431501484     
  0.31000000000000011       0.69000000000000039       0.95527936292673088     
  0.30000000000000010       0.70000000000000040       0.96410150358799229     
  0.29000000000000009       0.71000000000000041       0.97326037392527487     
  0.28000000000000008       0.72000000000000042       0.98278049512591481     
  0.27000000000000007       0.73000000000000043       0.99268911085257439     
  0.26000000000000006       0.74000000000000044        1.0030166024620517     
  0.25000000000000006       0.75000000000000044        1.0137969862127403     
  0.24000000000000007       0.76000000000000045        1.0250685126455867     
  0.23000000000000007       0.77000000000000046        1.0368743943617713     
  0.22000000000000006       0.78000000000000047        1.0492636966137332     
  0.21000000000000005       0.79000000000000048        1.0622924363798827     
  0.20000000000000004       0.80000000000000049        1.0760249512555837     
  0.19000000000000003       0.81000000000000050        1.0905356216061293     
  0.18000000000000002       0.82000000000000051        1.1059110611413467     
  0.17000000000000001       0.83000000000000052        1.1222529373433936     
  0.16000000000000000       0.84000000000000052        1.1396816519826263     
  0.14999999999999999       0.85000000000000053        1.1583412164310611     
  0.13999999999999999       0.86000000000000054        1.1784058188729705     
  0.12999999999999998       0.87000000000000055        1.2000888396217191     
  0.11999999999999998       0.88000000000000056        1.2236554966014150     
  0.10999999999999999       0.89000000000000057        1.2494410269257199     
   9.9999999999999992E-002  0.90000000000000058        1.2778775895986354     
   8.9999999999999997E-002  0.91000000000000059        1.3095354387863085     
   8.0000000000000002E-002  0.92000000000000060        1.3451885265723349     
   7.0000000000000007E-002  0.93000000000000060        1.3859242723459797     
   6.0000000000000005E-002  0.94000000000000061        1.4333387569842748     
   5.0000000000000003E-002  0.95000000000000062        1.4899119528361133     
   4.0000000000000001E-002  0.96000000000000063        1.5598079947013848     
   2.9999999999999999E-002  0.97000000000000064        1.6508514874922375     
   2.0000000000000000E-002  0.98000000000000065        1.7806517615293198     
   1.0000000000000000E-002  0.99000000000000066        2.0055463889612608     
   0.0000000000000000        1.0000000000000007        8.7718360844648018     
