   0.0000000000000000       0.19000000000000003        1.0717048368269957     
   0.0000000000000000       0.20000000000000004        1.0760223524100101     
   0.0000000000000000       0.21000000000000005        1.0804042904332622     
   0.0000000000000000       0.22000000000000006        1.0848523984450607     
   0.0000000000000000       0.23000000000000007        1.0893684938711923     
   1.0000000000000000E-002  0.26000000000000006        1.0743119361658329     
   1.0000000000000000E-002  0.27000000000000007        1.0786510564472405     
   1.0000000000000000E-002  0.28000000000000008        1.0830548399948712     
   1.0000000000000000E-002  0.29000000000000009        1.0875250338258966     
   1.0000000000000000E-002  0.30000000000000010        1.0920634543967767     
   2.0000000000000000E-002  0.30000000000000010        1.0718394172242354     
   2.0000000000000000E-002  0.31000000000000011        1.0761438118769080     
   2.0000000000000000E-002  0.32000000000000012        1.0805119411412245     
   2.0000000000000000E-002  0.33000000000000013        1.0849455153802863     
   2.0000000000000000E-002  0.34000000000000014        1.0894463124729579     
   2.9999999999999999E-002  0.34000000000000014        1.0719207959192498     
   2.9999999999999999E-002  0.35000000000000014        1.0762319831538991     
   2.9999999999999999E-002  0.36000000000000015        1.0806071467562246     
   2.9999999999999999E-002  0.37000000000000016        1.0850480079934717     
   2.9999999999999999E-002  0.38000000000000017        1.0895563562710273     
   4.0000000000000001E-002  0.38000000000000017        1.0735480459186379     
   4.0000000000000001E-002  0.39000000000000018        1.0778907551187609     
   4.0000000000000001E-002  0.40000000000000019        1.0822983738932312     
   4.0000000000000001E-002  0.41000000000000020        1.0867726624167107     
   5.0000000000000003E-002  0.41000000000000020        1.0719639212027503     
   4.0000000000000001E-002  0.42000000000000021        1.0913154511231851     
   5.0000000000000003E-002  0.42000000000000021        1.0762915765820287     
   5.0000000000000003E-002  0.43000000000000022        1.0806838371011358     
   5.0000000000000003E-002  0.44000000000000022        1.0851424532279235     
   5.0000000000000003E-002  0.45000000000000023        1.0896692452611298     
   6.0000000000000005E-002  0.45000000000000023        1.0755337356293326     
   6.0000000000000005E-002  0.46000000000000024        1.0799238935501618     
   6.0000000000000005E-002  0.47000000000000025        1.0843804620754738     
   6.0000000000000005E-002  0.48000000000000026        1.0889052663508669     
   7.0000000000000007E-002  0.48000000000000026        1.0754472170295000     
   7.0000000000000007E-002  0.49000000000000027        1.0798457841666362     
   7.0000000000000007E-002  0.50000000000000022        1.0843111094805278     
   7.0000000000000007E-002  0.51000000000000023        1.0888450348687504     
   8.0000000000000002E-002  0.51000000000000023        1.0759190709222008     
   8.0000000000000002E-002  0.52000000000000024        1.0803348098227388     
   8.0000000000000002E-002  0.53000000000000025        1.0848179002862017     
   8.9999999999999997E-002  0.53000000000000025        1.0724961744464903     
   8.0000000000000002E-002  0.54000000000000026        1.0893702110736452     
   8.9999999999999997E-002  0.54000000000000026        1.0768703499088526     
   8.9999999999999997E-002  0.55000000000000027        1.0813108564077556     
   8.9999999999999997E-002  0.56000000000000028        1.0858195241615638     
   9.9999999999999992E-002  0.56000000000000028        1.0738390997022398     
   8.9999999999999997E-002  0.57000000000000028        1.0903982578507245     
   9.9999999999999992E-002  0.57000000000000028        1.0782438748705960     
   9.9999999999999992E-002  0.58000000000000029        1.0827159464092975     
   9.9999999999999992E-002  0.59000000000000030        1.0872571865477565     
  0.10999999999999999       0.59000000000000030        1.0755557444360950     
   9.9999999999999992E-002  0.60000000000000031        1.0918695443516122     
  0.10999999999999999       0.60000000000000031        1.0799971871301728     
  0.10999999999999999       0.61000000000000032        1.0845070700993515     
  0.11999999999999998       0.61000000000000032        1.0731984689227816     
  0.10999999999999999       0.62000000000000033        1.0890873153300529     
  0.11999999999999998       0.62000000000000033        1.0776144208283585     
  0.11999999999999998       0.63000000000000034        1.0820982285971930     
  0.11999999999999998       0.64000000000000035        1.0866517930728108     
  0.12999999999999998       0.64000000000000035        1.0755285932474346     
  0.11999999999999998       0.65000000000000036        1.0912770936980607     
  0.12999999999999998       0.65000000000000036        1.0799909378715062     
  0.12999999999999998       0.66000000000000036        1.0845225633081164     
  0.13999999999999999       0.66000000000000036        1.0737079365372888     
  0.12999999999999998       0.67000000000000037        1.0891254321761656     
  0.13999999999999999       0.67000000000000037        1.0781528957265647     
  0.13999999999999999       0.68000000000000038        1.0826667736681839     
  0.14999999999999999       0.68000000000000038        1.0721262419646345     
  0.13999999999999999       0.69000000000000039        1.0872515208521780     
  0.14999999999999999       0.69000000000000039        1.0765574610985515     
  0.13999999999999999       0.70000000000000040        1.0919091693069911     
  0.14999999999999999       0.70000000000000040        1.0810573381768576     
  0.14999999999999999       0.71000000000000041        1.0856278157217352     
  0.16000000000000000       0.71000000000000041        1.0751823960785534     
  0.14999999999999999       0.72000000000000042        1.0902709174521683     
  0.16000000000000000       0.72000000000000042        1.0796716548299243     
  0.16000000000000000       0.73000000000000043        1.0842313401473669     
  0.17000000000000001       0.73000000000000043        1.0740089457581630     
  0.16000000000000000       0.74000000000000044        1.0888634713849088     
  0.17000000000000001       0.74000000000000044        1.0784906677896777     
  0.17000000000000001       0.75000000000000044        1.0830427288198732     
  0.18000000000000002       0.75000000000000044        1.0730211513404762     
  0.17000000000000001       0.76000000000000045        1.0876671474282962     
  0.18000000000000002       0.76000000000000045        1.0774981674825987     
  0.17000000000000001       0.77000000000000046        1.0923660278431520     
  0.18000000000000002       0.77000000000000046        1.0820455144183718     
  0.19000000000000003       0.77000000000000046        1.0722053281996886     
  0.18000000000000002       0.78000000000000047        1.0866652132607242     
  0.19000000000000003       0.78000000000000047        1.0766802588902431     
  0.18000000000000002       0.79000000000000048        1.0913593710154523     
  0.19000000000000003       0.79000000000000048        1.0812255858175217     
  0.19000000000000003       0.80000000000000049        1.0858433357099211     
