   0.0000000000000000       0.16000000000000000        1.0591223254840041     
   0.0000000000000000       0.17000000000000001        1.0632564114187395     
   0.0000000000000000       0.18000000000000002        1.0674500625181134     
   0.0000000000000000       0.19000000000000003        1.0717048368269957     
   0.0000000000000000       0.20000000000000004        1.0760223524100101     
   0.0000000000000000       0.21000000000000005        1.0804042904332622     
   0.0000000000000000       0.22000000000000006        1.0848523984450607     
   0.0000000000000000       0.23000000000000007        1.0893684938711923     
   1.0000000000000000E-002  0.23000000000000007        1.0616660553534847     
   0.0000000000000000       0.24000000000000007        1.0939544677417556     
   1.0000000000000000E-002  0.24000000000000007        1.0658210240427617     
   0.0000000000000000       0.25000000000000006        1.0986122886681100     
   1.0000000000000000E-002  0.25000000000000006        1.0700357981232984     
   0.0000000000000000       0.26000000000000006        1.1033440070903076     
   1.0000000000000000E-002  0.26000000000000006        1.0743119361658329     
   0.0000000000000000       0.27000000000000007        1.1081517598172801     
   1.0000000000000000E-002  0.27000000000000007        1.0786510564472405     
   2.0000000000000000E-002  0.27000000000000007        1.0592924814659099     
   0.0000000000000000       0.28000000000000008        1.1130377748842453     
   1.0000000000000000E-002  0.28000000000000008        1.0830548399948712     
   2.0000000000000000E-002  0.28000000000000008        1.0634153080896573     
   0.0000000000000000       0.29000000000000009        1.1180043767542074     
   1.0000000000000000E-002  0.29000000000000009        1.0875250338258966     
   2.0000000000000000E-002  0.29000000000000009        1.0675971110038291     
   0.0000000000000000       0.30000000000000010        1.1230539918931033     
   1.0000000000000000E-002  0.30000000000000010        1.0920634543967767     
   2.0000000000000000E-002  0.30000000000000010        1.0718394172242354     
   1.0000000000000000E-002  0.31000000000000011        1.0966719912793326     
   2.0000000000000000E-002  0.31000000000000011        1.0761438118769080     
   2.9999999999999999E-002  0.31000000000000011        1.0593548324213122     
   1.0000000000000000E-002  0.32000000000000012        1.1013526110814609     
   2.0000000000000000E-002  0.32000000000000012        1.0805119411412245     
   2.9999999999999999E-002  0.32000000000000012        1.0634837861457083     
   1.0000000000000000E-002  0.33000000000000013        1.1061073616321739     
   2.0000000000000000E-002  0.33000000000000013        1.0849455153802863     
   2.9999999999999999E-002  0.33000000000000013        1.0676719285508893     
   1.0000000000000000E-002  0.34000000000000014        1.1109383764525651     
   2.0000000000000000E-002  0.34000000000000014        1.0894463124729579     
   2.9999999999999999E-002  0.34000000000000014        1.0719207959192498     
   1.0000000000000000E-002  0.35000000000000014        1.1158478795363327     
   2.0000000000000000E-002  0.35000000000000014        1.0940161813632963     
   2.9999999999999999E-002  0.35000000000000014        1.0762319831538991     
   4.0000000000000001E-002  0.35000000000000014        1.0608927557782848     
   1.0000000000000000E-002  0.36000000000000015        1.1208381904658462     
   2.0000000000000000E-002  0.36000000000000015        1.0986570458445293     
   2.9999999999999999E-002  0.36000000000000015        1.0806071467562246     
   4.0000000000000001E-002  0.36000000000000015        1.0650506460209446     
   2.0000000000000000E-002  0.37000000000000016        1.1033709085963399     
   2.9999999999999999E-002  0.37000000000000016        1.0850480079934717     
   4.0000000000000001E-002  0.37000000000000016        1.0692685528720283     
   2.0000000000000000E-002  0.38000000000000017        1.1081598554959990     
   2.9999999999999999E-002  0.38000000000000017        1.0895563562710273     
   4.0000000000000001E-002  0.38000000000000017        1.0735480459186379     
   5.0000000000000003E-002  0.38000000000000017        1.0593520570278732     
   2.0000000000000000E-002  0.39000000000000018        1.1130260602258297     
   2.9999999999999999E-002  0.39000000000000018        1.0941340527253978     
   4.0000000000000001E-002  0.39000000000000018        1.0778907551187609     
   5.0000000000000003E-002  0.39000000000000018        1.0634957524635318     
   2.0000000000000000E-002  0.40000000000000019        1.1179717892016712     
   2.9999999999999999E-002  0.40000000000000019        1.0987830340553750     
   4.0000000000000001E-002  0.40000000000000019        1.0822983738932312     
   5.0000000000000003E-002  0.40000000000000019        1.0676991868436296     
   2.0000000000000000E-002  0.41000000000000020        1.1229994068494524     
   2.9999999999999999E-002  0.41000000000000020        1.1035053166105040     
   4.0000000000000001E-002  0.41000000000000020        1.0867726624167107     
   5.0000000000000003E-002  0.41000000000000020        1.0719639212027503     
   6.0000000000000005E-002  0.41000000000000020        1.0586030904833126     
   2.9999999999999999E-002  0.42000000000000021        1.1083030007577723     
   4.0000000000000001E-002  0.42000000000000021        1.0913154511231851     
   5.0000000000000003E-002  0.42000000000000021        1.0762915765820287     
   6.0000000000000005E-002  0.42000000000000021        1.0627445055933493     
   2.9999999999999999E-002  0.43000000000000022        1.1131782755494659     
   4.0000000000000001E-002  0.43000000000000022        1.0959286444429008     
   5.0000000000000003E-002  0.43000000000000022        1.0806838371011358     
   6.0000000000000005E-002  0.43000000000000022        1.0669456983055514     
   2.9999999999999999E-002  0.44000000000000022        1.1181334237173304     
   4.0000000000000001E-002  0.44000000000000022        1.1006142247892470     
   5.0000000000000003E-002  0.44000000000000022        1.0851424532279235     
   6.0000000000000005E-002  0.44000000000000022        1.0712082333260766     
   7.0000000000000007E-002  0.44000000000000022        1.0584861070366567     
   2.9999999999999999E-002  0.45000000000000023        1.1231708270206935     
   4.0000000000000001E-002  0.45000000000000023        1.1053742568158187     
   5.0000000000000003E-002  0.45000000000000023        1.0896692452611298     
   6.0000000000000005E-002  0.45000000000000023        1.0755337356293326     
   7.0000000000000007E-002  0.45000000000000023        1.0626346908627902     
   4.0000000000000001E-002  0.46000000000000024        1.1102108919658473     
   5.0000000000000003E-002  0.46000000000000024        1.0942661070429538     
   6.0000000000000005E-002  0.46000000000000024        1.0799238935501618     
   7.0000000000000007E-002  0.46000000000000024        1.0668433415766125     
   4.0000000000000001E-002  0.47000000000000025        1.1151263733383132     
   5.0000000000000003E-002  0.47000000000000025        1.0989350099198567     
   6.0000000000000005E-002  0.47000000000000025        1.0843804620754738     
   7.0000000000000007E-002  0.47000000000000025        1.0711136372614298     
   8.0000000000000002E-002  0.47000000000000025        1.0588947192843952     
   4.0000000000000001E-002  0.48000000000000026        1.1201230408974518     
   5.0000000000000003E-002  0.48000000000000026        1.1036780069717098     
   6.0000000000000005E-002  0.48000000000000026        1.0889052663508669     
   7.0000000000000007E-002  0.48000000000000026        1.0754472170295000     
   8.0000000000000002E-002  0.48000000000000026        1.0630583423368831     
   5.0000000000000003E-002  0.49000000000000027        1.1084972375312880     
   6.0000000000000005E-002  0.49000000000000027        1.0935002054192702     
   7.0000000000000007E-002  0.49000000000000027        1.0798457841666362     
   8.0000000000000002E-002  0.49000000000000027        1.0672825318018431     
   5.0000000000000003E-002  0.50000000000000022        1.1133949320182754     
   6.0000000000000005E-002  0.50000000000000022        1.0981672562101747     
   7.0000000000000007E-002  0.50000000000000022        1.0843111094805278     
   8.0000000000000002E-002  0.50000000000000022        1.0715688873631652     
   8.9999999999999997E-002  0.50000000000000022        1.0597543711513526     
   5.0000000000000003E-002  0.51000000000000023        1.1183734171143018     
   6.0000000000000005E-002  0.51000000000000023        1.1029084777998048     
   7.0000000000000007E-002  0.51000000000000023        1.0888450348687504     
   8.0000000000000002E-002  0.51000000000000023        1.0759190709222008     
   8.9999999999999997E-002  0.51000000000000023        1.0639398455871525     
   5.0000000000000003E-002  0.52000000000000024        1.1234351213081599     
   6.0000000000000005E-002  0.52000000000000024        1.1077260159645190     
   7.0000000000000007E-002  0.52000000000000024        1.0934494771239405     
   8.0000000000000002E-002  0.52000000000000024        1.0803348098227388     
   8.9999999999999997E-002  0.52000000000000024        1.0681865704781570     
   6.0000000000000005E-002  0.53000000000000025        1.1126221080519101     
   7.0000000000000007E-002  0.53000000000000025        1.0981264319951942     
   8.0000000000000002E-002  0.53000000000000025        1.0848179002862017     
   8.9999999999999997E-002  0.53000000000000025        1.0724961744464903     
   9.9999999999999992E-002  0.53000000000000025        1.0610109016451259     
   6.0000000000000005E-002  0.54000000000000026        1.1175990881964344     
   7.0000000000000007E-002  0.54000000000000026        1.1028779785266192     
   8.0000000000000002E-002  0.54000000000000026        1.0893702110736452     
   8.9999999999999997E-002  0.54000000000000026        1.0768703499088526     
   9.9999999999999992E-002  0.54000000000000026        1.0652243103478947     
   6.0000000000000005E-002  0.55000000000000027        1.1226593929091566     
   7.0000000000000007E-002  0.55000000000000027        1.1077062836959370     
   8.0000000000000002E-002  0.55000000000000027        1.0939936873926976     
   8.9999999999999997E-002  0.55000000000000027        1.0813108564077556     
   9.9999999999999992E-002  0.55000000000000027        1.0694998215710392     
  0.10999999999999999       0.55000000000000027        1.0584385009736836     
   7.0000000000000007E-002  0.56000000000000028        1.1126136073782913     
   8.0000000000000002E-002  0.56000000000000028        1.0986903550692897     
   8.9999999999999997E-002  0.56000000000000028        1.0858195241615638     
   9.9999999999999992E-002  0.56000000000000028        1.0738390997022398     
  0.10999999999999999       0.56000000000000028        1.0626239482309414     
   7.0000000000000007E-002  0.57000000000000028        1.1176023076628991     
   8.0000000000000002E-002  0.57000000000000028        1.1034623250059070     
   8.9999999999999997E-002  0.57000000000000028        1.0903982578507245     
   9.9999999999999992E-002  0.57000000000000028        1.0782438748705960     
  0.10999999999999999       0.57000000000000028        1.0668708657388757     
   7.0000000000000007E-002  0.58000000000000029        1.1226748465529446     
   8.0000000000000002E-002  0.58000000000000029        1.1083117979502237     
   8.9999999999999997E-002  0.58000000000000029        1.0950490406592424     
   9.9999999999999992E-002  0.58000000000000029        1.0827159464092975     
  0.10999999999999999       0.58000000000000029        1.0711808955653299     
  0.11999999999999998       0.58000000000000029        1.0603398354541484     
   8.0000000000000002E-002  0.59000000000000030        1.1132410696003032     
   8.9999999999999997E-002  0.59000000000000030        1.0997739385922414     
   9.9999999999999992E-002  0.59000000000000030        1.0872571865477565     
  0.10999999999999999       0.59000000000000030        1.0755557444360950     
  0.11999999999999998       0.59000000000000030        1.0645628982188926     
   8.0000000000000002E-002  0.60000000000000031        1.1182525360751654     
   8.9999999999999997E-002  0.60000000000000031        1.1045751050924530     
   9.9999999999999992E-002  0.60000000000000031        1.0918695443516122     
  0.10999999999999999       0.60000000000000031        1.0799971871301728     
  0.11999999999999998       0.60000000000000031        1.0688485465758599     
   8.0000000000000002E-002  0.61000000000000032        1.1233486997824267     
   8.9999999999999997E-002  0.61000000000000032        1.1094547859807400     
   9.9999999999999992E-002  0.61000000000000032        1.0965550499307688     
  0.10999999999999999       0.61000000000000032        1.0845070700993515     
  0.11999999999999998       0.61000000000000032        1.0731984689227816     
  0.12999999999999998       0.61000000000000032        1.0625387615130319     
   8.9999999999999997E-002  0.62000000000000033        1.1144153247482116     
   9.9999999999999992E-002  0.62000000000000033        1.1013158189375740     
  0.10999999999999999       0.62000000000000033        1.0890873153300529     
  0.11999999999999998       0.62000000000000033        1.0776144208283585     
  0.12999999999999998       0.62000000000000033        1.0668042810419021     
   8.9999999999999997E-002  0.63000000000000034        1.1194591682302768     
   9.9999999999999992E-002  0.63000000000000034        1.1061540573793645     
  0.10999999999999999       0.63000000000000034        1.0937399244670856     
  0.11999999999999998       0.63000000000000034        1.0820982285971930     
  0.12999999999999998       0.63000000000000034        1.0711336446360784     
  0.13999999999999999       0.63000000000000034        1.0607682021449980     
   9.9999999999999992E-002  0.64000000000000035        1.1110720667720337     
  0.10999999999999999       0.64000000000000035        1.0984669832208371     
  0.11999999999999998       0.64000000000000035        1.0866517930728108     
  0.12999999999999998       0.64000000000000035        1.0755285932474346     
  0.13999999999999999       0.64000000000000035        1.0650173548767434     
   9.9999999999999992E-002  0.65000000000000036        1.1160722496639177     
  0.10999999999999999       0.65000000000000036        1.1032706660815128     
  0.11999999999999998       0.65000000000000036        1.0912770936980607     
  0.12999999999999998       0.65000000000000036        1.0799909378715062     
  0.13999999999999999       0.65000000000000036        1.0693300228914537     
  0.14999999999999999       0.65000000000000036        1.0592262378114885     
   9.9999999999999992E-002  0.66000000000000036        1.1211571155622586     
  0.10999999999999999       0.66000000000000036        1.1081532413663640     
  0.11999999999999998       0.66000000000000036        1.0959761928539848     
  0.12999999999999998       0.66000000000000036        1.0845225633081164     
  0.13999999999999999       0.66000000000000036        1.0737079365372888     
  0.14999999999999999       0.66000000000000036        1.0634623882600860     
  0.10999999999999999       0.67000000000000037        1.1131170766284106     
  0.11999999999999998       0.67000000000000037        1.1007512405003246     
  0.12999999999999998       0.67000000000000037        1.0891254321761656     
  0.13999999999999999       0.67000000000000037        1.0781528957265647     
  0.14999999999999999       0.67000000000000037        1.0677618152102615     
  0.10999999999999999       0.68000000000000038        1.1181646444580799     
  0.11999999999999998       0.68000000000000038        1.1056044791430626     
  0.12999999999999998       0.68000000000000038        1.0938015892033937     
  0.13999999999999999       0.68000000000000038        1.0826667736681839     
  0.14999999999999999       0.68000000000000038        1.0721262419646345     
  0.16000000000000000       0.68000000000000038        1.0621181764526049     
  0.10999999999999999       0.69000000000000039        1.1232985287123725     
  0.11999999999999998       0.69000000000000039        1.1105382491569711     
  0.12999999999999998       0.69000000000000039        1.0985531658139660     
  0.13999999999999999       0.69000000000000039        1.0872515208521780     
  0.14999999999999999       0.69000000000000039        1.0765574610985515     
  0.16000000000000000       0.69000000000000039        1.0664074819262099     
  0.11999999999999998       0.70000000000000040        1.1155549944939223     
  0.12999999999999998       0.70000000000000040        1.1033823850389215     
  0.13999999999999999       0.70000000000000040        1.0919091693069911     
  0.14999999999999999       0.70000000000000040        1.0810573381768576     
  0.16000000000000000       0.70000000000000040        1.0707616255998431     
  0.17000000000000001       0.70000000000000040        1.0609668193541333     
  0.11999999999999998       0.71000000000000041        1.1206572688108891     
  0.12999999999999998       0.71000000000000041        1.1082915667770628     
  0.13999999999999999       0.71000000000000041        1.0966418371521436     
  0.14999999999999999       0.71000000000000041        1.0856278157217352     
  0.16000000000000000       0.71000000000000041        1.0751823960785534     
  0.17000000000000001       0.71000000000000041        1.0652488456889819     
  0.12999999999999998       0.72000000000000042        1.1132831334366040     
  0.13999999999999999       0.72000000000000042        1.1014517334711180     
  0.14999999999999999       0.72000000000000042        1.0902709174521683     
  0.16000000000000000       0.72000000000000042        1.0796716548299243     
  0.17000000000000001       0.72000000000000042        1.0695956252574041     
  0.18000000000000002       0.72000000000000042        1.0599930712907493     
  0.12999999999999998       0.73000000000000043        1.1183596159910283     
  0.13999999999999999       0.73000000000000043        1.1063411635317855     
  0.14999999999999999       0.73000000000000043        1.0949887528175553     
  0.16000000000000000       0.73000000000000043        1.0842313401473669     
  0.17000000000000001       0.73000000000000043        1.0740089457581630     
  0.18000000000000002       0.73000000000000043        1.0642704294027554     
  0.12999999999999998       0.74000000000000044        1.1235236604860390     
  0.13999999999999999       0.74000000000000044        1.1113125343844392     
  0.14999999999999999       0.74000000000000044        1.0997835218502510     
  0.16000000000000000       0.74000000000000044        1.0888634713849088     
  0.17000000000000001       0.74000000000000044        1.0784906677896777     
  0.18000000000000002       0.74000000000000044        1.0686125262146500     
  0.19000000000000003       0.74000000000000044        1.0591838466245431     
  0.13999999999999999       0.75000000000000044        1.1163683608705610     
  0.14999999999999999       0.75000000000000044        1.1046575203642068     
  0.16000000000000000       0.75000000000000044        1.0935701534860227     
  0.17000000000000001       0.75000000000000044        1.0830427288198732     
  0.18000000000000002       0.75000000000000044        1.0730211513404762     
  0.19000000000000003       0.75000000000000044        1.0634589529326011     
  0.13999999999999999       0.76000000000000045        1.1215112720789162     
  0.14999999999999999       0.76000000000000045        1.1096131455296838     
  0.16000000000000000       0.76000000000000045        1.0983535818312489     
  0.17000000000000001       0.76000000000000045        1.0876671474282962     
  0.18000000000000002       0.76000000000000045        1.0774981674825987     
  0.19000000000000003       0.76000000000000045        1.0677988487388497     
  0.20000000000000004       0.76000000000000045        1.0585278379345531     
  0.14999999999999999       0.77000000000000046        1.1146529018570290     
  0.16000000000000000       0.77000000000000046        1.1032160474318322     
  0.17000000000000001       0.77000000000000046        1.0923660278431520     
  0.18000000000000002       0.77000000000000046        1.0820455144183718     
  0.19000000000000003       0.77000000000000046        1.0722053281996886     
  0.20000000000000004       0.77000000000000046        1.0628029444886298     
  0.14999999999999999       0.78000000000000047        1.1197794076259573     
  0.16000000000000000       0.78000000000000047        1.1081599424993263     
  0.17000000000000001       0.78000000000000047        1.0971415647981231     
  0.18000000000000002       0.78000000000000047        1.0866652132607242     
  0.19000000000000003       0.78000000000000047        1.0766802588902431     
  0.20000000000000004       0.78000000000000047        1.0671429524661948     
  0.16000000000000000       0.79000000000000048        1.1131877664242036     
  0.17000000000000001       0.79000000000000048        1.1019960487362912     
  0.18000000000000002       0.79000000000000048        1.0913593710154523     
  0.19000000000000003       0.79000000000000048        1.0812255858175217     
  0.20000000000000004       0.79000000000000048        1.0715496630373720     
  0.16000000000000000       0.80000000000000049        1.1183021321999016     
  0.17000000000000001       0.80000000000000049        1.1069318713912843     
  0.18000000000000002       0.80000000000000049        1.0961301854603045     
  0.19000000000000003       0.80000000000000049        1.0858433357099211     
  0.16000000000000000       0.81000000000000050        1.1235057733326297     
  0.17000000000000001       0.81000000000000050        1.1119515317788031     
  0.18000000000000002       0.81000000000000050        1.1009799503734019     
  0.17000000000000001       0.82000000000000051        1.1170576426351713     
