   37365.067999999999        26.280000000000001     
   37365.157720000003        26.228294272803947     
   37365.247440000006        26.176214058795161     
   37365.337160000010        26.122917004587848     
   37365.426880000014        26.070249433656684     
   37365.516600000017        26.020383641559636     
   37365.606320000021        25.974955212597614     
   37365.696040000024        25.935518122746604     
   37365.785760000028        25.899065672755249     
   37365.875480000032        25.859360218106076     
   37365.965200000035        25.817377821931657     
   37366.054920000039        25.780991313041184     
   37366.144640000042        25.779783384453086     
   37366.234360000046        25.775715307485129     
   37366.324080000049        25.767844619861613     
   37366.413800000053        25.756725412159170     
   37366.503520000057        25.742911774954429     
   37366.593240000060        25.726957798824017     
   37366.682960000064        25.709417574344563     
   37366.772680000067        25.690845192092702     
   37366.862400000071        25.671794742645059     
   37366.952120000075        25.652820316578264     
   37367.041840000078        25.634476004468951     
   37367.131560000082        25.617315896893750     
   37367.221280000085        25.601894084429283     
   37367.311000000089        25.588764657652185     
   37367.400720000092        25.578481707139090     
   37367.490440000096        25.571599323466618     
   37367.580160000100        25.568671597211409     
   37367.669880000103        25.570252536070104     
   37367.759600000107        25.576540281378428     
   37367.849320000110        25.586562584389114     
   37367.939040000114        25.599106941893858     
   37368.028760000117        25.613146714196290     
   37368.118480000121        25.628563131854914     
   37368.208200000125        25.645514200869531     
   37368.297920000128        25.664157994201101     
   37368.387640000132        25.684652255687372     
   37368.477360000135        25.707099224569248     
   37368.567080000139        25.731483668543326     
   37368.656800000143        25.757775402719489     
   37368.746520000146        25.785944242207648     
   37368.836240000150        25.815960002117695     
   37368.925960000153        25.847792497559531     
   37369.015680000157        25.881385401639800     
   37369.105400000160        25.916554349363061     
   37369.195120000164        25.953545018653227     
   37369.284840000168        25.995108882911822     
   37369.374560000171        26.044704510001143     
   37369.464280000175        26.102510772460260     
   37369.554000000178        26.165199376554511     
   37369.643720000182        26.229270538295523     
   37369.733440000186        26.291224473694925     
   37369.823160000189        26.347561398764338     
   37369.912880000193        26.394781529515399     
   37370.002600000196        26.429385081959722     
   37370.092320000200        26.447872272108942     
   37370.182040000203        26.456453977439448     
   37370.271760000207        26.502260046041371     
   37370.361480000211        26.570356648102528     
   37370.451200000214        26.635763709070179     
   37370.540920000218        26.688807467439194     
   37370.630640000221        26.732540471180457     
   37370.720360000225        26.771227249416459     
   37370.810080000228        26.811867744540066     
   37370.899800000232        26.862027973740044     
   37370.989520000236        26.915299907356903     
   37371.079240000239        26.948108706444231     
   37371.168960000243        26.981454120351401     
   37371.258680000246        27.014684202285935     
   37371.348400000250        27.046151753020879     
   37371.438120000254        27.074247245987582     
   37371.527840000257        27.098133140810855     
   37371.617560000261        27.117694776898755     
   37371.707280000264        27.132845331734579     
   37371.797000000268        27.143497982801613     
   37371.886720000271        27.149565907583145     
   37371.976440000275        27.150994061257304     
   37372.066160000279        27.147913384373965     
   37372.155880000282        27.140522277589923     
   37372.245600000286        27.129019236063101     
   37372.335320000289        27.113602754951401     
   37372.425040000293        27.094471329412752     
   37372.514760000297        27.071823454605056     
   37372.604480000300        27.045841094082171     
   37372.694200000304        27.016373455121325     
   37372.783920000307        26.982961402086303     
   37372.873640000311        26.945134159298107     
   37372.963360000314        26.902420951077772     
   37373.053080000318        26.854386746023458     
   37373.142800000322        26.803092606589864     
   37373.232520000325        26.754676032311004     
   37373.322240000329        26.709043003523174     
   37373.411960000332        26.660026920203482     
   37373.501680000336        26.608125702846252     
   37373.591400000339        26.554009005730990     
   37373.681120000343        26.498346483137212     
   37373.770840000347        26.441807789344445     
   37373.860560000350        26.385062578632198     
   37373.950280000354        26.328780505279994     
   37374.040000000357        26.273631223567342     
   37374.129720000361        26.220204550410116     
   37374.219440000365        26.168699802614420     
   37374.309160000368        26.119197090872884     
   37374.398880000372        26.071753904885107     
   37374.488600000375        26.026090412206500     
   37374.578320000379        25.981667474442009     
   37374.668040000382        25.937939304013280     
   37374.757760000386        25.894461907878316     
   37374.847480000390        25.852388918393554     
   37374.937200000393        25.814143063406931     
   37375.026920000397        25.782182065764342     
   37375.116640000400        25.755832821586843     
   37375.206360000404        25.725883118885911     
   37375.296080000408        25.697057752510851     
   37375.385800000411        25.674907880110354     
   37375.475520000415        25.658787178666081     
   37375.565240000418        25.646945978002165     
   37375.654960000422        25.637634607942736     
   37375.744680000425        25.629103398311930     
   37375.834400000429        25.619602678933873     
   37375.924120000433        25.607382779632701     
   37376.013840000436        25.590694030232541     
   37376.103560000440        25.567794112503115     
   37376.193280000443        25.548221931817920     
   37376.283000000447        25.544294830132436     
   37376.372720000450        25.550273746780761     
   37376.462440000454        25.560047272974856     
   37376.552160000458        25.568704440940611     
   37376.641880000461        25.576065920433301     
   37376.731600000465        25.583118014248988     
   37376.821320000468        25.590847025183738     
   37376.911040000472        25.600239253963363     
   37377.000760000476        25.612092605007071     
   37377.090480000479        25.626501058445413     
   37377.180200000483        25.643394220505503     
   37377.269920000486        25.662701648546435     
   37377.359640000490        25.684322799070763     
   37377.449360000493        25.708075835414739     
   37377.539080000497        25.733765333563099     
   37377.628800000501        25.761195869500575     
   37377.718520000504        25.790172019226517     
   37377.808240000508        25.820558968861942     
   37377.897960000511        25.852341585946348     
   37377.987680000515        25.885463403454231     
   37378.077400000519        25.919870340818942     
   37378.167120000522        25.955886153024789     
   37378.256840000526        25.994505010593066     
   37378.346560000529        26.036767081042981     
   37378.436280000533        26.082740458129003     
   37378.526000000536        26.131144149188163     
   37378.615720000540        26.180537011776980     
   37378.705440000544        26.229470700772758     
   37378.795160000547        26.276889350423527     
   37378.884880000551        26.326601958512864     
   37378.974600000554        26.379367117965238     
   37379.064320000558        26.433510495572836     
   37379.154040000562        26.487357163913799     
   37379.243760000565        26.539232195566274     
   37379.333480000569        26.587460663108402     
   37379.423200000572        26.631055447404666     
   37379.512920000576        26.680962597833513     
   37379.602640000579        26.732467979838301     
   37379.692360000583        26.776788911732659     
   37379.782080000587        26.816119262554288     
   37379.871800000590        26.853246087804656     
   37379.961520000594        26.890956442985221     
   37380.051240000597        26.932037383597446     
   37380.140960000601        26.979275965142797     
   37380.230680000604        27.020203031871965     
   37380.320400000608        27.035594314843244     
   37380.410120000612        27.071828928656362     
   37380.499840000615        27.097802703003453     
   37380.589560000619        27.116069867926612     
   37380.679280000622        27.136195220587361     
   37380.769000000626        27.140595415077609     
   37380.858720000630        27.145188977479471     
   37380.948440000633        27.149741114152263     
   37381.038160000637        27.151261691912993     
   37381.127880000640        27.146848402315072     
   37381.217600000644        27.135515025132129     
   37381.307320000647        27.118135434300619     
   37381.397040000651        27.095640255398436     
   37381.486760000655        27.068678077034097     
   37381.576480000658        27.037687941194925     
   37381.666200000662        27.003103919072199     
   37381.755920000665        26.965360081857185     
   37381.845640000669        26.924890500741167     
   37381.935360000673        26.882129246915408     
   37382.025080000676        26.837510391571186     
   37382.114800000680        26.791468005899773     
   37382.204520000683        26.744436161092441     
   37382.294240000687        26.696848928340469     
   37382.383960000690        26.649140378835124     
   37382.473680000694        26.602111725333540     
   37382.563400000698        26.555281544618815     
   37382.653120000701        26.498498430182487     
   37382.742840000705        26.438796607202896     
   37382.832560000708        26.381972073939306     
   37382.922280000712        26.327366332752021     
   37383.012000000715        26.275091945579820     
   37383.101720000719        26.225792553844748     
   37383.191440000723        26.174445882998342     
   37383.281160000726        26.120002414804677     
   37383.370880000730        26.069189623505725     
   37383.460600000733        26.027058028362536     
   37383.550320000737        25.987032297534441     
   37383.640040000741        25.947172523976551     
   37383.729760000744        25.907807086414810     
   37383.819480000748        25.869264363575155     
   37383.909200000751        25.831872734183520     
   37383.998920000755        25.795960576965850     
   37384.088640000758        25.761856270648082     
   37384.178360000762        25.729888193956153     
   37384.268080000766        25.700384725616004     
   37384.357800000769        25.673674244353570     
   37384.447520000773        25.650036746626846     
   37384.537240000776        25.629449659456533     
   37384.626960000780        25.611773680488938     
   37384.716680000784        25.596869259009559     
   37384.806400000787        25.584596844303888     
   37384.896120000791        25.574816885657441     
   37384.985840000794        25.567389832355708     
   37385.075560000798        25.562176133684190     
   37385.165280000801        25.559036969511727     
   37385.255000000805        25.557865176367894     
   37385.344720000809        25.558596702949934     
   37385.434440000812        25.561170588371048     
   37385.524160000816        25.565525871744420     
   37385.613880000819        25.571601592183246     
   37385.703600000823        25.579336788800727     
   37385.793320000826        25.588670500710052     
   37385.883040000830        25.599566697290395     
   37385.972760000834        25.612137278021677     
   37386.062480000837        25.626548495676232     
   37386.152200000841        25.642966686606627     
   37386.241920000844        25.661558187165429     
   37386.331640000848        25.682489333705192     
   37386.421360000852        25.705926462578489     
   37386.511080000855        25.731641268342656     
   37386.600800000859        25.757161100336578     
   37386.690520000862        25.782882470058912     
   37386.780240000866        25.811439958355795     
   37386.869960000869        25.843577649867996     
   37386.959680000873        25.879014440736661     
   37387.049400000877        25.917459739761156     
   37387.139120000880        25.958622955740843     
   37387.228840000884        26.001969453233357     
   37387.318560000887        26.044788463490892     
   37387.408280000891        26.086669087450030     
   37387.498000000895        26.132259912888646     
   37387.587720000898        26.174902484158125     
   37387.677440000902        26.218202264299762     
   37387.767160000905        26.273127642912243     
   37387.856880000909        26.327967368224886     
   37387.946600000912        26.381603335337857     
   37388.036320000916        26.434206309117371     
   37388.126040000920        26.485947054429630     
   37388.215760000923        26.536996336140842     
   37388.305480000927        26.587524919117214     
   37388.395200000930        26.637703568224946     
   37388.484920000934        26.687703048330249     
   37388.574640000938        26.737616417059510     
   37388.664360000941        26.786869122084962     
   37388.754080000945        26.834546529021473     
   37388.843800000948        26.879731300472837     
   37388.933520000952        26.921506099042865     
   37389.023240000955        26.958953587335373     
   37389.112960000959        26.991156427954152     
   37389.202680000963        27.017788535926879     
   37389.292400000966        27.044902963636147     
   37389.382120000970        27.080044072012630     
   37389.471840000973        27.102362674290831     
   37389.561560000977        27.115726631791908     
   37389.651280000980        27.129312799850844     
   37389.741000000984        27.141084207477832     
   37389.830720000988        27.148569210511244     
   37389.920440000991        27.149463004000090     
   37390.010160000995        27.144936235973340     
   37390.099880000998        27.140473667784335     
   37390.189600001002        27.137453034290644     
   37390.279320001006        27.117825541453705     
   37390.369040001009        27.091755051513339     
   37390.458760001013        27.073571820523824     
   37390.548480001016        27.046642378356896     
   37390.638200001020        27.008265621459127     
   37390.727920001023        26.972746380185470     
   37390.817640001027        26.933299686774774     
   37390.907360001031        26.889689676264879     
   37390.997080001034        26.843354547754082     
   37391.086800001038        26.795732500340673     
   37391.176520001041        26.748261733122945     
   37391.266240001045        26.702377766760865     
   37391.355960001049        26.658651855643871     
   37391.445680001052        26.615555807293482     
   37391.535400001056        26.571248788437615     
   37391.625120001059        26.523889965804152     
   37391.714840001063        26.471638506121000     
   37391.804560001066        26.412653576116057     
   37391.894280001070        26.345094342517214     
   37391.984000001074        26.268341142960647     
   37392.073720001077        26.246024796514394     
   37392.163440001081        26.216290326479484     
   37392.253160001084        26.165368351631415     
   37392.342880001088        26.102634992780878     
   37392.432600001091        26.037466370738553     
   37392.522320001095        25.979238596417154     
   37392.612040001099        25.934080535752088     
   37392.701760001102        25.895692764686927     
   37392.791480001106        25.855316909610977     
