   10833.520000000000        25.730000000000000     
   10833.687630000000        25.729043728894737     
   10833.855260000000        25.728606497408919     
   10834.022890000000        25.729207345161999     
   10834.190520000000        25.731349901881714     
   10834.358150000000        25.735226050500167     
   10834.525780000000        25.740737942522173     
   10834.693410000000        25.747776730039160     
   10834.861040000000        25.756233565142548     
   10835.028670000000        25.765999599923763     
   10835.196300000000        25.776965986474224     
   10835.363930000000        25.789023876885359     
   10835.531559999999        25.802064423248588     
   10835.699189999999        25.815978777655335     
   10835.866819999999        25.830658092197027     
   10836.034449999999        25.845993518965077     
   10836.202079999999        25.861876210050919     
   10836.369709999999        25.878197317545968     
   10836.537339999999        25.894955481627036     
   10836.704969999999        25.912746228413706     
   10836.872599999999        25.931958165502358     
   10837.040229999999        25.951913829837739     
   10837.207859999999        25.971737042253675     
   10837.375489999999        25.990107416769494     
   10837.543119999998        26.005453901661575     
   10837.710749999998        26.019870134390267     
   10837.878379999998        26.036054615104323     
   10838.046009999998        26.053938097273658     
   10838.213639999998        26.073400767237736     
   10838.381269999998        26.094322811336010     
   10838.548899999998        26.116584415907955     
   10838.716529999998        26.140065767293034     
   10838.884159999998        26.164643400156343     
   10839.051789999998        26.189260292220006     
   10839.219419999998        26.210692206548341     
   10839.387049999998        26.225408137346829     
   10839.554679999997        26.230786003395323     
   10839.722309999997        26.263008715960368     
   10839.889939999997        26.293962119944833     
   10840.057569999997        26.318059900388981     
   10840.225199999997        26.336317200375284     
   10840.392829999997        26.349749162986232     
   10840.560459999997        26.359370931304323     
   10840.728089999997        26.366197648412033     
   10840.895719999997        26.371244457391857     
   10841.063349999997        26.375526501326277     
   10841.230979999997        26.380058922931610     
   10841.398609999997        26.385626698224144     
   10841.566239999996        26.392126183884422     
   10841.733869999996        26.399239316631792     
   10841.901499999996        26.406648033185611     
   10842.069129999996        26.414034270265240     
   10842.236759999996        26.421079964590028     
   10842.404389999996        26.427467052879333     
   10842.572019999996        26.432877471852507     
   10842.739649999996        26.436993158228905     
   10842.907279999996        26.439496048727889     
   10843.074909999996        26.440144864260240     
   10843.242539999996        26.440013762521133     
   10843.410169999996        26.440424713151245     
   10843.577799999995        26.440644951054704     
   10843.745429999995        26.439632968255758     
   10843.913059999995        26.436715164149888     
   10844.080689999995        26.432013124718789     
   10844.248319999995        26.425752161712690     
   10844.415949999995        26.418157586881808     
   10844.583579999995        26.409454711976363     
   10844.751209999995        26.399868848423463     
   10844.918839999995        26.389478651686467     
   10845.086469999995        26.377798897682545     
   10845.254099999995        26.364217753568933     
   10845.421729999995        26.348456697849862     
   10845.589359999994        26.330663131537435     
   10845.756989999994        26.311012221463415     
   10845.924619999994        26.289679134459547     
   10846.092249999994        26.266839037357592     
   10846.259879999994        26.242667096989301     
   10846.427509999994        26.217338480186427     
   10846.595139999994        26.191028353780723     
   10846.762769999994        26.163911884603948     
   10846.930399999994        26.136164239487851     
   10847.098029999994        26.107960585264191     
   10847.265659999994        26.079478032508177     
   10847.433289999994        26.050912428529688     
   10847.600919999993        26.022470097487108     
   10847.768549999993        25.994357478198470     
   10847.936179999993        25.966781009481821     
   10848.103809999993        25.939947130155197     
   10848.271439999993        25.914062279036642     
   10848.439069999993        25.889332894944197     
   10848.606699999993        25.865965416695893     
   10848.774329999993        25.844166283109786     
   10848.941959999993        25.824141933003908     
   10849.109589999993        25.806098805196299     
   10849.277219999993        25.790243338505000     
   10849.444849999993        25.776817001762890     
   10849.612479999993        25.765665431451115     
   10849.780109999992        25.755622824569873     
   10849.947739999992        25.746097263725137     
   10850.115369999992        25.737305791074768     
   10850.282999999992        25.729510960063742     
   10850.450629999992        25.722975324137064     
   10850.618259999992        25.717961436739706     
   10850.785889999992        25.714731851316678     
   10850.953519999992        25.713549121312955     
   10851.121149999992        25.714675800173531     
   10851.288779999992        25.718374441343407     
   10851.456409999992        25.724907598267553     
   10851.624039999992        25.734537824390976     
   10851.791669999991        25.747527673158658     
   10851.959299999991        25.764139698015594     
   10852.126929999991        25.784636452406769     
   10852.294559999991        25.806791557530907     
   10852.462189999991        25.821652261874565     
   10852.629819999991        25.833617711723477     
   10852.797449999991        25.846795857416467     
   10852.965079999991        25.861374959429931     
   10853.132709999991        25.877159867868983     
   10853.300339999991        25.893955432838727     
   10853.467969999991        25.911566504444266     
   10853.635599999991        25.929797932790724     
   10853.803229999990        25.948454567983188     
   10853.970859999990        25.967410840001484     
   10854.138489999990        25.986897618321958     
   10854.306119999990        26.007259602694532     
   10854.473749999990        26.028473984035053     
   10854.641379999990        26.048329359744333     
   10854.809009999990        26.064789592973401     
   10854.976639999990        26.081363273339250     
   10855.144269999990        26.099894630023329     
   10855.311899999990        26.119905580200680     
   10855.479529999990        26.140880774792684     
   10855.647159999990        26.162304864720706     
   10855.814789999989        26.183662500906120     
   10855.982419999989        26.204439237980274     
   10856.150049999989        26.224275950554770     
   10856.317679999989        26.243143739272480     
   10856.485309999989        26.261055962885788     
   10856.652939999989        26.278025980147081     
   10856.820569999989        26.294067149808747     
   10856.988199999989        26.309192830623164     
   10857.155829999989        26.323416381342724     
   10857.323459999989        26.336751160719814     
   10857.491089999989        26.349210527506806     
   10857.658719999989        26.360807840456101     
   10857.826349999988        26.371556458320079     
   10857.993979999988        26.381469739851120     
   10858.161609999988        26.390561043801618     
   10858.329239999988        26.398843728923950     
   10858.496869999988        26.406331153970505     
   10858.664499999988        26.413036677693668     
   10858.832129999988        26.418973658845829     
   10858.999759999988        26.424155456179363     
   10859.167389999988        26.428595428446670     
   10859.335019999988        26.432306934400117     
   10859.502649999988        26.435303332792106     
   10859.670279999988        26.437597982375010     
   10859.837909999987        26.439204241901223     
   10860.005539999987        26.440135470123121     
   10860.173169999987        26.440405025793098     
   10860.340799999987        26.440026267663534     
   10860.508429999987        26.438973315094707     
   10860.676059999987        26.437044895683016     
   10860.843689999987        26.433990751824098     
   10861.011319999987        26.429560623690541     
   10861.178949999987        26.423504251454958     
   10861.346579999987        26.415571375289947     
   10861.514209999987        26.405518642417142     
   10861.681839999987        26.393343575583053     
   10861.849469999986        26.379341489498735     
   10862.017099999986        26.363781342725648     
   10862.184729999986        26.346775245236049     
   10862.352359999986        26.328401006993332     
   10862.519989999986        26.308736437960906     
   10862.687619999986        26.287859348102174     
   10862.855249999986        26.265847547380524     
   10863.022879999986        26.242778845759375     
   10863.190509999986        26.218731053202120     
   10863.358139999986        26.193781979672167     
   10863.525769999986        26.168009423288751     
   10863.693399999986        26.141457837635169     
   10863.861029999985        26.114065410114293     
   10864.028659999985        26.085749205427547     
   10864.196289999985        26.056488420656642     
   10864.363919999985        26.026719817520807     
   10864.531549999985        25.997084602504561     
   10864.699179999985        25.968219001859428     
   10864.866809999985        25.940545069497816     
   10865.034439999985        25.914215772251957     
   10865.202069999985        25.889366983298004     
   10865.369699999985        25.866134575812126     
   10865.537329999985        25.844654422970478     
   10865.704959999985        25.825062397949218     
   10865.872589999984        25.807494373924509     
   10866.040219999984        25.792086224072513     
   10866.207849999984        25.778919274016737     
   10866.375479999984        25.767745977189865     
   10866.543109999984        25.758226687105893     
   10866.710739999984        25.750029143722308     
   10866.878369999984        25.742821086996610     
   10867.045999999984        25.736340989354268     
   10867.213629999984        25.731480612916489     
   10867.381259999984        25.730069848647542     
   10867.548889999984        25.733046340359746     
   10867.716519999984        25.738685762955690     
   10867.884149999983        25.744784886767718     
   10868.051779999983        25.749140482128187     
   10868.219409999983        25.751057038231107     
   10868.387039999983        25.758670422031393     
   10868.554669999983        25.760490900854833     
   10868.722299999983        25.767161025423256     
   10868.889929999983        25.779939917247511     
   10869.057559999983        25.796658236526298     
   10869.225189999983        25.815141235474968     
   10869.392819999983        25.832703942188740     
   10869.560449999983        25.847306639310169     
   10869.728079999983        25.860686529666545     
   10869.895709999983        25.875195682628064     
   10870.063339999982        25.894961521433011     
   10870.230969999982        25.922457011947074     
   10870.398599999982        25.946671978597841     
   10870.566229999982        25.967125303875392     
   10870.733859999982        25.984723436731333     
   10870.901489999982        26.000372826117271     
   10871.069119999982        26.014979920984810     
   10871.236749999982        26.029451170285558     
   10871.404379999982        26.044669554851975     
   10871.572009999982        26.061413063867192     
   10871.739639999982        26.080430337240252     
   10871.907269999982        26.102470013516967     
   10872.074899999981        26.128197302390056     
   10872.242529999981        26.152581306110068     
   10872.410159999981        26.170503913736091     
   10872.577789999981        26.184950952028576     
   10872.745419999981        26.199214331522615     
   10872.913049999981        26.215946476506943     
   10873.080679999981        26.234816632766915     
   10873.248309999981        26.254624843022214     
   10873.415939999981        26.274171049602160     
   10873.583569999981        26.292328508267026     
   10873.751199999981        26.308755988795745     
   10873.918829999981        26.323589047955053     
   10874.086459999980        26.336969943836905     
   10874.254089999980        26.349040934533257     
   10874.421719999980        26.359944278136069     
   10874.589349999980        26.369822232737306     
   10874.756979999980        26.378817056428922     
   10874.924609999980        26.387071007302879     
   10875.092239999980        26.394726343451136     
   10875.259869999980        26.401925322965653     
   10875.427499999980        26.408810203938391     
   10875.595129999980        26.415487851901073     
   10875.762759999980        26.421822827516639     
   10875.930389999980        26.427578196364266     
   10876.098019999979        26.432516679265429     
   10876.265649999979        26.436400997041602     
   10876.433279999979        26.438993870514256     
   10876.600909999979        26.440059717344447     
   10876.768539999979        26.439997018707110     
   10876.936169999979        26.440045835977308     
   10877.103799999979        26.439668752494779     
   10877.271429999979        26.440565375586736     
   10877.439059999979        26.442238439102347     
   10877.606689999979        26.438398582376710     
   10877.774319999979        26.427600941573630     
   10877.941949999979        26.420012810786289     
   10878.109579999978        26.419373491883164     
   10878.277209999978        26.413835072554594     
   10878.444839999978        26.403268498801086     
   10878.612469999978        26.388507149902040     
   10878.780099999978        26.370384405136853     
   10878.947729999978        26.349733643784933     
   10879.115359999978        26.327388245125679     
   10879.282989999978        26.304181588438489     
   10879.450619999978        26.280948129828374     
   10879.618249999978        26.258529768905937     
   10879.785879999978        26.237768813836521     
   10879.953509999978        26.216887873662603     
   10880.121139999977        26.190944898622561     
   10880.288769999977        26.165364196715700     
   10880.456399999977        26.143428066773506     
   10880.624029999977        26.119171081219207     
   10880.791659999977        26.085358310900265     
