   89653.104000000007        23.870000000000001     
   89653.181890000007        23.878751390532912     
   89653.259780000008        23.885950355168344     
   89653.337670000008        23.890044476531152     
   89653.415560000009        23.890402799371302     
   89653.493450000009        23.889773697003747     
   89653.571340000010        23.889773749868187     
   89653.649230000010        23.889977775650205     
   89653.727120000010        23.889698011436820     
   89653.805010000011        23.888231536608945     
   89653.882900000011        23.885656932623810     
   89653.960790000012        23.882095082775312     
   89654.038680000012        23.877666870357331     
   89654.116570000013        23.872493178663760     
   89654.194460000013        23.866697706687599     
   89654.272350000014        23.860454187230282     
   89654.350240000014        23.853979358921681     
   89654.428130000015        23.847491360392024     
   89654.506020000015        23.841208330271545     
   89654.583910000016        23.835348407190473     
   89654.661800000016        23.830129729779038     
   89654.739690000017        23.825770436667469     
   89654.817580000017        23.822488666485999     
   89654.895470000018        23.820502557864856     
   89654.973360000018        23.820001395039327     
   89655.051250000019        23.819447852579650     
   89655.129140000019        23.817603434712787     
   89655.207030000020        23.814834574837647     
   89655.284920000020        23.811520442899457     
   89655.362810000021        23.808040208843430     
   89655.440700000021        23.804773042614798     
   89655.518590000022        23.802098114158774     
   89655.596480000022        23.800394593420592     
   89655.674370000022        23.799994257545592     
   89655.752260000023        23.799669808404225     
   89655.830150000023        23.798211484253311     
   89655.908040000024        23.796048770786825     
   89655.985930000024        23.793665705780576     
   89656.063820000025        23.791546327010362     
   89656.141710000025        23.790174672251990     
   89656.219600000026        23.789908793639349     
   89656.297490000026        23.790005168446584     
   89656.375380000027        23.790262859393518     
   89656.453270000027        23.788662854231099     
   89656.531160000028        23.784172650132653     
   89656.609050000028        23.777394242358014     
   89656.686940000029        23.768970500436080     
   89656.764830000029        23.760018402960331     
   89656.842720000030        23.752925278603598     
   89656.920610000030        23.749999016016112     
   89656.998500000031        23.747734474489313     
   89657.076390000031        23.738219820598619     
   89657.154280000032        23.725742961916829     
   89657.232170000032        23.713309437006664     
   89657.310060000033        23.701131735204225     
   89657.387950000033        23.689185610734771     
   89657.465840000033        23.677446817823586     
   89657.543730000034        23.665891110695952     
   89657.621620000034        23.654494243577140     
   89657.699510000035        23.643231970692426     
   89657.777400000035        23.632080046267092     
   89657.855290000036        23.621027948222157     
   89657.933180000036        23.610162589655136     
   89658.011070000037        23.599613039983652     
   89658.088960000037        23.589508537096005     
   89658.166850000038        23.579978318880510     
   89658.244740000038        23.571151623225475     
   89658.322630000039        23.563157688019203     
   89658.400520000039        23.556125751150002     
   89658.478410000040        23.550185050506187     
   89658.556300000040        23.545464823976058     
   89658.634190000041        23.542094309447926     
   89658.712080000041        23.540202744810099     
   89658.789970000042        23.539910002805978     
   89658.867860000042        23.541262780520910     
   89658.945750000043        23.544273360607534     
   89659.023640000043        23.548953825563260     
   89659.101530000044        23.555303209731122     
   89659.179420000044        23.563228812161800     
   89659.257310000045        23.572598585126912     
   89659.335200000045        23.583280330211053     
   89659.413090000045        23.595141848998821     
   89659.490980000046        23.608050943074815     
   89659.568870000046        23.621875414023620     
   89659.646760000047        23.636483063429836     
   89659.724650000047        23.651741692878055     
   89659.802540000048        23.667519103952877     
   89659.880430000048        23.683683098238902     
   89659.958320000049        23.700101477320722     
   89660.036210000049        23.716642042782922     
   89660.114100000050        23.733172596210110     
   89660.191990000050        23.749560939186878     
   89660.269880000051        23.765674873297826     
   89660.347770000051        23.781382200127538     
   89660.425660000052        23.796550721260616     
   89660.503550000052        23.811048238281657     
   89660.581440000053        23.824742552775259     
   89660.659330000053        23.837501466326010     
   89660.737220000054        23.849192780518511     
   89660.815110000054        23.859684296937353     
   89660.893000000055        23.868843817167139     
   89660.970890000055        23.876539142792456     
   89661.048780000056        23.882638075397903     
   89661.126670000056        23.887008416568072     
   89661.204560000057        23.889517967887567     
   89661.282450000057        23.890109246114854     
   89661.360340000057        23.890017761218537     
   89661.438230000058        23.890156457977895     
   89661.516120000058        23.889545422893693     
   89661.594010000059        23.887695173845028     
   89661.671900000059        23.884760433421267     
   89661.749790000060        23.880925346361344     
   89661.827680000060        23.876374057404199     
   89661.905570000061        23.871290711288758     
   89661.983460000061        23.865859452753963     
   89662.061350000062        23.860264426538748     
   89662.139240000062        23.854689777382049     
   89662.217130000063        23.849319472144312     
   89662.295020000063        23.844221497715210     
   89662.372910000064        23.839148698851147     
   89662.450800000064        23.834017356548728     
   89662.528690000065        23.829275333849697     
   89662.606580000065        23.825109999487225     
   89662.684470000066        23.820864282562411     
   89662.762360000066        23.815892971344706     
   89662.840250000067        23.810544701523771     
   89662.918140000067        23.805597018966928     
   89662.996030000068        23.801829162588163     
   89663.073920000068        23.800020371301443     
   89663.151810000069        23.800078962243283     
   89663.229700000069        23.800162334032123     
   89663.307590000069        23.800152345777974     
   89663.385480000070        23.800092670164766     
   89663.463370000070        23.800026979876428     
   89663.541260000071        23.799998572524945     
   89663.619150000071        23.800004109550127     
   89663.697040000072        23.800006140646396     
   89663.774930000072        23.800251052063764     
   89663.852820000073        23.800551921827719     
   89663.930710000073        23.800580619181208     
   89664.008600000074        23.800009013367195     
   89664.086490000074        23.798508973628628     
   89664.164380000075        23.795752369208472     
   89664.242270000075        23.791411069349671     
   89664.320160000076        23.785156943295188     
   89664.398050000076        23.776677362077766     
   89664.475940000077        23.766432837002164     
   89664.553830000077        23.755999774512155     
   89664.631720000078        23.747041540613125     
   89664.709610000078        23.741221501310470     
   89664.787500000079        23.740189383098052     
   89664.865390000079        23.737740563693229     
   89664.943280000080        23.723481387347992     
   89665.021170000080        23.711197375452912     
   89665.099060000080        23.706503637893611     
   89665.176950000081        23.692522344980961     
   89665.254840000081        23.678892306067841     
   89665.332730000082        23.666419840792138     
   89665.410620000082        23.652954868891452     
   89665.488510000083        23.639585233734707     
   89665.566400000083        23.627427279623813     
   89665.644290000084        23.616470430977959     
   89665.722180000084        23.606448358216547     
   89665.800070000085        23.597094731758961     
   89665.877960000085        23.588143222024609     
   89665.955850000086        23.579327499432878     
   89666.033740000086        23.570381234403172     
   89666.111630000087        23.561209288186159     
   89666.189520000087        23.552492995386082     
   89666.267410000088        23.545133726285609     
   89666.345300000088        23.540032865436398     
   89666.423190000089        23.537871881199397     
   89666.501080000089        23.538428536693814     
   89666.578970000090        23.541248495264959     
   89666.656860000090        23.545877420094101     
   89666.734750000091        23.551862568633982     
   89666.812640000091        23.558882837413634     
   89666.890530000092        23.566845086745950     
   89666.968420000092        23.575678876551166     
   89667.046310000092        23.585313766749486     
   89667.124200000093        23.595679317261130     
   89667.202090000093        23.606705088006319     
   89667.279980000094        23.618320638905267     
   89667.357870000094        23.630455530961751     
   89667.435760000095        23.643063464241877     
   89667.513650000095        23.656184604839630     
   89667.591540000096        23.669878471506649     
   89667.669430000096        23.684204582994550     
   89667.747320000097        23.699222458054955     
   89667.825210000097        23.714991615439494     
   89667.903100000098        23.731571573899782     
   89667.980990000098        23.749021852187450     
   89668.058880000099        23.767383081187582     
   89668.136770000099        23.785946016741093     
   89668.214660000100        23.803020972583596     
   89668.292550000100        23.817544864776497     
   89668.370440000101        23.830053409332031     
   89668.448330000101        23.841306658422301     
   89668.526220000102        23.851819036694408     
   89668.604110000102        23.861416018134651     
   89668.682000000103        23.869803189530870     
   89668.759890000103        23.876752665717849     
   89668.837780000104        23.882323991477556     
   89668.915670000104        23.886654318631876     
   89668.993560000104        23.889880800220404     
   89669.071450000105        23.892123686180057     
   89669.149340000105        23.893426023649162     
   89669.227230000106        23.893808830848130     
   89669.305120000106        23.893293124329922     
   89669.383010000107        23.891899920647518     
   89669.460900000107        23.889650236353880     
   89669.538790000108        23.886565088001994     
   89669.616680000108        23.882665492144817     
   89669.694570000109        23.877972465335326     
   89669.772460000109        23.872507024126495     
   89669.850350000110        23.866342287565857     
   89669.928240000110        23.860388603569934     
   89670.006130000111        23.855813687949244     
   89670.084020000111        23.851716062663492     
   89670.161910000112        23.846635465665759     
   89670.239800000112        23.840349612420532     
   89670.317690000113        23.833521657790577     
   89670.395580000113        23.826822724868876     
   89670.473470000114        23.820643386882040     
   89670.551360000114        23.815080542506148     
   89670.629250000115        23.810217245936162     
   89670.707140000115        23.806136551367018     
   89670.785030000116        23.802921512993670     
   89670.862920000116        23.800655185011049     
   89670.940810000116        23.799408440177107     
   89671.018700000117        23.799050780633937     
   89671.096590000117        23.799286303895428     
   89671.174480000118        23.799814206639290     
   89671.252370000118        23.800300596651837     
   89671.330260000119        23.800034761531332     
   89671.408150000119        23.798329053506130     
   89671.486040000120        23.795658968578287     
   89671.563930000120        23.792824170704520     
   89671.641820000121        23.790624336564854     
   89671.719710000121        23.789821106289757     
   89671.797600000122        23.790232532515901     
   89671.875490000122        23.790693229705532     
   89671.953380000123        23.789991801397633     
   89672.031270000123        23.787247905872135     
   89672.109160000124        23.782886180766493     
   89672.187050000124        23.777644518347035     
   89672.264940000125        23.772000682414038     
   89672.342830000125        23.766125909687517     
   89672.420720000126        23.760173828740509     
   89672.498610000126        23.754186497896061     
   89672.576500000127        23.747718710245337     
   89672.654390000127        23.740192272740366     
   89672.732280000128        23.731028989273916     
   89672.810170000128        23.719650663738769     
   89672.888060000128        23.705490918237686     
   89672.965950000129        23.688927602123734     
   89673.043840000129        23.671956216962023     
   89673.121730000130        23.656731129425328     
   89673.199620000130        23.645406706186414     
   89673.277510000131        23.640137313918050     
   89673.355400000131        23.638153479997136     
   89673.433290000132        23.626353236228212     
   89673.511180000132        23.609287925511364     
   89673.589070000133        23.593295148896392     
   89673.666960000133        23.581298123992468     
   89673.744850000134        23.572332159860018     
   89673.822740000134        23.565221290905885     
   89673.900630000135        23.558791680273092     
   89673.978520000135        23.552399364600198     
   89674.056410000136        23.546623739351638     
   89674.134300000136        23.542216298225267     
   89674.212190000137        23.539928371782779     
   89674.290080000137        23.539842771385317     
   89674.367970000138        23.539993592599860     
   89674.445860000138        23.541434883130751     
   89674.523750000139        23.545145686287555     
   89674.601640000139        23.550841265697940     
   89674.679530000139        23.558236858357951     
   89674.757420000140        23.567047701263625     
   89674.835310000140        23.576989031411017     
   89674.913200000141        23.587776085796168     
   89674.991090000141        23.599124101415121     
   89675.068980000142        23.610818763840012     
   89675.146870000142        23.622999852607791     
   89675.224760000143        23.635918156450813     
   89675.302650000143        23.649824503095573     
   89675.380540000144        23.664969720268545     
   89675.458430000144        23.681604635696203     
   89675.536320000145        23.699943225722489     
   89675.614210000145        23.719461938167012     
   89675.692100000146        23.738956099975212     
   89675.769990000146        23.757195490633109     
   89675.847880000147        23.772949889626702     
   89675.925770000147        23.785083361905137     
