   27627.823000000000        25.039999999999999     
   27628.006069999999        24.999749573843243     
   27628.189139999999        24.959737729041176     
   27628.372209999998        24.920203046948501     
   27628.555279999997        24.881384108919910     
   27628.738349999996        24.843519496310087     
   27628.921419999995        24.806847790473739     
   27629.104489999994        24.771607572765554     
   27629.287559999993        24.738037424540227     
   27629.470629999993        24.706375927152450     
   27629.653699999992        24.676861661956920     
   27629.836769999991        24.649733210308327     
   27630.019839999990        24.625229153561371     
   27630.202909999989        24.603588073070743     
   27630.385979999988        24.585048550191132     
   27630.569049999987        24.569849165738468     
   27630.752119999986        24.557831770109328     
   27630.935189999986        24.547303709310462     
   27631.118259999985        24.536201377519024     
   27631.301329999984        24.522461168912145     
   27631.484399999983        24.504019477666969     
   27631.667469999982        24.478813237826792     
   27631.850539999981        24.451072479336585     
   27632.033609999980        24.429435521593877     
   27632.216679999980        24.413540653877018     
   27632.399749999979        24.402822760108197     
   27632.582819999978        24.396716724209597     
   27632.765889999977        24.394657430103404     
   27632.948959999976        24.396079761711803     
   27633.132029999975        24.400418602956979     
   27633.315099999974        24.407108837761122     
   27633.498169999973        24.415585350046406     
   27633.681239999973        24.425283023735034     
   27633.864309999972        24.435636742749182     
   27634.047379999971        24.446081391011035     
   27634.230449999970        24.456051852442783     
   27634.413519999969        24.464983010966606     
   27634.596589999968        24.472309750504692     
   27634.779659999967        24.477466954979231     
   27634.962729999967        24.479889508312400     
   27635.145799999966        24.480755463808382     
   27635.328869999965        24.488924453585952     
   27635.511939999964        24.511354785880638     
   27635.695009999963        24.529899173307669     
   27635.878079999962        24.533948458864458     
   27636.061149999961        24.546952358527378     
   27636.244219999960        24.567443106385731     
   27636.427289999960        24.593952936528801     
   27636.610359999959        24.625014083045890     
   27636.793429999958        24.659158780026289     
   27636.976499999957        24.694919261559285     
   27637.159569999956        24.730837272103297     
   27637.342639999955        24.766169706998255     
   27637.525709999954        24.801374159597064     
   27637.708779999954        24.837023093283793     
   27637.891849999953        24.873688971442515     
   27638.074919999952        24.911786046553281     
   27638.257989999951        24.949065866508398     
   27638.441059999950        24.985401366117543     
   27638.624129999949        25.026077712951214     
   27638.807199999948        25.069430989631275     
   27638.990269999947        25.112511679058390     
   27639.173339999947        25.152650990374195     
   27639.356409999946        25.191818707142250     
   27639.539479999945        25.234966697275119     
   27639.722549999944        25.274339439067340     
   27639.905619999943        25.307743559182079     
   27640.088689999942        25.339660074980053     
   27640.271759999941        25.370225404454143     
   27640.454829999941        25.399411319386644     
   27640.637899999940        25.427189591559863     
   27640.820969999939        25.453531992756091     
   27641.004039999938        25.478410294757637     
   27641.187109999937        25.501796269346791     
   27641.370179999936        25.523661688305864     
   27641.553249999935        25.543978323417150     
   27641.736319999934        25.562717946462953     
   27641.919389999934        25.579852329225567     
   27642.102459999933        25.595307996412469     
   27642.285529999932        25.606995826343979     
   27642.468599999931        25.612909825778228     
   27642.651669999930        25.613069408725906     
   27642.834739999929        25.607535995211677     
   27643.017809999928        25.596371005260210     
   27643.200879999928        25.579635858896172     
   27643.383949999927        25.557391976144235     
   27643.567019999926        25.529777078484621     
   27643.750089999925        25.501010516806026     
   27643.933159999924        25.479635090855364     
   27644.116229999923        25.452197403837289     
   27644.299299999922        25.419374865122123     
   27644.482369999922        25.386193719440527     
   27644.665439999921        25.350502100448484     
   27644.848509999920        25.313514538457362     
   27645.031579999919        25.277152952918172     
   27645.214649999918        25.241779547874401     
   27645.397719999917        25.205493971061099     
   27645.580789999916        25.166219067142606     
   27645.763859999915        25.123177709100180     
   27645.946929999915        25.079550605974855     
   27646.129999999914        25.038426739476520     
   27646.313069999913        24.999631212925621     
   27646.496139999912        24.962198564701673     
   27646.679209999911        24.925324823109506     
   27646.862279999910        24.888978077595457     
   27647.045349999909        24.853356880043137     
   27647.228419999909        24.818659822836601     
   27647.411489999908        24.785085498359905     
   27647.594559999907        24.752832498997101     
   27647.777629999906        24.722099417132249     
   27647.960699999905        24.693084112100163     
   27648.143769999904        24.665890391419993     
   27648.326839999903        24.640436447738296     
   27648.509909999902        24.616618729853425     
   27648.692979999902        24.594333686563736     
   27648.876049999901        24.573477766667587     
   27649.059119999900        24.553947418963322     
   27649.242189999899        24.535639092249298     
   27649.425259999898        24.518454757749474     
   27649.608329999897        24.502357847801118     
   27649.791399999896        24.487350184941285     
   27649.974469999896        24.473434177156424     
   27650.157539999895        24.460620190885862     
   27650.340609999894        24.448990131113234     
   27650.523679999893        24.438663722681532     
   27650.706749999892        24.429761033619823     
   27650.889819999891        24.422402131957195     
   27651.072889999890        24.416707085722713     
   27651.255959999889        24.412795962945459     
   27651.439029999889        24.410788831654500     
   27651.622099999888        24.410805759878919     
   27651.805169999887        24.412966815647781     
   27651.988239999886        24.417392066990171     
   27652.171309999885        24.424201581935158     
   27652.354379999884        24.433504844866498     
   27652.537449999883        24.444834274817151     
   27652.720519999883        24.456957003738292     
   27652.903589999882        24.468698803723203     
   27653.086659999881        24.478893718403391     
   27653.269729999880        24.486375791410371     
   27653.452799999879        24.489979066375632     
   27653.635869999878        24.493456602392545     
   27653.818939999877        24.515729604941992     
   27654.002009999876        24.537344079810335     
   27654.185079999876        24.556235039288339     
   27654.368149999875        24.572466652111185     
   27654.551219999874        24.586225495762655     
   27654.734289999873        24.600544896886568     
   27654.917359999872        24.618129157028108     
   27655.100429999871        24.639702533630423     
   27655.283499999870        24.665965168582609     
   27655.466569999870        24.697617203773749     
   27655.649639999869        24.735358781092941     
   27655.832709999868        24.779890042429276     
   27656.015779999867        24.831745591999841     
   27656.198849999866        24.885137937507835     
   27656.381919999865        24.926131842976318     
   27656.564989999864        24.940254023002353     
   27656.748059999863        24.924591220649976     
   27656.931129999863        24.929838432431346     
   27657.114199999862        25.022219139447479     
   27657.297269999861        25.201537525773286     
   27657.480339999860        25.322041060438806     
   27657.663409999859        25.387307434052545     
   27657.846479999858        25.411396955288421     
   27658.029549999857        25.408369932820378     
   27658.212619999857        25.392286675322339     
   27658.395689999856        25.377207491468234     
   27658.578759999855        25.377192689931995     
   27658.761829999854        25.403012871204304     
   27658.944899999853        25.442113028243348     
   27659.127969999852        25.473270444188831     
   27659.311039999851        25.498045756869455     
   27659.494109999850        25.520440294971557     
   27659.677179999850        25.540329283214163     
   27659.860249999849        25.557587946316318     
   27660.043319999848        25.572091508997055     
   27660.226389999847        25.583715195975408     
   27660.409459999846        25.592334231970415     
   27660.592529999845        25.597823841701107     
   27660.775599999844        25.600059249886527     
   27660.958669999844        25.598910572367259     
   27661.141739999843        25.594165978393065     
   27661.324809999842        25.585547616213180     
   27661.507879999841        25.572799049397453     
   27661.690949999840        25.556144271728463     
   27661.874019999839        25.536258858950461     
   27662.057089999838        25.513775182265896     
   27662.240159999837        25.488721459348888     
   27662.423229999837        25.460784261919706     
   27662.606299999836        25.429961983591198     
   27662.789369999835        25.396763105898792     
   27662.972439999834        25.361731220477367     
   27663.155509999833        25.325376001509497     
   27663.338579999832        25.288200753728766     
   27663.521649999831        25.250708781868759     
   27663.704719999831        25.213270104259891     
   27663.887789999830        25.174976482186754     
   27664.070859999829        25.134575438675341     
   27664.253929999828        25.091076578312144     
   27664.436999999827        25.043496417700450     
   27664.620069999826        24.992002562120362     
   27664.803139999825        24.939887197643309     
   27664.986209999824        24.890967602194223     
   27665.169279999824        24.849061053698044     
   27665.352349999823        24.817984830079705     
   27665.535419999822        24.801556209264149     
   27665.718489999821        24.790271325496885     
   27665.901559999820        24.753141638840713     
   27666.084629999819        24.724436529100345     
   27666.267699999818        24.697709465077640     
   27666.450769999818        24.671172118710018     
   27666.633839999817        24.645177571395607     
   27666.816909999816        24.620085145330322     
   27666.999979999815        24.596254162710071     
   27667.183049999814        24.574043945730768     
   27667.366119999813        24.553809861829002     
   27667.549189999812        24.535640465605823     
   27667.732259999812        24.519192816027534     
   27667.915329999811        24.504089461249688     
   27668.098399999810        24.490138375654972     
   27668.281469999809        24.477388055998404     
   27668.464539999808        24.465903038104926     
   27668.647609999807        24.455747857799487     
   27668.830679999806        24.446987050907026     
   27669.013749999805        24.439685150913689     
   27669.196819999805        24.433882060004798     
   27669.379889999804        24.429532286418723     
   27669.562959999803        24.426571845185560     
   27669.746029999802        24.424936751335405     
   27669.929099999801        24.424563019898340     
   27670.112169999800        24.425386665904458     
   27670.295239999799        24.427343704383851     
   27670.478309999799        24.430370150366613     
   27670.661379999798        24.434402018882828     
   27670.844449999797        24.439375324962597     
   27671.027519999796        24.445226083636005     
   27671.210589999795        24.451890309933141     
   27671.393659999794        24.459304018884097     
   27671.576729999793        24.467618493703768     
   27671.759799999792        24.477988472227079     
   27671.942869999792        24.490852334055255     
   27672.125939999791        24.506086384221668     
   27672.309009999790        24.523548494061568     
   27672.492079999789        24.542983337192954     
   27672.675149999788        24.564079629061926     
   27672.858219999787        24.586525687763370     
   27673.041289999786        24.610009831392155     
   27673.224359999786        24.634220378043153     
   27673.407429999785        24.658845645811233     
   27673.590499999784        24.683598673523900     
   27673.773569999783        24.718461325700641     
   27673.956639999782        24.760711774183999     
   27674.139709999781        24.800094332778915     
   27674.322779999780        24.837207024967000     
   27674.505849999779        24.872648438262210     
   27674.688919999779        24.907017160178484     
   27674.871989999778        24.940911778229761     
   27675.055059999777        24.974940809763481     
   27675.238129999776        25.010025591094788     
   27675.421199999775        25.047182626896230     
   27675.604269999774        25.086358742341794     
   27675.787339999773        25.127228635289534     
   27675.970409999773        25.169467003597504     
   27676.153479999772        25.212748545123755     
   27676.336549999771        25.256747957726354     
   27676.519619999770        25.300401638946468     
   27676.702689999769        25.340845766424039     
   27676.885759999768        25.377918152779138     
   27677.068829999767        25.411910477710066     
   27677.251899999766        25.443114420915109     
   27677.434969999766        25.471821662092566     
   27677.618039999765        25.498319767412269     
   27677.801109999764        25.522629087001860     
   27677.984179999763        25.544343607059542     
   27678.167249999762        25.563019175978042     
   27678.350319999761        25.578211642150091     
   27678.533389999760        25.589476853968414     
   27678.716459999760        25.596512028633065     
   27678.899529999759        25.599687468565698     
   27679.082599999758        25.599565035318999     
   27679.265669999757        25.596476580948387     
   27679.448739999756        25.590503607130941     
   27679.631809999755        25.581714999354116     
   27679.814879999754        25.570152686932925     
   27679.997949999753        25.555680381651314     
   27680.181019999753        25.538089455402140     
   27680.364089999752        25.517170866057182     
   27680.547159999751        25.492569461494895     
   27680.730229999750        25.463550694672591     
   27680.913299999749        25.431939869643642     
   27681.096369999748        25.399290187517067     
   27681.279439999747        25.364985335860176     
   27681.462509999747        25.328517134805402     
   27681.645579999746        25.291167721759052     
