   75299.481000000000        25.780000000000001     
   75299.633579999994        25.787967023446416     
   75299.786159999989        25.796232323483302     
   75299.938739999983        25.805094176701136     
   75300.091319999978        25.814850859690388     
   75300.243899999972        25.825800649041529     
   75300.396479999967        25.838241821345036     
   75300.549059999961        25.852471800328765     
   75300.701639999956        25.868487641875927     
   75300.854219999950        25.885545003243983     
   75301.006799999945        25.902787166409759     
   75301.159379999939        25.919428879914804     
   75301.311959999934        25.935879099757329     
   75301.464539999928        25.953400465679728     
   75301.617119999923        25.972146952161129     
   75301.769699999917        25.991697961077012     
   75301.922279999912        26.011628480118901     
   75302.074859999906        26.031513496978320     
   75302.227439999901        26.050927999346790     
   75302.380019999895        26.069446974915838     
   75302.532599999889        26.086637735835748     
   75302.685179999884        26.101764154849469     
   75302.837759999878        26.113692977919460     
   75302.990339999873        26.121345082640424     
   75303.142919999867        26.135644919810566     
   75303.295499999862        26.140386868308703     
   75303.448079999856        26.144956796267664     
   75303.600659999851        26.149492576084977     
   75303.753239999845        26.149937951716318     
   75303.905819999840        26.149804950916280     
   75304.058399999834        26.149514232612653     
   75304.210979999829        26.148913874176422     
   75304.363559999823        26.147851952978570     
   75304.516139999818        26.146176546390080     
   75304.668719999812        26.143735731781938     
   75304.821299999807        26.140377586525116     
   75304.973879999801        26.136043833664360     
   75305.126459999796        26.131177086826845     
   75305.279039999790        26.126349645545240     
   75305.431619999785        26.121822179529904     
   75305.584199999779        26.117704883289722     
   75305.736779999774        26.114198462436743     
   75305.889359999768        26.111579671783325     
   75306.041939999763        26.110127567132480     
   75306.194519999757        26.109957736351760     
   75306.347099999752        26.109964222626093     
   75306.499679999746        26.109332575887997     
   75306.652259999741        26.109812088031287     
   75306.804839999735        26.113246675248369     
   75306.957419999730        26.119387307747523     
   75307.109999999724        26.127287551937847     
   75307.262579999719        26.136000496124311     
   75307.415159999713        26.144579228611860     
   75307.567739999708        26.152076837705462     
   75307.720319999702        26.157546411710072     
   75307.872899999697        26.160040852221371     
   75308.025479999691        26.159110416572091     
   75308.178059999686        26.170888095985021     
   75308.330639999680        26.180284394729416     
   75308.483219999674        26.182117755394685     
   75308.635799999669        26.195294541847087     
   75308.788379999663        26.212106195822333     
   75308.940959999658        26.224970093158962     
   75309.093539999652        26.229935944701133     
   75309.246119999647        26.232321004895468     
   75309.398699999641        26.239060029977388     
   75309.551279999636        26.242511364488635     
   75309.703859999630        26.242130435064684     
   75309.856439999625        26.240500444725100     
   75310.009019999619        26.240120773319177     
   75310.161599999614        26.239580968155142     
   75310.314179999608        26.232420790735137     
   75310.466759999603        26.219731287491033     
   75310.619339999597        26.217307758611682     
   75310.771919999592        26.203804353375425     
   75310.924499999586        26.186003976684248     
   75311.077079999581        26.169278224262836     
   75311.229659999575        26.153474360678715     
   75311.382239999570        26.137752821073335     
   75311.534819999564        26.121274040588126     
   75311.687399999559        26.103198454364538     
   75311.839979999553        26.082686497543996     
   75311.992559999548        26.058898691537454     
   75312.145139999542        26.032226852976187     
   75312.297719999537        26.007389438517912     
   75312.450299999531        25.986815212818389     
   75312.602879999526        25.963790304755829     
   75312.755459999520        25.935920462076595     
   75312.908039999515        25.909889729620755     
   75313.060619999509        25.886705237338496     
   75313.213199999504        25.866243640850456     
   75313.365779999498        25.848381595777269     
   75313.518359999493        25.832995757739571     
   75313.670939999487        25.819962782358001     
   75313.823519999482        25.809159325253198     
   75313.976099999476        25.800462042045801     
   75314.128679999470        25.793747588356446     
   75314.281259999465        25.788893699034006     
   75314.433839999459        25.785892391654610     
   75314.586419999454        25.784949368234308     
   75314.738999999448        25.786293765699536     
   75314.891579999443        25.790154717374623     
   75315.044159999437        25.796615829175686     
   75315.196739999432        25.805228677144420     
   75315.349319999426        25.815423289582895     
   75315.501899999421        25.826629694793166     
   75315.654479999415        25.838277921077299     
   75315.807059999410        25.852019340565889     
   75315.959639999404        25.871466300612830     
   75316.112219999399        25.888364237160957     
   75316.264799999393        25.904017828785364     
   75316.417379999388        25.920153227958778     
   75316.569959999382        25.938040557317422     
   75316.722539999377        25.957174644298398     
   75316.875119999371        25.976659178158776     
   75317.027699999366        25.997906633435417     
   75317.180279999360        26.021970946610004     
   75317.332859999355        26.037980701626974     
   75317.485439999349        26.051285203855276     
   75317.638019999344        26.064574285519118     
   75317.790599999338        26.077741286342839     
   75317.943179999333        26.090673101012797     
   75318.095759999327        26.103256624215376     
   75318.248339999322        26.115378750636935     
   75318.400919999316        26.126926374963858     
   75318.553499999311        26.137786391882507     
   75318.706079999305        26.147792833750636     
   75318.858659999300        26.156372313498537     
   75319.011239999294        26.162762077561254     
   75319.163819999289        26.166198324318103     
   75319.316399999283        26.165917252148418     
   75319.468979999278        26.161155059431533     
   75319.621559999272        26.152572558884522     
   75319.774139999266        26.149023261087990     
   75319.926719999261        26.150151929698470     
   75320.079299999255        26.148980440826140     
   75320.231879999250        26.145212607670800     
   75320.384459999244        26.139319749682461     
   75320.537039999239        26.131926450868580     
   75320.689619999233        26.124120719708074     
   75320.842199999228        26.117075899179692     
   75320.994779999222        26.111965332262187     
   75321.147359999217        26.109958910869501     
   75321.299939999211        26.110045937871497     
   75321.452519999206        26.109972924715162     
   75321.605099999200        26.110139841290273     
   75321.757679999195        26.110261959568707     
   75321.910259999189        26.109496366396691     
   75322.062839999184        26.108857720174054     
   75322.215419999178        26.111342834273628     
   75322.367999999173        26.118259024613291     
   75322.520579999167        26.128120475340399     
   75322.673159999162        26.139243121041567     
   75322.825739999156        26.150245136192730     
   75322.978319999151        26.159870284904294     
   75323.130899999145        26.166862740373205     
   75323.283479999140        26.169966675796406     
   75323.436059999134        26.170151875929506     
   75323.588639999129        26.175235678908813     
   75323.741219999123        26.184923172281948     
   75323.893799999118        26.196794124294307     
   75324.046379999112        26.208428303191294     
   75324.198959999107        26.217405477218303     
   75324.351539999101        26.221780930017729     
   75324.504119999096        26.228963467246878     
   75324.656699999090        26.239973817021941     
   75324.809279999085        26.239081795129501     
   75324.961859999079        26.239187311863454     
   75325.114439999074        26.240056564764600     
   75325.267019999068        26.241381349300710     
   75325.419599999062        26.242596258004124     
   75325.572179999057        26.243080344383166     
   75325.724759999051        26.242212661946152     
   75325.877339999046        26.239372264201400     
   75326.029919999040        26.233938204657228     
   75326.182499999035        26.225289536821954     
   75326.335079999029        26.212805314203894     
   75326.487659999024        26.195864590311363     
   75326.640239999018        26.173846418652680     
   75326.792819999013        26.146129852736163     
   75326.945399999007        26.112093946070129     
   75327.097979999002        26.073725518967713     
   75327.250559998996        26.061102530540527     
   75327.403139998991        26.025694659032652     
   75327.555719998985        26.016961641816174     
   75327.708299998980        25.999258826963334     
   75327.860879998974        25.972240801415104     
   75328.013459998969        25.943432944823495     
   75328.166039998963        25.919118368321975     
   75328.318619998958        25.898256915516527     
   75328.471199998952        25.877395360736088     
   75328.623779998947        25.857021181060528     
   75328.776359998941        25.840467907440839     
   75328.928939998936        25.828166634912037     
   75329.081519998930        25.818325547066600     
   75329.234099998925        25.809652865049820     
   75329.386679998919        25.802161530272691     
   75329.539259998914        25.796052434033989     
   75329.691839998908        25.791526467632501     
   75329.844419998903        25.788784522366999     
   75329.996999998897        25.788027489536265     
   75330.149579998892        25.789456260439074     
   75330.302159998886        25.793531956726262     
   75330.454739998881        25.802578470731071     
   75330.607319998875        25.816991983428217     
   75330.759899998870        25.831381017686756     
   75330.912479998864        25.839622278506717     
   75331.065059998858        25.842574613875431     
   75331.217639998853        25.858987222462332     
   75331.370219998847        25.882190490008217     
   75331.522799998842        25.904678175198057     
   75331.675379998836        25.925541978064352     
   75331.827959998831        25.945119018059529     
   75331.980539998825        25.963746414636020     
   75332.133119998820        25.981761287246250     
   75332.285699998814        25.999500755342655     
   75332.438279998809        26.017204957354757     
   75332.590859998803        26.034691867452551     
   75332.743439998798        26.051664616412577     
   75332.896019998792        26.067830105932472     
   75333.048599998787        26.082985511743850     
   75333.201179998781        26.097020265253988     
   75333.353759998776        26.109827967543247     
   75333.506339998770        26.121302219691991     
   75333.658919998765        26.131336622780584     
   75333.811499998759        26.139824777889384     
   75333.964079998754        26.146660286098758     
   75334.116659998748        26.151739284983531     
   75334.269239998743        26.155066216461229     
   75334.421819998737        26.156792096318078     
   75334.574399998732        26.157078351090902     
   75334.726979998726        26.156086407316490     
   75334.879559998721        26.153977691531644     
   75335.032139998715        26.150913630273173     
   75335.184719998710        26.147058929857742     
   75335.337299998704        26.142607293534304     
   75335.489879998699        26.137767548109935     
   75335.642459998693        26.132748651262418     
   75335.795039998688        26.127758135007745     
   75335.947619998682        26.122962077565582     
   75336.100199998677        26.118479629121886     
   75336.252779998671        26.114427414070313     
   75336.405359998666        26.110922056804540     
   75336.557939998660        26.108080181718222     
   75336.710519998654        26.106018413205014     
   75336.863099998649        26.104853375658589     
   75337.015679998643        26.104701693472602     
   75337.168259998638        26.105679991040724     
   75337.320839998632        26.107904892756611     
   75337.473419998627        26.111502389948622     
   75337.625999998621        26.117037148904576     
   75337.778579998616        26.125440373303434     
   75337.931159998610        26.134183937390191     
   75338.083739998605        26.141244134818855     
   75338.236319998599        26.147746575814658     
   75338.388899998594        26.154878342171770     
   75338.541479998588        26.162961777821067     
   75338.694059998583        26.171763086712971     
   75338.846639998577        26.181039282346561     
   75338.999219998572        26.190547378220920     
   75339.151799998566        26.200044387835138     
   75339.304379998561        26.209287324688294     
   75339.456959998555        26.218033202279461     
   75339.609539998550        26.225971803404448     
   75339.762119998544        26.232250826122005     
   75339.914699998539        26.236395540308969     
   75340.067279998533        26.238778362349844     
   75340.219859998528        26.239828328214699     
   75340.372439998522        26.240038962367954     
   75340.525019998517        26.240364900738133     
   75340.677599998511        26.239206145007302     
   75340.830179998506        26.235283769553998     
   75340.982759998500        26.228673670939617     
   75341.135339998495        26.219538652746220     
   75341.287919998489        26.208041518555856     
   75341.440499998484        26.194345071950579     
   75341.593079998478        26.178612116512454     
   75341.745659998473        26.161005455823524     
   75341.898239998467        26.141687893465853     
   75342.050819998462        26.120858473999490     
   75342.203399998456        26.098902732731489     
   75342.355979998450        26.076265377439739     
   75342.508559998445        26.053162150459414     
   75342.661139998439        26.029242725665711     
   75342.813719998434        26.004070835404793     
   75342.966299998428        25.977270499075050     
   75343.118879998423        25.950090973460817     
   75343.271459998417        25.925551543507240     
   75343.424039998412        25.906760805497992     
   75343.576619998406        25.896079697145453     
   75343.729199998401        25.876340632557344     
   75343.881779998395        25.851848141119103     
   75344.034359998390        25.840417229773092     
   75344.186939998384        25.829732218359645     
   75344.339519998379        25.817584146533527     
   75344.492099998373        25.805265822138672     
   75344.644679998368        25.794070307072435     
   75344.797259998362        25.785262873723926     
   75344.949839998357        25.779655308195331     
   75345.102419998351        25.777689971605014     
   75345.254999998346        25.779798469654224     
   75345.407579998340        25.785915825042693     
   75345.560159998335        25.793769395913532     
   75345.712739998329        25.802323513166485     
   75345.865319998324        25.812571642040663     
   75346.017899998318        25.825571644430489     
   75346.170479998313        25.840995734235847     
   75346.323059998307        25.856712017150194     
   75346.475639998302        25.870467613721438     
   75346.628219998296        25.880009644520548     
   75346.780799998291        25.890805309680545     
   75346.933379998285        25.927018673696161     
