   83609.516000000003        24.210000000000004     
   83609.731030000010        24.210257908525843     
   83609.946060000017        24.208619500700177     
   83610.161090000023        24.204519953183215     
   83610.376120000030        24.198245959612123     
   83610.591150000037        24.190098071916843     
   83610.806180000043        24.180376842027322     
   83611.021210000050        24.169382821873494     
   83611.236240000057        24.157416860426828     
   83611.451270000063        24.144835180096603     
   83611.666300000070        24.132114010250099     
   83611.881330000077        24.119745283365745     
   83612.096360000083        24.108220931921952     
   83612.311390000090        24.098032888397150     
   83612.526420000097        24.089673085269755     
   83612.741450000103        24.083633455018195     
   83612.956480000110        24.080405930120889     
   83613.171510000117        24.078215108182626     
   83613.386540000123        24.068734994352550     
   83613.601570000130        24.058251371275396     
   83613.816600000137        24.048045731185461     
   83614.031630000143        24.038089238226171     
   83614.246660000150        24.028353056540958     
   83614.461690000157        24.018808350273261     
   83614.676720000163        24.009426283566512     
   83614.891750000170        24.000178020564150     
   83615.106780000177        23.991034725409602     
   83615.321810000183        23.981967562246307     
   83615.536840000190        23.972947695217698     
   83615.751870000197        23.963946288467206     
   83615.966900000203        23.954934506138272     
   83616.181930000210        23.945883512374330     
   83616.396960000216        23.936764471318810     
   83616.611990000223        23.927548547115151     
   83616.827020000230        23.918215431645415     
   83617.042050000236        23.910784765511721     
   83617.257080000243        23.910037011719222     
   83617.472110000250        23.909226279450468     
   83617.687140000256        23.906272419115929     
   83617.902170000263        23.901589728554409     
   83618.117200000270        23.895592505604711     
   83618.332230000276        23.888695048105639     
   83618.547260000283        23.881311653896006     
   83618.762290000290        23.873856620814614     
   83618.977320000296        23.866744246700268     
   83619.192350000303        23.860388829391773     
   83619.407380000310        23.855204666727936     
   83619.622410000316        23.851606056547556     
   83619.837440000323        23.850007296689451     
   83620.052470000330        23.850572526893394     
   83620.267500000336        23.852608720682888     
   83620.482530000343        23.855330989134188     
   83620.697560000350        23.857959382751314     
   83620.912590000356        23.859713952038280     
   83621.127620000363        23.859976121506232     
   83621.342650000370        23.860532617723994     
   83621.557680000376        23.862951463574380     
   83621.772710000383        23.866892656241223     
   83621.987740000390        23.871948549282614     
   83622.202770000396        23.877711496256644     
   83622.417800000403        23.883773850721404     
   83622.632830000410        23.889727966234975     
   83622.847860000416        23.895356167288320     
   83623.062890000423        23.901314811153100     
   83623.277920000430        23.908160133613475     
   83623.492950000436        23.915681208096913     
   83623.707980000443        23.923566190964763     
   83623.923010000450        23.931503721670488     
   83624.138040000456        23.939298073934889     
   83624.353070000463        23.947018331994848     
   83624.568100000470        23.954770491283689     
   83624.783130000476        23.962660547234751     
   83624.998160000483        23.970794495281364     
   83625.213190000490        23.979278330856847     
   83625.428220000496        23.988423676633008     
   83625.643250000503        23.999597707659689     
   83625.858280000510        24.013870931099177     
   83626.073310000516        24.029525497129036     
   83626.288340000523        24.044077667918895     
   83626.503370000530        24.055043684043120     
   83626.718400000536        24.059939786076090     
   83626.933430000543        24.063224554986618     
   83627.148460000550        24.075131729601825     
   83627.363490000556        24.092001828614706     
   83627.578520000563        24.109775144558100     
   83627.793550000570        24.124440613792142     
   83628.008580000576        24.134730777288333     
   83628.223610000583        24.143496964843258     
   83628.438640000590        24.152517708298461     
   83628.653670000596        24.161719080284811     
   83628.868700000603        24.170902431683633     
   83629.083730000610        24.179869113376249     
   83629.298760000616        24.188420476243991     
   83629.513790000623        24.196357871168175     
   83629.728820000630        24.203482649030132     
   83629.943850000636        24.209596160711186     
   83630.158880000643        24.214499757092661     
   83630.373910000650        24.217994789055883     
   83630.588940000656        24.219882607482177     
   83630.803970000663        24.220005874247263     
   83631.019000000670        24.218452615830799     
   83631.234030000676        24.215401092891717     
   83631.449060000683        24.211029705729921     
   83631.664090000690        24.205516854645296     
   83631.879120000696        24.199040939937738     
   83632.094150000703        24.191780361907149     
   83632.309180000710        24.183913520853423     
   83632.524210000716        24.175618817076451     
   83632.739240000723        24.167074650876131     
   83632.954270000730        24.158459422552355     
   83633.169300000736        24.149951532405023     
   83633.384330000743        24.141729380734024     
   83633.599360000750        24.133935129255452     
   83633.814390000756        24.126427960008343     
   83634.029420000763        24.118934040329947     
   83634.244450000770        24.111178765645427     
   83634.459480000776        24.102887531379920     
   83634.674510000783        24.093785732958594     
   83634.889540000790        24.083598765806592     
   83635.104570000796        24.072052025349073     
   83635.319600000803        24.059115398383533     
   83635.534630000810        24.046374476885983     
   83635.749660000816        24.036070415370492     
   83635.964690000823        24.030446245323848     
   83636.179720000830        24.029367416933006     
   83636.394750000836        24.025656974317929     
   83636.609780000843        24.019079838462481     
   83636.824810000850        24.010159464691284     
   83637.039840000856        23.999419308328967     
   83637.254870000863        23.987382824700155     
   83637.469900000870        23.974573469129474     
   83637.684930000876        23.961514696941549     
   83637.899960000883        23.949177504912242     
   83638.114990000890        23.941079626717432     
   83638.330020000896        23.939533528199782     
   83638.545050000903        23.930035078493333     
   83638.760080000910        23.915803177197670     
   83638.975110000916        23.902964317215432     
   83639.190140000923        23.891934762265389     
   83639.405170000930        23.882573783684670     
   83639.620200000936        23.874740652810402     
   83639.835230000943        23.868294640979713     
   83640.050260000949        23.863095019529723     
   83640.265290000956        23.859001059797563     
   83640.480320000963        23.855872033120363     
   83640.695350000969        23.853567210835251     
   83640.910380000976        23.851945864279351     
   83641.125410000983        23.850867264789787     
   83641.340440000989        23.850190683703698     
   83641.555470000996        23.849784613252790     
   83641.770500001003        23.849656919792181     
   83641.985530001009        23.849923481868260     
   83642.200560001016        23.850689583351997     
   83642.415590001023        23.851978016004630     
   83642.630620001029        23.853780238537951     
   83642.845650001036        23.856087649296725     
   83643.060680001043        23.858891646625750     
   83643.275710001049        23.862183628869804     
   83643.490740001056        23.865954994373663     
   83643.705770001063        23.870197141482116     
   83643.920800001069        23.874901468539942     
   83644.135830001076        23.880059373891925     
   83644.350860001083        23.885662255882835     
   83644.565890001089        23.891701512857473     
   83644.780920001096        23.898168543160608     
   83644.995950001103        23.905054745137022     
   83645.210980001109        23.912351517131505     
   83645.426010001116        23.920050257488835     
   83645.641040001123        23.928142364553789     
   83645.856070001129        23.936613844375199     
   83646.071100001136        23.945407764804592     
   83646.286130001143        23.954446671188194     
   83646.501160001149        23.963652981311863     
   83646.716190001156        23.972949112961466     
   83646.931220001163        23.982257994920371     
   83647.146250001169        23.991569007366525     
   83647.361280001176        24.001003152031739     
   83647.576310001183        24.010696917080224     
   83647.791340001189        24.020786790676212     
   83648.006370001196        24.031409260983907     
   83648.221400001203        24.042700816167532     
   83648.436430001209        24.054793157070566     
   83648.651460001216        24.067617962266858     
   83648.866490001223        24.080838724709913     
   83649.081520001229        24.094100148796073     
   83649.296550001236        24.107046938921684     
   83649.511580001243        24.119323799483084     
   83649.726610001249        24.130575455997040     
   83649.941640001256        24.140603663790152     
   83650.156670001263        24.149744633512309     
   83650.371700001269        24.158448178065633     
   83650.586730001276        24.167164110352257     
   83650.801760001283        24.176342243274302     
   83651.016790001289        24.186432389733902     
   83651.231820001296        24.197057378864187     
   83651.446850001303        24.200172689561146     
   83651.661880001309        24.203118900857614     
   83651.876910001316        24.208356678979278     
   83652.091940001323        24.214129848531694     
   83652.306970001329        24.218682234120408     
   83652.522000001336        24.220352604670104     
   83652.737030001343        24.220008590573308     
   83652.952060001349        24.218397403636821     
   83653.167090001356        24.213209191574819     
   83653.382120001363        24.206258446047663     
   83653.597150001369        24.199447999639183     
   83653.812180001376        24.193954234395200     
   83654.027210001383        24.188727908543726     
   83654.242240001389        24.182770398384946     
   83654.457270001396        24.176051928786443     
   83654.672300001403        24.168660293171023     
   83654.887330001409        24.160683284961472     
   83655.102360001416        24.152208697580605     
   83655.317390001423        24.143324324451207     
   83655.532420001429        24.134117958996086     
   83655.747450001436        24.124677394638034     
   83655.962480001443        24.115090424799856     
   83656.177510001449        24.105443502966160     
   83656.392540001456        24.095787812632377     
   83656.607570001463        24.086136601308738     
   83656.822600001469        24.076501242480404     
   83657.037630001476        24.066893109632534     
   83657.252660001483        24.057323576250290     
   83657.467690001489        24.047804015818834     
   83657.682720001496        24.038345794435866     
   83657.897750001503        24.028958085188492     
   83658.112780001509        24.019644817274205     
   83658.327810001516        24.010409152564769     
   83658.542840001523        24.001254252931954     
   83658.757870001529        23.992183280247527     
   83658.972900001536        23.983199396383263     
   83659.187930001543        23.974296404179388     
   83659.402960001549        23.965348711871854     
   83659.617990001556        23.956152939542338     
   83659.833020001563        23.946668731873732     
   83660.048050001569        23.937061985902698     
   83660.263080001576        23.927511639805431     
   83660.478110001583        23.918196631758157     
   83660.693140001589        23.909295899937064     
   83660.908170001596        23.900988382518364     
   83661.123200001603        23.893453017678265     
   83661.338230001609        23.886868743592974     
   83661.553260001616        23.881414498438694     
   83661.768290001623        23.877185265802932     
   83661.983320001629        23.873391731084524     
   83662.198350001636        23.868714778731260     
   83662.413380001643        23.861828124475558     
   83662.628410001649        23.851626423596755     
   83662.843440001656        23.838677148380189     
   83663.058470001662        23.824313449790356     
   83663.273500001669        23.809872445012353     
   83663.488530001676        23.796691251231280     
   83663.703560001682        23.786106985632237     
   83663.918590001689        23.779456765400312     
   83664.133620001696        23.778077707720612     
   83664.348650001702        23.783306929778242     
   83664.563680001709        23.796481548758283     
   83664.778710001716        23.818938681845843     
   83664.993740001722        23.852015446226023     
   83665.208770001729        23.895767889722812     
   83665.423800001736        23.928270179757192     
   83665.638830001742        23.909109616096760     
   83665.853860001749        23.904517526909203     
   83666.068890001756        24.086035620341516     
   83666.283920001762        24.168414525072944     
   83666.498950001769        24.175547067390760     
   83666.713980001776        24.131326073582265     
   83666.929010001782        24.059644369934730     
   83667.144040001789        23.984394782735446     
   83667.359070001796        23.929470119358928     
   83667.574100001802        23.911982065466923     
   83667.789130001809        23.923054796432545     
   83668.004160001816        23.947588035968252     
   83668.219190001822        23.970847939316823     
   83668.434220001829        23.986228138460753     
   83668.649250001836        23.995086249638973     
   83668.864280001842        23.999113617891123     
   83669.079310001849        24.000001588256840     
   83669.294340001856        24.000912994013106     
   83669.509370001862        24.006101226474069     
   83669.724400001869        24.015711880805654     
   83669.939430001876        24.029645352596727     
   83670.154460001882        24.047802037436149     
   83670.369490001889        24.069859702421205     
   83670.584520001896        24.088203554497234     
   83670.799550001902        24.088260368797300     
   83671.014580001909        24.117092020939801     
   83671.229610001916        24.128354960455674     
   83671.444640001922        24.130503805614897     
   83671.659670001929        24.136422327733612     
   83671.874700001936        24.146328528636417     
   83672.089730001942        24.158584877957054     
   83672.304760001949        24.171553845329246     
   83672.519790001956        24.183609000926960     
   83672.734820001962        24.193885591635961     
   83672.949850001969        24.202752095713162     
   83673.164880001976        24.210312981811292     
   83673.379910001982        24.216073748797978     
   83673.594940001989        24.219486766152269     
   83673.809970001996        24.220099255200502     
   83674.025000002002        24.218493796328808     
   83674.240030002009        24.215713773194292     
   83674.455060002016        24.212735358730299     
   83674.670090002022        24.210534627271834     
   83674.885120002029        24.210078250605449     
   83675.100150002036        24.209067756147249     
   83675.315180002042        24.202887733368797     
   83675.530210002049        24.195134470478081     
   83675.745240002056        24.190240555716692     
   83675.960270002062        24.189085428779535     
   83676.175300002069        24.182491693313963     
   83676.390330002076        24.171955358349557     
   83676.605360002082        24.160319952512506     
   83676.820390002089        24.150429004429011     
   83677.035420002096        24.144020937595151     
   83677.250450002102        24.137668643359582     
   83677.465480002109        24.128590155315095     
   83677.680510002116        24.117465576861047     
   83677.895540002122        24.105284177339435     
   83678.110570002129        24.093035226092265     
   83678.325600002136        24.081707992461535     
   83678.540630002142        24.072108973089360     
   83678.755660002149        24.063837352549136     
