   75377.380000000005        25.449999999999999     
   75377.557460000011        25.477400543092330     
   75377.734920000017        25.519708290799500     
   75377.912380000023        25.558148749817672     
   75378.089840000030        25.597093469357429     
   75378.267300000036        25.636703393423808     
   75378.444760000042        25.676909543365888     
   75378.622220000048        25.717642940532745     
   75378.799680000055        25.758834606273453     
   75378.977140000061        25.800415561937076     
   75379.154600000067        25.842316828872697     
   75379.332060000073        25.884469428429384     
   75379.509520000080        25.926804381956213     
   75379.686980000086        25.969252710802259     
   75379.864440000092        26.011745436316588     
   75380.041900000098        26.054213579848280     
   75380.219360000105        26.096588162746407     
   75380.396820000111        26.138800206360045     
   75380.574280000117        26.180780732038262     
   75380.751740000123        26.222460761130129     
   75380.929200000130        26.263658850552748     
   75381.106660000136        26.303409313869874     
   75381.284120000142        26.340412526917000     
   75381.461580000148        26.373367632116867     
   75381.639040000155        26.400973771892232     
   75381.816500000161        26.421930088665832     
   75381.993960000167        26.436516791991625     
   75382.171420000173        26.469568822085037     
   75382.348880000180        26.483789153532591     
   75382.526340000186        26.508986408166116     
   75382.703800000192        26.532999825441735     
   75382.881260000198        26.555020767173175     
   75383.058720000205        26.577116997313233     
   75383.236180000211        26.600265033519850     
   75383.413640000217        26.622309914705685     
   75383.591100000223        26.643144490444286     
   75383.768560000230        26.662914926698001     
   75383.946020000236        26.681767389429172     
   75384.123480000242        26.699848044600152     
   75384.300940000248        26.717284946228425     
   75384.478400000255        26.734131814733466     
   75384.655860000261        26.750423303473223     
   75384.833320000267        26.766194065793957     
   75385.010780000273        26.781453706968676     
   75385.188240000280        26.795996606203978     
   75385.365700000286        26.809507493681743     
   75385.543160000292        26.821670227720084     
   75385.720620000298        26.832168666637109     
   75385.898080000305        26.840686668750941     
   75386.075540000311        26.846908092379685     
   75386.253000000317        26.850516795841450     
   75386.430460000323        26.851196637454365     
   75386.607920000330        26.848633964398598     
   75386.785380000336        26.842626376050102     
   75386.962840000342        26.833124988024519     
   75387.140300000348        26.820092133316763     
   75387.317760000355        26.803490144921724     
   75387.495220000361        26.783281355834315     
   75387.672680000367        26.759428099049444     
   75387.850140000373        26.731892707562011     
   75388.027600000380        26.700637514366925     
   75388.205060000386        26.665624852459089     
   75388.382520000392        26.626817054833406     
   75388.559980000398        26.584230659417159     
   75388.737440000405        26.538241941780520     
   75388.914900000411        26.489373702452866     
   75389.092360000417        26.438149170524092     
   75389.269820000423        26.385091575084083     
   75389.447280000430        26.330724145222717     
   75389.624740000436        26.275570110029904     
   75389.802200000442        26.220152698595513     
   75389.979660000448        26.164933990862547     
   75390.157120000455        26.108616741819905     
   75390.334580000461        26.048142893102948     
   75390.512040000467        25.985050867403213     
   75390.689500000473        25.922905620128937     
   75390.866960000480        25.858224433866241     
   75391.044420000486        25.802749507546380     
   75391.221880000492        25.750542505682738     
   75391.399340000498        25.686912111458557     
   75391.576800000505        25.625041283379215     
   75391.754260000511        25.569487480500690     
   75391.931720000517        25.520108355134759     
   75392.109180000523        25.476761559593211     
   75392.286640000530        25.439304746187837     
   75392.464100000536        25.407595567230416     
   75392.641560000542        25.381491675032741     
   75392.819020000548        25.360850721906601     
   75392.996480000555        25.345502684305337     
   75393.173940000561        25.333570703174367     
   75393.351400000567        25.321204925310983     
   75393.528860000573        25.311519158819298     
   75393.706320000580        25.311540694972784     
   75393.883780000586        25.318462245951022     
   75394.061240000592        25.318866413178355     
   75394.238700000598        25.330331877914983     
   75394.416160000605        25.351777905804763     
   75394.593620000611        25.373220837908526     
   75394.771080000617        25.395732232424280     
   75394.948540000623        25.420383647550036     
   75395.126000000630        25.448246641483795     
   75395.303460000636        25.480314770297490     
   75395.480920000642        25.516488772456437     
   75395.658380000648        25.555864596710350     
   75395.835840000655        25.597519490722952     
   75396.013300000661        25.640530702157974     
   75396.190760000667        25.684023726939046     
   75396.368220000673        25.727502095130795     
   75396.545680000680        25.770647546015702     
   75396.723140000686        25.813215932624445     
   75396.900600000692        25.855283680673494     
   75397.078060000698        25.898986239465859     
   75397.255520000705        25.946534341658754     
   75397.432980000711        25.994200118438862     
   75397.610440000717        26.039708373065245     
   75397.787900000723        26.083015852457372     
   75397.965360000730        26.124170666328485     
   75398.142820000736        26.163220924391801     
   75398.320280000742        26.200214736360564     
   75398.497740000748        26.235200211947998     
   75398.675200000755        26.268225460867335     
   75398.852660000761        26.299338592831813     
   75399.030120000767        26.328587717554651     
   75399.207580000773        26.356020944749091     
   75399.385040000780        26.381686596824899     
   75399.562500000786        26.406461439426494     
   75399.739960000792        26.433216126044101     
   75399.917420000798        26.461042916611966     
   75400.094880000805        26.487422602495869     
   75400.272340000811        26.511156061772468     
   75400.449800000817        26.533333612172076     
   75400.627260000823        26.555268086856678     
   75400.804720000830        26.577556273639630     
   75400.982180000836        26.599358133739830     
   75401.159640000842        26.619872492080283     
   75401.337100000848        26.643401295627484     
   75401.514560000855        26.669435939600543     
   75401.692020000861        26.690420646329599     
   75401.869480000867        26.707571038108938     
   75402.046940000873        26.722212595372667     
   75402.224400000880        26.735670798554885     
   75402.401860000886        26.749271128089696     
   75402.579320000892        26.764040178023098     
   75402.756780000898        26.779608902029842     
   75402.934240000905        26.795201220731862     
   75403.111700000911        26.810041006894977     
   75403.289160000917        26.823352133285013     
   75403.466620000923        26.834367656008567     
   75403.644080000930        26.842628140040020     
   75403.821540000936        26.848047131162609     
   75403.999000000942        26.850560606014454     
   75404.176460000948        26.850104541233684     
   75404.353920000955        26.846614913458421     
   75404.531380000961        26.840027699326786     
   75404.708840000967        26.830278875476903     
   75404.886300000973        26.817304418546897     
   75405.063760000980        26.801040305174894     
   75405.241220000986        26.781422511999008     
   75405.418680000992        26.758446162468498     
   75405.596140000998        26.732395247285950     
   75405.773600001005        26.703641809443322     
   75405.951060001011        26.672498164605994     
   75406.128520001017        26.638190331482221     
   75406.305980001023        26.598997358549376     
   75406.483440001030        26.553166575726145     
   75406.660900001036        26.499623664567977     
   75406.838360001042        26.447073222844615     
   75407.015820001048        26.397266513660760     
   75407.193280001055        26.344922113645431     
   75407.370740001061        26.287711668328129     
   75407.548200001067        26.228319436422446     
   75407.725660001073        26.167910345936832     
   75407.903120001080        26.106882966466312     
   75408.080580001086        26.045634667551738     
   75408.258040001092        25.984562818733945     
   75408.435500001098        25.924064789553782     
   75408.612960001105        25.864537949552087     
   75408.790420001111        25.806379668269706     
   75408.967880001117        25.749987315247488     
   75409.145340001123        25.695739808190197     
   75409.322800001130        25.643887717051385     
   75409.500260001136        25.594627081887566     
   75409.677720001142        25.548153743591346     
   75409.855180001148        25.504663543055315     
   75410.032640001155        25.464396856559691     
   75410.210100001161        25.427843707463225     
   75410.387560001167        25.395581053180457     
   75410.565020001173        25.368185939640931     
   75410.742480001180        25.346198117971539     
   75410.919940001186        25.329707182614914     
   75411.097400001192        25.318504220324673     
   75411.274860001198        25.312374966589530     
   75411.452320001204        25.311105156898222     
   75411.629780001211        25.314480526739455     
   75411.807240001217        25.322286811601959     
   75411.984700001223        25.334309746974455     
   75412.162160001229        25.350335068345668     
   75412.339620001236        25.370148511204320     
   75412.517080001242        25.393535811039129     
   75412.694540001248        25.420282703338831     
   75412.872000001254        25.450174923592133     
   75413.049460001261        25.482998207287764     
   75413.226920001267        25.518538289914449     
   75413.404380001273        25.556580906960910     
   75413.581840001279        25.596911793915869     
   75413.759300001286        25.639316123870273     
   75413.936760001292        25.683480774609826     
   75414.114220001298        25.728882798182727     
   75414.291680001304        25.774972269834766     
   75414.469140001311        25.821199264811746     
   75414.646600001317        25.867013858359464     
   75414.824060001323        25.911866125723719     
   75415.001520001329        25.955206142150303     
   75415.178980001336        25.996483982885021     
   75415.356440001342        26.035151841778674     
   75415.533900001348        26.071847746410686     
   75415.711360001354        26.109386528279060     
   75415.888820001361        26.147724210027391     
   75416.066280001367        26.186090266433219     
   75416.243740001373        26.223714172274097     
   75416.421200001379        26.259897116051327     
   75416.598660001386        26.294422854417071     
   75416.776120001392        26.327274170001068     
   75416.953580001398        26.358434468429465     
   75417.131040001404        26.387887155328386     
   75417.308500001411        26.415615636323984     
   75417.485960001417        26.441603317042386     
   75417.663420001423        26.465833603109740     
   75417.840880001429        26.488289900152182     
   75418.018340001436        26.509258839099687     
   75418.195800001442        26.530568293000552     
   75418.373260001448        26.554309172114159     
   75418.550720001454        26.579026727192250     
   75418.728180001461        26.601293804199187     
   75418.905640001467        26.621443201188672     
   75419.083100001473        26.640892593187512     
   75419.260560001479        26.660712652514889     
   75419.438020001486        26.680763061517624     
   75419.615480001492        26.700639541456987     
   75419.792940001498        26.719937813594257     
   75419.970400001504        26.738259957335266     
   75420.147860001511        26.755387100058933     
   75420.325320001517        26.771299798333409     
   75420.502780001523        26.785989057971211     
   75420.680240001529        26.799443121814971     
   75420.857700001536        26.811622814819472     
   75421.035160001542        26.822473276470689     
   75421.212620001548        26.831938810466696     
   75421.390080001554        26.839852261256986     
   75421.567540001561        26.845809738413095     
   75421.745000001567        26.849377092859676     
   75421.922460001573        26.850142181306918     
   75422.099920001579        26.847981868406212     
   75422.277380001586        26.842976550549952     
   75422.454840001592        26.835201144906438     
   75422.632300001598        26.824568808164987     
   75422.809760001604        26.810859331493898     
   75422.987220001611        26.793848523278982     
   75423.164680001617        26.773312191906051     
   75423.342140001623        26.749026145760922     
   75423.519600001629        26.720766193229412     
   75423.697060001636        26.688308142697338     
   75423.874520001642        26.651427802550508     
   75424.051980001648        26.609900981174743     
   75424.229440001654        26.563503486955856     
   75424.406900001661        26.512011128279660     
   75424.584360001667        26.455200654352630     
   75424.761820001673        26.395087512863526     
   75424.939280001679        26.340658468200004     
   75425.116740001686        26.289365121920948     
   75425.294200001692        26.229018539682333     
   75425.471660001698        26.170374149742255     
   75425.649120001704        26.108269691290317     
   75425.826580001711        26.044893970742063     
   75426.004040001717        25.982737368133456     
   75426.181500001723        25.922013614435102     
   75426.358960001729        25.862782912595428     
   75426.536420001736        25.805105465562853     
   75426.713880001742        25.749041476285818     
   75426.891340001748        25.694700971273498     
   75427.068800001754        25.642522536005458     
   75427.246260001761        25.593077811046047     
   75427.423720001767        25.546938813866404     
   75427.601180001773        25.504677561937655     
   75427.778640001779        25.466796008306137     
   75427.956100001786        25.433396504552110     
   75428.133560001792        25.404439949831001     
   75428.311020001798        25.379887078773333     
   75428.488480001804        25.359698626009653     
   75428.665940001811        25.343835326170488     
   75428.843400001817        25.332257913886380     
   75429.020860001823        25.324927123787866     
   75429.198320001829        25.321803690505480     
   75429.375780001836        25.322848348669755     
   75429.553240001842        25.328021832911233     
   75429.730700001848        25.337284877860448     
   75429.908160001854        25.350598218147930     
   75430.085620001861        25.367922588404227     
   75430.263080001867        25.389218723259866     
   75430.440540001873        25.414447357345384     
   75430.618000001879        25.443569225291323     
   75430.795460001886        25.476533787705097     
   75430.972920001892        25.513014937352978     
   75431.150380001898        25.552401648030774     
   75431.327840001904        25.594069748632414     
   75431.505300001911        25.637395068051827     
   75431.682760001917        25.681754501992234     
   75431.860220001923        25.726638300304074     
   75432.037680001929        25.771748872836973     
   75432.215140001936        25.816811925902783     
   75432.392600001942        25.861553165813355     
   75432.570060001948        25.905698298880544     
   75432.747520001954        25.948973031416209     
   75432.924980001961        25.991103069732187     
   75433.102440001967        26.031814120140343     
   75433.279900001973        26.071375124500836     
   75433.457360001979        26.110971666309503     
   75433.634820001986        26.149881963795231     
   75433.812280001992        26.187292489173540     
   75433.989740001998        26.222959624444645     
   75434.167200002004        26.256946221176605     
   75434.344660002011        26.289318079425435     
   75434.522120002017        26.320140999247130     
   75434.699580002023        26.349480780697704     
   75434.877040002029        26.377403223833149     
   75435.054500002036        26.403993647331717     
   75435.231960002042        26.429441525411693     
   75435.409420002048        26.453970933567490     
   75435.586880002054        26.477805970323935     
   75435.764340002061        26.501170734205839     
   75435.941800002067        26.524289323738024     
   75436.119260002073        26.547385837445312     
   75436.296720002079        26.570684373852522     
   75436.474180002086        26.594409031484464     
   75436.651640002092        26.618783908865961     
   75436.829100002098        26.644033104521835     
