   68337.490000000005        26.340000000000000     
   68337.573580000011        26.346550387763948     
   68337.657160000017        26.353651772553082     
   68337.740740000023        26.359402613192231     
   68337.824320000029        26.353595234798028     
   68337.907900000035        26.335931260434236     
   68337.991480000041        26.319714578859521     
   68338.075060000047        26.304813909545405     
   68338.158640000052        26.291020899714276     
   68338.242220000058        26.278127196588521     
   68338.325800000064        26.265924447390550     
   68338.409380000070        26.254204299342746     
   68338.492960000076        26.242758399667501     
   68338.576540000082        26.231378395587207     
   68338.660120000088        26.219855934324261     
   68338.743700000094        26.207982663101053     
   68338.827280000100        26.195550229139975     
   68338.910860000105        26.182350279663424     
   68338.994440000111        26.168174461893788     
   68339.078020000117        26.152814423053464     
   68339.161600000123        26.136061810364840     
   68339.245180000129        26.117708271050315     
   68339.328760000135        26.097547351680078     
   68339.412340000141        26.077026341048231     
   68339.495920000147        26.061572660876511     
   68339.579500000153        26.048192739853732     
   68339.663080000159        26.033367004948769     
   68339.746660000164        26.016103689251107     
   68339.830240000170        25.999827917935189     
   68339.913820000176        25.997077529929353     
   68339.997400000182        25.982834896756906     
   68340.080980000188        25.965180675367144     
   68340.164560000194        25.952762113016284     
   68340.248140000200        25.943223350598487     
   68340.331720000206        25.929004522254282     
   68340.415300000212        25.916109980465254     
   68340.498880000217        25.904023941379425     
   68340.582460000223        25.892237794645041     
   68340.666040000229        25.880595564472003     
   68340.749620000235        25.868941275070231     
   68340.833200000241        25.857120786605531     
   68340.916780000247        25.845221586627062     
   68341.000360000253        25.833811297412613     
   68341.083940000259        25.823279636605875     
   68341.167520000265        25.811397713849651     
   68341.251100000271        25.797336608434851     
   68341.334680000276        25.782241594861450     
   68341.418260000282        25.767017810307962     
   68341.501840000288        25.750904694257336     
   68341.585420000294        25.732536275820664     
   68341.669000000300        25.712122195387806     
   68341.752580000306        25.691987044056603     
   68341.836160000312        25.674579336393592     
   68341.919740000318        25.660143725215608     
   68342.003320000324        25.639648081590412     
   68342.086900000329        25.622265804969459     
   68342.170480000335        25.607832225454132     
   68342.254060000341        25.593464489642500     
   68342.337640000347        25.579321147069535     
   68342.421220000353        25.565568389519093     
   68342.504800000359        25.552389297696767     
   68342.588380000365        25.540236536076826     
   68342.671960000371        25.529779277161239     
   68342.755540000377        25.521484463360871     
   68342.839120000383        25.515042240315683     
   68342.922700000388        25.509961751404855     
   68343.006280000394        25.505953771583709     
   68343.089860000400        25.503515591767016     
   68343.173440000406        25.503336252782169     
   68343.257020000412        25.506104795456572     
   68343.340600000418        25.512510260617628     
   68343.424180000424        25.523241689092742     
   68343.507760000430        25.538988121709316     
   68343.591340000436        25.560438599294752     
   68343.674920000441        25.588282162676460     
   68343.758500000447        25.621667831798852     
   68343.842080000453        25.639999474839883     
   68343.925660000459        25.669371977239607     
   68344.009240000465        25.694384871909637     
   68344.092820000471        25.719354873402473     
   68344.176400000477        25.755532223020239     
   68344.259980000483        25.795015244344832     
   68344.343560000489        25.833110154521993     
   68344.427140000495        25.869782063866584     
   68344.510720000500        25.905329338293740     
   68344.594300000506        25.940050343718596     
   68344.677880000512        25.974243446056299     
   68344.761460000518        26.008207011221984     
   68344.845040000524        26.042239405130786     
   68344.928620000530        26.076554742949330     
   68345.012200000536        26.110687853166670     
   68345.095780000542        26.143845446580801     
   68345.179360000548        26.175232748307060     
   68345.262940000553        26.204256221470565     
   68345.346520000559        26.230808471558959     
   68345.430100000565        26.254854054729034     
   68345.513680000571        26.276357527137577     
   68345.597260000577        26.295283444941390     
   68345.680840000583        26.311596364297259     
   68345.764420000589        26.325260841361981     
   68345.848000000595        26.336241432292343     
   68345.931580000601        26.344502693245147     
   68346.015160000607        26.350009180377178     
   68346.098740000612        26.352725449845227     
   68346.182320000618        26.352616057806092     
   68346.265900000624        26.349645629759888     
   68346.349480000630        26.343934869991571     
   68346.433060000636        26.336092625386385     
   68346.516640000642        26.326822913583158     
   68346.600220000648        26.316812765865464     
   68346.683800000654        26.305595705431898     
   68346.767380000660        26.292003959850287     
   68346.850960000666        26.276421877876921     
   68346.934540000671        26.259364424726812     
   68347.018120000677        26.241346565614982     
   68347.101700000683        26.222883265756447     
   68347.185280000689        26.204489490366214     
   68347.268860000695        26.186615031671238     
   68347.352440000701        26.169146380597844     
   68347.436020000707        26.151681651618283     
   68347.519600000713        26.133821402207126     
   68347.603180000719        26.115435358499248     
   68347.686760000724        26.096800719103427     
   68347.770340000730        26.078228619967401     
   68347.853920000736        26.060030197038913     
   68347.937500000742        26.042516586265709     
   68348.021080000748        26.025998923595537     
   68348.104660000754        26.010788344976149     
   68348.188240000760        25.997195986355280     
   68348.271820000766        25.985511545126794     
   68348.355400000772        25.975213707285981     
   68348.438980000778        25.964772873465520     
   68348.522560000783        25.953372882504688     
   68348.606140000789        25.941331345323448     
   68348.689720000795        25.931233001302989     
   68348.773300000801        25.921896151630747     
   68348.856880000807        25.910187298060539     
   68348.940460000813        25.894447544531801     
   68349.024040000819        25.879168073484642     
   68349.107620000825        25.870440642176952     
   68349.191200000831        25.867007404658661     
   68349.274780000836        25.853612016117260     
   68349.358360000842        25.836732294207522     
   68349.441940000848        25.823745768052902     
   68349.525520000854        25.809535528900174     
   68349.609100000860        25.793700382742905     
   68349.692680000866        25.779122742290820     
   68349.776260000872        25.760495692659003     
   68349.859840000878        25.741384863581345     
   68349.943420000884        25.729770477968440     
   68350.027000000890        25.712630795892512     
   68350.110580000895        25.694165486464758     
   68350.194160000901        25.675415266350605     
   68350.277740000907        25.656645355398723     
   68350.361320000913        25.638120973457767     
   68350.444900000919        25.620107340376400     
   68350.528480000925        25.602869676003294     
   68350.612060000931        25.586673200187100     
   68350.695640000937        25.571783132776496     
   68350.779220000943        25.558464522935669     
   68350.862800000948        25.546851140310352     
   68350.946380000954        25.536711188503109     
   68351.029960000960        25.527749743534336     
   68351.113540000966        25.519671910089890     
   68351.197120000972        25.512609948039309     
   68351.280700000978        25.508146780819224     
   68351.364280000984        25.507006014752744     
   68351.447860000990        25.508753945532565     
   68351.531440000996        25.512941458373014     
   68351.615020001002        25.519535620928202     
   68351.698600001007        25.528792224497550     
   68351.782180001013        25.540972868169533     
   68351.865760001019        25.556339151032613     
   68351.949340001025        25.575152672175271     
   68352.032920001031        25.597526071988309     
   68352.116500001037        25.619229469678860     
   68352.200080001043        25.642768628540118     
   68352.283660001049        25.668980632113247     
   68352.367240001055        25.697298954413789     
   68352.450820001060        25.727211908077543     
   68352.534400001066        25.760715719806569     
   68352.617980001072        25.798472989298794     
   68352.701560001078        25.837504830252144     
   68352.785140001084        25.874484362932229     
   68352.868720001090        25.906120270901283     
   68352.952300001096        25.935178782026817     
   68353.035880001102        25.968520526325257     
   68353.119460001108        26.005055872486878     
   68353.203040001114        26.043282216777065     
   68353.286620001119        26.081696955461233     
   68353.370200001125        26.118797484804773     
   68353.453780001131        26.153310838340996     
   68353.537360001137        26.184979779961445     
   68353.620940001143        26.213827818032620     
   68353.704520001149        26.239878470484236     
   68353.788100001155        26.263155255246012     
   68353.871680001161        26.283681690247661     
   68353.955260001167        26.301481293418902     
   68354.038840001173        26.316577582689458     
   68354.122420001178        26.328994075989041     
   68354.206000001184        26.338754291247369     
   68354.289580001190        26.345881746394156     
   68354.373160001196        26.350399959359123     
   68354.456740001202        26.352332448071991     
   68354.540320001208        26.351702730462478     
   68354.623900001214        26.348536134104446     
   68354.707480001220        26.342942773152998     
   68354.791060001226        26.335152068506503     
   68354.874640001231        26.325402408224257     
   68354.958220001237        26.313932180365555     
   68355.041800001243        26.300979772989681     
   68355.125380001249        26.286783283294387     
   68355.208960001255        26.271532319642414     
   68355.292540001261        26.255314153810261     
   68355.376120001267        26.238203074053782     
   68355.459700001273        26.220273368628838     
   68355.543280001279        26.201599325791292     
   68355.626860001285        26.182255233797001     
   68355.710440001290        26.162315380901827     
   68355.794020001296        26.141933485338100     
   68355.877600001302        26.121712210753358     
   68355.961180001308        26.102411787076747     
   68356.044760001314        26.084792615361337     
   68356.128340001320        26.069615086262733     
   68356.211920001326        26.057124923886505     
   68356.295500001332        26.045674891919894     
   68356.379080001338        26.033182655201067     
   68356.462660001343        26.017565878568174     
   68356.546240001349        25.997222835758453     
   68356.629820001355        25.977711876711027     
   68356.713400001361        25.970003517999750     
   68356.796980001367        25.968135532638144     
   68356.880560001373        25.962872771566722     
   68356.964140001379        25.954746467105124     
   68357.047720001385        25.944287851573002     
   68357.131300001391        25.932028157289999     
   68357.214880001397        25.918498616575757     
   68357.298460001402        25.904230461749925     
   68357.382040001408        25.889754925132152     
   68357.465620001414        25.875603239042082     
   68357.549200001420        25.862266204589670     
   68357.632780001426        25.849601618109560     
   68357.716360001432        25.836965239449839     
   68357.799940001438        25.823712024810366     
   68357.883520001444        25.809549637206999     
   68357.967100001450        25.794571270451506     
   68358.050680001455        25.778889691350596     
   68358.134260001461        25.762617666710963     
   68358.217840001467        25.745867963339307     
   68358.301420001473        25.728753348042325     
   68358.385000001479        25.711386587626713     
   68358.468580001485        25.693880448899169     
   68358.552160001491        25.676347698666390     
   68358.635740001497        25.658901103735083     
   68358.719320001503        25.641653430911937     
   68358.802900001509        25.624717447003647     
   68358.886480001514        25.608205918816921     
   68358.970060001520        25.592231613158450     
   68359.053640001526        25.576918235521568     
   68359.137220001532        25.562456997272157     
   68359.220800001538        25.549064835943732     
   68359.304380001544        25.536958739711846     
   68359.387960001550        25.526355696752056     
   68359.471540001556        25.517472695239924     
   68359.555120001562        25.510526723351003     
   68359.638700001567        25.505734769260854     
   68359.722280001573        25.503313821145031     
   68359.805860001579        25.503480867179096     
   68359.889440001585        25.506452895538608     
   68359.973020001591        25.512446894399115     
   68360.056600001597        25.521679851936188     
   68360.140180001603        25.534368756325371     
   68360.223760001609        25.550730595742237     
   68360.307340001615        25.570982358362329     
   68360.390920001621        25.595123700003029     
   68360.474500001626        25.620117331626147     
   68360.558080001632        25.644141123946302     
   68360.641660001638        25.669614198775555     
   68360.725240001644        25.697672748388182     
   68360.808820001650        25.728671228101717     
   68360.892400001656        25.762958356398244     
   68360.975980001662        25.800765372224493     
   68361.059560001668        25.840062904515243     
   68361.143140001674        25.878157445688259     
   68361.226720001679        25.914929053745674     
   68361.310300001685        25.950554007176507     
   68361.393880001691        25.985208584469767     
   68361.477460001697        26.019069064114476     
   68361.561040001703        26.052311724599651     
   68361.644620001709        26.085124043778208     
   68361.728200001715        26.118003491031253     
   68361.811780001721        26.151604051040451     
   68361.895360001727        26.179708061829285     
   68361.978940001733        26.211488729644422     
   68362.062520001738        26.243180963438892     
   68362.146100001744        26.263366306226423     
   68362.229680001750        26.279167734218561     
   68362.313260001756        26.297865106995982     
   68362.396840001762        26.321672098894641     
   68362.480420001768        26.334699069964671     
   68362.564000001774        26.339518470247686     
   68362.647580001780        26.343115495370640     
   68362.731160001786        26.346819550299053     
   68362.814740001792        26.349800193941348     
   68362.898320001797        26.351222676798024     
   68362.981900001803        26.350252249369596     
   68363.065480001809        26.346205712369180     
   68363.149060001815        26.339211886273318     
   68363.232640001821        26.329670414173020     
   68363.316220001827        26.317981126449727     
   68363.399800001833        26.304541806026162     
   68363.483380001839        26.289666966200272     
   68363.566960001845        26.273560774877510     
   68363.650540001850        26.256419802447830     
   68363.734120001856        26.238440628869821     
   68363.817700001862        26.219839576081469     
   68363.901280001868        26.200894233101074     
   68363.984860001874        26.181894038796173     
   68364.068440001880        26.163128432034295     
   68364.152020001886        26.144886851682976     
   68364.235600001892        26.127458736609750     
   68364.319180001898        26.111062919829433     
   68364.402760001904        26.094634262389967     
   68364.486340001909        26.075988185227153     
