   3459.0180000000000        27.859999999999999     
   3459.1689000000001        27.828622472406579     
   3459.3198000000002        27.795547419173676     
   3459.4707000000003        27.760794526339019     
   3459.6216000000004        27.724520630227449     
   3459.7725000000005        27.686882567163799     
   3459.9234000000006        27.648037173472908     
   3460.0743000000007        27.608141285479611     
   3460.2252000000008        27.567351739508737     
   3460.3761000000009        27.525825371885126     
   3460.5270000000010        27.483719018933620     
   3460.6779000000010        27.441189516979044     
   3460.8288000000011        27.398393702346240     
   3460.9797000000012        27.355488411360042     
   3461.1306000000013        27.312630480345284     
   3461.2815000000014        27.269976745626803     
   3461.4324000000015        27.227684043529436     
   3461.5833000000016        27.185788566089499     
   3461.7342000000017        27.144214316731510     
   3461.8851000000018        27.103333927301570     
   3462.0360000000019        27.063548181798431     
   3462.1869000000020        27.025252087267887     
   3462.3378000000021        26.988602681095450     
   3462.4887000000022        26.953439891877863     
   3462.6396000000022        26.919581633326459     
   3462.7905000000023        26.886845819152576     
   3462.9414000000024        26.855050363067519     
   3463.0923000000025        26.824013178782639     
   3463.2432000000026        26.793552180009250     
   3463.3941000000027        26.763485280458685     
   3463.5450000000028        26.733630393842272     
   3463.6959000000029        26.703803871703929     
   3463.8468000000030        26.673792436540602     
   3463.9977000000031        26.643358122253794     
   3464.1486000000032        26.612575617017470     
   3464.2995000000033        26.582187377983928     
   3464.4504000000034        26.553021471727916     
   3464.6013000000034        26.525905964824176     
   3464.7522000000035        26.501668923847468     
   3464.9031000000036        26.481138415372538     
   3465.0540000000037        26.465142505974129     
   3465.2049000000038        26.454509262226999     
   3465.3558000000039        26.450066750705886     
   3465.5067000000040        26.448995997963273     
   3465.6576000000041        26.443912705698072     
   3465.8085000000042        26.435465981645358     
   3465.9594000000043        26.424699529802467     
   3466.1103000000044        26.412657054166729     
   3466.2612000000045        26.400382258735473     
   3466.4121000000046        26.388918847506041     
   3466.5630000000046        26.379310524475756     
   3466.7139000000047        26.372600993641953     
   3466.8648000000048        26.369832581063079     
   3467.0157000000049        26.371687134544466     
   3467.1666000000050        26.378005743303881     
   3467.3175000000051        26.388509858397512     
   3467.4684000000052        26.402920930881557     
   3467.6193000000053        26.420960411812210     
   3467.7702000000054        26.442349752245665     
   3467.9211000000055        26.466810403238114     
   3468.0720000000056        26.494063815845760     
   3468.2229000000057        26.523831441124784     
   3468.3738000000058        26.555835874977124     
   3468.5247000000059        26.590128871316679     
   3468.6756000000059        26.627544408734543     
   3468.8265000000060        26.668883136552004     
   3468.9774000000061        26.714236572476324     
   3469.1283000000062        26.763482618514256     
   3469.2792000000063        26.816258374226489     
   3469.4301000000064        26.871415472575844     
   3469.5810000000065        26.927645628500059     
   3469.7319000000066        26.983640701246721     
   3469.8828000000067        27.038710342964020     
   3470.0337000000068        27.094195616008221     
   3470.1846000000069        27.151854497921835     
   3470.3355000000070        27.213444966247376     
   3470.4864000000071        27.279311075552769     
   3470.6373000000071        27.340915548139719     
   3470.7882000000072        27.398206525536697     
   3470.9391000000073        27.454292352561843     
   3471.0900000000074        27.509376315762360     
   3471.2409000000075        27.562862802666729     
   3471.3918000000076        27.614156177393461     
   3471.5427000000077        27.662660804061069     
   3471.6936000000078        27.707781046788078     
   3471.8445000000079        27.748921269692996     
   3471.9954000000080        27.785485836894342     
   3472.1463000000081        27.816879112510634     
   3472.2972000000082        27.842505460660384     
   3472.4481000000083        27.861939605897042     
   3472.5990000000083        27.876860694059221     
   3472.7499000000084        27.890366850446345     
   3472.9008000000085        27.905582762523746     
   3473.0517000000086        27.925560912308551     
   3473.2026000000087        27.944602550485218     
   3473.3535000000088        27.940004999115786     
   3473.5044000000089        27.916594244023997     
   3473.6553000000090        27.924445861553991     
   3473.8062000000091        27.917976881854905     
   3473.9571000000092        27.899501104963424     
   3474.1080000000093        27.872186335275991     
   3474.2589000000094        27.839200377189055     
   3474.4098000000095        27.803662880204982     
   3474.5607000000095        27.767318043973987     
   3474.7116000000096        27.730366946027260     
   3474.8625000000097        27.692928835396387     
   3475.0134000000098        27.655122961112959     
   3475.1643000000099        27.617068572208563     
   3475.3152000000100        27.578884917714781     
   3475.4661000000101        27.540691246663194     
   3475.6170000000102        27.502601455544024     
   3475.7679000000103        27.464577594946949     
   3475.9188000000104        27.426411947952680     
   3476.0697000000105        27.387887846788079     
   3476.2206000000106        27.348788623680001     
   3476.3715000000107        27.308897610855304     
   3476.5224000000107        27.267998140540840     
   3476.6733000000108        27.225873544963470     
   3476.8242000000109        27.182307156350056     
   3476.9751000000110        27.137082306927454     
   3477.1260000000111        27.089982328922517     
   3477.2769000000112        27.040790554562101     
   3477.4278000000113        26.989376765450487     
   3477.5787000000114        26.949094005692373     
   3477.7296000000115        26.913154619678231     
   3477.8805000000116        26.874963268402279     
   3478.0314000000117        26.843130592924474     
   3478.1823000000118        26.815341883451129     
   3478.3332000000119        26.789277180522447     
   3478.4841000000119        26.761054342235255     
   3478.6350000000120        26.731117155081499     
   3478.7859000000121        26.704937035695551     
   3478.9368000000122        26.678458112545819     
   3479.0877000000123        26.650797402771421     
   3479.2386000000124        26.623732432897491     
   3479.3895000000125        26.598478486926147     
   3479.5404000000126        26.575531765419058     
   3479.6913000000127        26.554431677738201     
   3479.8422000000128        26.534521900668711     
   3479.9931000000129        26.515146110995715     
   3480.1440000000130        26.495647985504348     
   3480.2949000000131        26.475371200979730     
   3480.4458000000132        26.453659434207001     
   3480.5967000000132        26.431384498370036     
   3480.7476000000133        26.419378428500952     
   3480.8985000000134        26.409939737509966     
   3481.0494000000135        26.414651521430169     
   3481.2003000000136        26.416957347654865     
   3481.3512000000137        26.417430755732621     
   3481.5021000000138        26.416645576140013     
   3481.6530000000139        26.415175639353627     
   3481.8039000000140        26.413594775850026     
   3481.9548000000141        26.412476816105794     
   3482.1057000000142        26.412395590597512     
   3482.2566000000143        26.413924929801759     
   3482.4075000000144        26.417638664195103     
   3482.5584000000144        26.424110624254123     
   3482.7093000000145        26.433914640455399     
   3482.8602000000146        26.447624543275513     
   3483.0111000000147        26.465814163191034     
   3483.1620000000148        26.488976632007315     
   3483.3129000000149        26.517012208513258     
   3483.4638000000150        26.549556803209626     
   3483.6147000000151        26.586245108943380     
   3483.7656000000152        26.626711818561468     
   3483.9165000000153        26.670591624910848     
   3484.0674000000154        26.717519220838476     
   3484.2183000000155        26.767129299191307     
   3484.3692000000156        26.819056552816292     
   3484.5201000000156        26.872935675780134     
   3484.6710000000157        26.928410583156673     
   3484.8219000000158        26.985156603347097     
   3484.9728000000159        27.042855748212396     
   3485.1237000000160        27.101190029613559     
   3485.2746000000161        27.159841459411574     
   3485.4255000000162        27.218492049467422     
   3485.5764000000163        27.276815922415448     
   3485.7273000000164        27.334382994447175     
   3485.8782000000165        27.390689500362239     
   3486.0291000000166        27.445261016774008     
   3486.1800000000167        27.498004760740365     
   3486.3309000000168        27.549085283701796     
   3486.4818000000168        27.598671954193570     
   3486.6327000000169        27.646934140750950     
   3486.7836000000170        27.694041211909219     
   3486.9345000000171        27.740153241458842     
   3487.0854000000172        27.783917289074807     
   3487.2363000000173        27.821377995810256     
   3487.3872000000174        27.851788656956959     
   3487.5381000000175        27.875805373387884     
   3487.6890000000176        27.894087374078005     
   3487.8399000000177        27.907327120708828     
   3487.9908000000178        27.916606861596488     
   3488.1417000000179        27.922385144403474     
   3488.2926000000180        27.924603478792914     
   3488.4435000000180        27.923198907434227     
   3488.5944000000181        27.918108472996813     
   3488.7453000000182        27.909269218150097     
   3488.8962000000183        27.896618185563486     
   3489.0471000000184        27.880014006296477     
   3489.1980000000185        27.857993588120681     
   3489.3489000000186        27.828787559707976     
   3489.4998000000187        27.798727642677150     
   3489.6507000000188        27.776242353897164     
   3489.8016000000189        27.749229594001278     
   3489.9525000000190        27.714924268449654     
   3490.1034000000191        27.674937665458607     
   3490.2543000000192        27.630881073244446     
   3490.4052000000192        27.584365780023486     
   3490.5561000000193        27.537003074012034     
   3490.7070000000194        27.490404243426404     
   3490.8579000000195        27.446180576482902     
   3491.0088000000196        27.405359595833701     
   3491.1597000000197        27.365360942446841     
   3491.3106000000198        27.323931137164095     
   3491.4615000000199        27.281294601282134     
   3491.6124000000200        27.237867371759947     
   3491.7633000000201        27.194065485556536     
   3491.9142000000202        27.150304979630906     
   3492.0651000000203        27.107001890942044     
   3492.2160000000204        27.064572256448947     
   3492.3669000000205        27.023432113110623     
   3492.5178000000205        26.983997497886062     
   3492.6687000000206        26.946684447734267     
   3492.8196000000207        26.911908999614226     
   3492.9705000000208        26.880087190484950     
   3493.1214000000209        26.851533041621067     
   3493.2723000000210        26.820329824752758     
   3493.4232000000211        26.786344951560366     
   3493.5741000000212        26.761506615651221     
   3493.7250000000213        26.736689177736565     
   3493.8759000000214        26.706801663069051     
   3494.0268000000215        26.677301151848855     
   3494.1777000000216        26.650579592732946     
   3494.3286000000217        26.625465783964355     
   3494.4795000000217        26.601005273967676     
   3494.6304000000218        26.577219404631759     
   3494.7813000000219        26.554268957051022     
   3494.9322000000220        26.532314712319881     
   3495.0831000000221        26.511517451532740     
   3495.2340000000222        26.492036684959288     
   3495.3849000000223        26.473987267246869     
   3495.5358000000224        26.457428650064838     
   3495.6867000000225        26.442416833401694     
   3495.8376000000226        26.429007817245953     
   3495.9885000000227        26.417257601586115     
   3496.1394000000228        26.407222186410692     
   3496.2903000000229        26.398957571708181     
   3496.4412000000229        26.392519757467095     
   3496.5921000000230        26.387964743675937     
   3496.7430000000231        26.385348530323213     
   3496.8939000000232        26.384727117397436     
   3497.0448000000233        26.386156504887104     
   3497.1957000000234        26.389692692780727     
   3497.3466000000235        26.395391681066805     
   3497.4975000000236        26.403309469733856     
   3497.6484000000237        26.413502058770376     
   3497.7993000000238        26.426025448164875     
   3497.9502000000239        26.441138478761850     
   3498.1011000000240        26.461073953070674     
   3498.2520000000241        26.488724268065290     
   3498.4029000000241        26.521251127488952     
   3498.5538000000242        26.552041085671824     
   3498.7047000000243        26.580768241762989     
   3498.8556000000244        26.615170416437415     
   3499.0065000000245        26.663504217124128     
   3499.1574000000246        26.709791668697598     
   3499.3083000000247        26.719859629134334     
   3499.4592000000248        26.750240398927232     
   3499.6101000000249        26.799074204114117     
   3499.7610000000250        26.864501270732802     
   3499.9119000000251        26.944661824821100     
   3500.0628000000252        27.037676122129735     
   3500.2137000000253        27.119215170296652     
   3500.3646000000253        27.174701912354685     
   3500.5155000000254        27.220723098328374     
   3500.6664000000255        27.273528349362223     
   3500.8173000000256        27.334142674726206     
   3500.9682000000257        27.392530521532048     
   3501.1191000000258        27.448215387324446     
   3501.2700000000259        27.501441913124516     
   3501.4209000000260        27.552331003205289     
   3501.5718000000261        27.600741524870557     
   3501.7227000000262        27.646498968170228     
   3501.8736000000263        27.689428823154216     
   3502.0245000000264        27.729356579872420     
   3502.1754000000265        27.766107728374752     
   3502.3263000000265        27.799507758711115     
   3502.4772000000266        27.829382160931416     
   3502.6281000000267        27.855556425085567     
   3502.7790000000268        27.877856041223474     
   3502.9299000000269        27.896106499395039     
   3503.0808000000270        27.910133289650169     
   3503.2317000000271        27.919761902038779     
   3503.3826000000272        27.924817826610763     
   3503.5335000000273        27.925126553416039     
   3503.6844000000274        27.920513572504511     
   3503.8353000000275        27.910819709887338     
   3503.9862000000276        27.895964757462604     
   3504.1371000000277        27.876319037480641     
   3504.2880000000278        27.853105893736270     
   3504.4389000000278        27.827650022141910     
   3504.5898000000279        27.801167165411407     
   3504.7407000000280        27.768445247592233     
   3504.8916000000281        27.733037631372987     
   3505.0425000000282        27.701861144637569     
   3505.1934000000283        27.660225276965896     
   3505.3443000000284        27.640960202579912     
   3505.4952000000285        27.586245709634468     
   3505.6461000000286        27.526695971112588     
   3505.7970000000287        27.472913566925971     
   3505.9479000000288        27.424153679100776     
   3506.0988000000289        27.379564441343312     
   3506.2497000000290        27.338293987359883     
   3506.4006000000290        27.299490450856794     
   3506.5515000000291        27.262301965540352     
   3506.7024000000292        27.225876665116850     
   3506.8533000000293        27.189362683292607     
   3507.0042000000294        27.151931950619822     
   3507.1551000000295        27.113363322461645     
   3507.3060000000296        27.074077659810293     
   3507.4569000000297        27.034526643613088     
   3507.6078000000298        26.995161954817345     
   3507.7587000000299        26.956435274370385     
   3507.9096000000300        26.918798283219527     
   3508.0605000000301        26.882702662312084     
   3508.2114000000302        26.848600080424053     
   3508.3623000000302        26.816761543998851     
   3508.5132000000303        26.786821589832535     
   3508.6641000000304        26.758274666375996     
   3508.8150000000305        26.730615222080118     
