   37574.362000000001        25.520000000000000     
   37574.573199999999        25.523460214834589     
   37574.784399999997        25.527757039372101     
   37574.995599999995        25.533727083315469     
   37575.206799999993        25.542206956367615     
   37575.417999999991        25.554033268231461     
   37575.629199999988        25.570023305881222     
   37575.840399999986        25.590696826623379     
   37576.051599999984        25.616158384456455     
   37576.262799999982        25.644026482404414     
   37576.473999999980        25.672263781862970     
   37576.685199999978        25.701041004154469     
   37576.896399999976        25.730626409536356     
   37577.107599999974        25.761121271178840     
   37577.318799999972        25.791999362974501     
   37577.529999999970        25.822587090883854     
   37577.741199999968        25.852227065704000     
   37577.952399999966        25.880830940262179     
   37578.163599999963        25.909012186668242     
   37578.374799999961        25.937166562752612     
   37578.585999999959        25.965269600366025     
   37578.797199999957        25.993258915067063     
   37579.008399999955        26.021072122414310     
   37579.219599999953        26.048646837966345     
   37579.430799999951        26.075920677281744     
   37579.641999999949        26.102831255919096     
   37579.853199999947        26.129316189436977     
   37580.064399999945        26.155313093393964     
   37580.275599999943        26.180759583348639     
   37580.486799999941        26.205593274859584     
   37580.697999999938        26.229753949461639     
   37580.909199999936        26.253262118040407     
   37581.120399999934        26.276241195692556     
   37581.331599999932        26.298821280512705     
   37581.542799999930        26.321132470595472     
   37581.753999999928        26.343304864035474     
   37581.965199999926        26.365468558927326     
   37582.176399999924        26.387753653365646     
   37582.387599999922        26.410290245445047     
   37582.598799999920        26.433208433260155     
   37582.809999999918        26.456638314905572     
   37583.021199999916        26.480709432562062     
   37583.232399999913        26.505534183667368     
   37583.443599999911        26.531204980177804     
   37583.654799999909        26.557813105798537     
   37583.865999999907        26.585447200379605     
   37584.077199999905        26.613591850254377     
   37584.288399999903        26.640841673263463     
   37584.499599999901        26.666918687972274     
   37584.710799999899        26.691767742153829     
   37584.921999999897        26.715333683581143     
   37585.133199999895        26.737561360027243     
   37585.344399999893        26.758395619265130     
   37585.555599999891        26.777781309067834     
   37585.766799999888        26.795663277208362     
   37585.977999999886        26.811986371459739     
   37586.189199999884        26.826695439594985     
   37586.400399999882        26.839735329387107     
   37586.611599999880        26.851050888609130     
   37586.822799999878        26.860586965034067     
   37587.033999999876        26.868288406434942     
   37587.245199999874        26.874100060584766     
   37587.456399999872        26.877966775256557     
   37587.667599999870        26.879833398223330     
   37587.878799999868        26.878641317430898     
   37588.089999999866        26.870872406263732     
   37588.301199999863        26.856673475955997     
   37588.512399999861        26.836555714404362     
   37588.723599999859        26.811030309505512     
   37588.934799999857        26.780608449156126     
   37589.145999999855        26.745801321252888     
   37589.357199999853        26.707120113692476     
   37589.568399999851        26.665076014371568     
   37589.779599999849        26.620180211186849     
   37589.990799999847        26.572943892034996     
   37590.201999999845        26.523878084306322     
   37590.413199999843        26.473372581949050     
   37590.624399999841        26.421480397008715     
   37590.835599999838        26.368196532556098     
   37591.046799999836        26.313515991661998     
   37591.257999999834        26.257433777397193     
   37591.469199999832        26.199944892832729     
   37591.680399999830        26.141352333083759     
   37591.891599999828        26.083180649585856     
   37592.102799999826        26.026687544773729     
   37592.313999999824        25.972137165026027     
   37592.525199999822        25.919694581422181     
   37592.736399999820        25.869524865041633     
   37592.947599999818        25.821793086963808     
   37593.158799999816        25.776664318268146     
   37593.369999999813        25.734303630034084     
   37593.581199999811        25.694876093341048     
   37593.792399999809        25.658546779268477     
   37594.003599999807        25.625536754658164     
   37594.214799999805        25.596552920200782     
   37594.425999999803        25.572457400846986     
   37594.637199999801        25.553288585700670     
   37594.848399999799        25.538657459133148     
   37595.059599999797        25.528171406557433     
   37595.270799999795        25.521437813386520     
   37595.481999999793        25.518094695864530     
   37595.693199999791        25.518123021889011     
   37595.904399999788        25.521718938535372     
   37596.115599999786        25.529081915675928     
   37596.326799999784        25.540368890295277     
   37596.537999999782        25.555509128053082     
   37596.749199999780        25.574356033949563     
   37596.960399999778        25.596708734542915     
   37597.171599999776        25.619431148870660     
   37597.382799999774        25.641971803016208     
   37597.593999999772        25.667038819513994     
   37597.805199999770        25.696111345075245     
   37598.016399999768        25.728364336053815     
   37598.227599999766        25.762721145835442     
   37598.438799999763        25.798105127805858     
   37598.649999999761        25.833439635350793     
   37598.861199999759        25.867648021855985     
   37599.072399999757        25.899653640707157     
   37599.283599999755        25.928379845290060     
   37599.494799999753        25.952749988990409     
   37599.705999999751        25.971699088468512     
   37599.917199999749        25.998006654329174     
   37600.128399999747        26.048556913662107     
   37600.339599999745        26.090322682638011     
   37600.550799999743        26.123987962933274     
   37600.761999999741        26.151038121273100     
   37600.973199999738        26.172958524382690     
   37601.184399999736        26.191234538987246     
   37601.395599999734        26.207351531811959     
   37601.606799999732        26.222794869582049     
   37601.817999999730        26.239049919022705     
   37602.029199999728        26.257602046859127     
   37602.240399999726        26.279423241063324     
   37602.451599999724        26.302557405680172     
   37602.662799999722        26.324804978298317     
   37602.873999999720        26.346243850221104     
   37603.085199999718        26.367358342250569     
   37603.296399999716        26.388632775188757     
   37603.507599999713        26.410541045499130     
   37603.718799999711        26.433288374737643     
   37603.929999999709        26.456794190531959     
   37604.141199999707        26.480964068271451     
   37604.352399999705        26.505703583345472     
   37604.563599999703        26.530918311143402     
   37604.774799999701        26.556513827054602     
   37604.985999999699        26.582395706468443     
   37605.197199999697        26.608469524774286     
   37605.408399999695        26.634640857361497     
   37605.619599999693        26.660815279619449     
   37605.830799999690        26.686898366937506     
   37606.041999999688        26.712766595160119     
   37606.253199999686        26.738129454468631     
   37606.464399999684        26.762636981138613     
   37606.675599999682        26.785939139077215     
   37606.886799999680        26.807685892191586     
   37607.097999999678        26.827527204388893     
   37607.309199999676        26.845113039576290     
   37607.520399999674        26.860093361660926     
   37607.731599999672        26.872118494873778     
   37607.942799999670        26.880918184099233     
   37608.153999999668        26.886400884838203     
   37608.365199999665        26.888499469492615     
   37608.576399999663        26.887146810464394     
   37608.787599999661        26.882275780155460     
   37608.998799999659        26.873819250967742     
   37609.209999999657        26.861710095303167     
   37609.421199999655        26.845881185563648     
   37609.632399999653        26.826269512522686     
   37609.843599999651        26.802857865676049     
   37610.054799999649        26.775657624682175     
   37610.265999999647        26.744680604477963     
   37610.477199999645        26.709938620000308     
   37610.688399999643        26.671443486186092     
   37610.899599999640        26.629207017972220     
   37611.110799999638        26.583241030295575     
   37611.321999999636        26.533557338093054     
   37611.533199999634        26.480200856294328     
   37611.744399999632        26.423824464283562     
   37611.955599999630        26.367501125724239     
   37612.166799999628        26.321122654009990     
   37612.377999999626        26.260770598109556     
   37612.589199999624        26.203013664172534     
   37612.800399999622        26.150396585414406     
   37613.011599999620        26.097257026435663     
   37613.222799999618        26.042973454632698     
   37613.433999999615        25.988221616090570     
   37613.645199999613        25.933677257445751     
   37613.856399999611        25.880016125334720     
   37614.067599999609        25.827913966393943     
   37614.278799999607        25.778046527259900     
   37614.489999999605        25.731207733177737     
   37614.701199999603        25.688538922455368     
   37614.912399999601        25.650483517526709     
   37615.123599999599        25.617344748655391     
   37615.334799999597        25.589425846105048     
   37615.545999999595        25.567030040139322     
   37615.757199999593        25.550460561021850     
   37615.968399999590        25.540020639016266     
   37616.179599999588        25.530609888677393     
   37616.390799999586        25.516693999808574     
   37616.601999999584        25.520327350141763     
   37616.813199999582        25.520116966735138     
   37617.024399999580        25.521377923238735     
   37617.235599999578        25.527201482649794     
   37617.446799999576        25.537228180787039     
   37617.657999999574        25.551086309890600     
   37617.869199999572        25.568404162200622     
   37618.080399999570        25.588810029957223     
   37618.291599999568        25.611932205400556     
   37618.502799999565        25.637398980770747     
   37618.713999999563        25.664838648307928     
   37618.925199999561        25.693879500252244     
   37619.136399999559        25.724149828843821     
   37619.347599999557        25.755277926322801     
   37619.558799999555        25.786892084929310     
   37619.769999999553        25.818620596903493     
   37619.981199999551        25.850091754485476     
   37620.192399999549        25.880933849915401     
   37620.403599999547        25.910775177130990     
   37620.614799999545        25.939342525719081     
   37620.825999999543        25.966726565719544     
   37621.037199999540        25.993101978623926     
   37621.248399999538        26.018643445923782     
   37621.459599999536        26.043525649110656     
   37621.670799999534        26.067923269676104     
   37621.881999999532        26.092010989111671     
   37622.093199999530        26.115963488908911     
   37622.304399999528        26.139955450559377     
   37622.515599999526        26.164161555554607     
   37622.726799999524        26.188756485386161     
   37622.937999999522        26.213914921545584     
   37623.149199999520        26.239811545524432     
   37623.360399999518        26.266621038814247     
   37623.571599999515        26.294517546546654     
   37623.782799999513        26.323469928726396     
   37623.993999999511        26.352932845041167     
   37624.205199999509        26.382281747478451     
   37624.416399999507        26.410892088025747     
   37624.627599999505        26.438139318670551     
   37624.838799999503        26.463398891400352     
   37625.049999999501        26.486046258202645     
   37625.261199999499        26.505456871064922     
   37625.472399999497        26.521006181974677     
   37625.683599999495        26.532229270026129     
   37625.894799999493        26.558699282929243     
   37626.105999999490        26.592530999712370     
   37626.317199999488        26.619051884477670     
   37626.528399999486        26.640827446801609     
   37626.739599999484        26.660423925838966     
   37626.950799999482        26.680339827252215     
   37627.161999999480        26.701589420463861     
   37627.373199999478        26.723742529318105     
   37627.584399999476        26.746309204141479     
   37627.795599999474        26.768799495260531     
   37628.006799999472        26.790723453001796     
   37628.217999999470        26.811591127691820     
   37628.429199999468        26.830912569657144     
   37628.640399999465        26.848197829224308     
   37628.851599999463        26.862956956719856     
   37629.062799999461        26.874700002470327     
   37629.273999999459        26.882941911204675     
   37629.485199999457        26.887375140155314     
   37629.696399999455        26.887915621264092     
   37629.907599999453        26.884493526365567     
   37630.118799999451        26.877039027294291     
   37630.329999999449        26.865482295884817     
   37630.541199999447        26.849753503971698     
   37630.752399999445        26.829782823389486     
   37630.963599999443        26.805500425972742     
   37631.174799999440        26.776836580725536     
   37631.385999999438        26.743839807221640     
   37631.597199999436        26.706906697373228     
   37631.808399999434        26.666497566729092     
   37632.019599999432        26.623072730838011     
   37632.230799999430        26.577092505248778     
   37632.441999999428        26.529017205510172     
   37632.653199999426        26.479298200335215     
   37632.864399999424        26.428064123232886     
   37633.075599999422        26.375038317802133     
   37633.286799999420        26.319918400882759     
   37633.497999999418        26.262502213715770     
   37633.709199999415        26.203832200641280     
   37633.920399999413        26.145573548811747     
   37634.131599999411        26.088337936642919     
   37634.342799999409        26.032412062522866     
   37634.553999999407        25.978082549790209     
   37634.765199999405        25.925636021783593     
   37634.976399999403        25.875359101841639     
   37635.187599999401        25.827538413302992     
   37635.398799999399        25.782458807827982     
   37635.609999999397        25.740334934581565     
   37635.821199999395        25.701289471113881     
   37636.032399999393        25.665438869663340     
   37636.243599999390        25.632899582468347     
   37636.454799999388        25.603788061767311     
   37636.665999999386        25.578220759798622     
   37636.877199999384        25.556314126348745     
   37637.088399999382        25.538183938653223     
   37637.299599999380        25.523944390385765     
   37637.510799999378        25.513709447468344     
   37637.721999999376        25.507593075822911     
   37637.933199999374        25.505709241371427     
   37638.144399999372        25.508171910035863     
   37638.355599999370        25.515095047738182     
   37638.566799999368        25.526592620400340     
   37638.777999999365        25.542778593944298     
   37638.989199999363        25.563766934292023     
   37639.200399999361        25.589671607365471     
   37639.411599999359        25.620595412825466     
   37639.622799999357        25.655928148027144     
   37639.833999999355        25.693928979721434     
   37640.045199999353        25.732756776254028     
   37640.256399999351        25.770570405970602     
   37640.467599999349        25.805528737216854     
   37640.678799999347        25.835790638338466     
   37640.889999999345        25.859514977681126     
   37641.101199999342        25.874860623590521     
   37641.312399999340        25.879987987950706     
   37641.523599999338        25.890568572205172     
   37641.734799999336        25.920961829594685     
   37641.945999999334        25.960045468546323     
   37642.157199999332        25.996546376903435     
   37642.368399999330        26.022939639990870     
   37642.579599999328        26.047873604348752     
   37642.790799999326        26.073541601842017     
   37643.001999999324        26.099742011390102     
   37643.213199999322        26.126273211912462     
   37643.424399999320        26.152933582328551     
   37643.635599999317        26.179521501557819     
   37643.846799999315        26.205835348519710     
   37644.057999999313        26.231673502133681     
   37644.269199999311        26.256834341319177     
   37644.480399999309        26.281116244995651     
   37644.691599999307        26.304317592082548     
   37644.902799999305        26.326236761499327     
   37645.113999999303        26.346672132165438     
   37645.325199999301        26.365441340532040     
   37645.536399999299        26.383861158068012     
   37645.747599999297        26.405775990241640     
   37645.958799999295        26.432761860610263     
   37646.169999999292        26.461366861942565     
   37646.381199999290        26.487541072498253     
   37646.592399999288        26.507234570537019     
   37646.803599999286        26.527492704798661     
   37647.014799999284        26.553593962902831     
   37647.225999999282        26.576851757301295     
   37647.437199999280        26.608194298508295     
   37647.648399999278        26.639788203714360     
   37647.859599999276        26.669786241371249     
   37648.070799999274        26.698109839833954     
   37648.281999999272        26.724680689657848     
   37648.493199999270        26.749420481398289     
   37648.704399999267        26.772250905610644     
   37648.915599999265        26.793093652850281     
   37649.126799999263        26.811870413672565     
   37649.337999999261        26.828502878632861     
   37649.549199999259        26.842912738286536     
   37649.760399999257        26.855021683188951     
   37649.971599999255        26.864751403895475     
   37650.182799999253        26.872023590961476     
   37650.393999999251        26.876759934942310     
   37650.605199999249        26.878882126393354     
   37650.816399999247        26.878311855869963     
   37651.027599999245        26.874970813927515     
   37651.238799999242        26.868780109663888     
   37651.449999999240        26.859457785038380     
   37651.661199999238        26.846221408112918     
   37651.872399999236        26.828212815546479     
   37652.083599999234        26.804573843998039     
   37652.294799999232        26.775170304482760     
   37652.505999999230        26.744371507462006     
   37652.717199999228        26.711455864772677     
   37652.928399999226        26.669291228883456     
   37653.139599999224        26.622799445694127     
   37653.350799999222        26.579180853532801     
   37653.561999999220        26.533231399268793     
   37653.773199999217        26.484561235230434     
   37653.984399999215        26.433478113392965     
   37654.195599999213        26.380289785731634     
   37654.406799999211        26.325304008152902     
   37654.617999999209        26.268836891720909     
   37654.829199999207        26.211230546189384     
   37655.040399999205        26.152867897932708     
   37655.251599999203        26.094390555033165     
   37655.462799999201        26.036553869321587     
   37655.673999999199        25.980113683697645     
   37655.885199999197        25.925825841060991     
   37656.096399999195        25.874444270265947     
   37656.307599999192        25.826585754029026     
   37656.518799999190        25.782631326408197     
   37656.729999999188        25.740758700993862     
   37656.941199999186        25.701598894209145     
   37657.152399999184        25.665460788333863     
   37657.363599999182        25.631196158770809     
