   1433.6690000000001        26.000000000000004     
   1433.8548100000000        25.947954548536892     
   1434.0406200000000        25.896489515243623     
   1434.2264299999999        25.846185318290043     
   1434.4122399999999        25.797622375845997     
   1434.5980499999998        25.751381106081332     
   1434.7838599999998        25.708041927165890     
   1434.9696699999997        25.668185257269517     
   1435.1554799999997        25.632389917342916     
   1435.3412899999996        25.600978339065165     
   1435.5270999999996        25.573736821823015     
   1435.7129099999995        25.550384380028017     
   1435.8987199999995        25.530640028091710     
   1436.0845299999994        25.514222780425644     
   1436.2703399999994        25.500993561799358     
   1436.4561499999993        25.492243755491486     
   1436.6419599999992        25.489935542017641     
   1436.8277699999992        25.491063054202709     
   1437.0135799999991        25.493110632501921     
   1437.1993899999991        25.496115450549553     
   1437.3851999999990        25.500116595901773     
   1437.5710099999990        25.505153156114758     
   1437.7568199999989        25.511264218744678     
   1437.9426299999989        25.518488871347699     
   1438.1284399999988        25.526866201479997     
   1438.3142499999988        25.536435296697743     
   1438.5000599999987        25.547200354085920     
   1438.6858699999987        25.558745260479682     
   1438.8716799999986        25.570375583193925     
   1439.0574899999986        25.581392359536213     
   1439.2432999999985        25.591373987660493     
   1439.4291099999984        25.600650220621937     
   1439.6149199999984        25.609676803803829     
   1439.8007299999983        25.618909482589466     
   1439.9865399999983        25.628722261911690     
   1440.1723499999982        25.639027014192500     
   1440.3581599999982        25.649573374656057     
   1440.5439699999981        25.660110802004358     
   1440.7297799999981        25.670433029726752     
   1440.9155899999980        25.680505346905992     
   1441.1013999999980        25.690334590009254     
   1441.2872099999979        25.699961715497757     
   1441.4730199999979        25.709550778167323     
   1441.6588299999978        25.719293584225653     
   1441.8446399999978        25.729381939880458     
   1442.0304499999977        25.740007651339447     
   1442.2162599999976        25.751362524810329     
   1442.4020699999976        25.763638366500810     
   1442.5878799999975        25.777026982618601     
   1442.7736899999975        25.791720179371410     
   1442.9594999999974        25.807899893064263     
   1443.1453099999974        25.825493633933245     
   1443.3311199999973        25.844158251863298     
   1443.5169299999973        25.863537476085579     
   1443.7027399999972        25.883275750823739     
   1443.8885499999972        25.903264616847189     
   1444.0743599999971        25.924003450822173     
   1444.2601699999971        25.946083414741800     
   1444.4459799999970        25.970095670599168     
   1444.6317899999970        25.996631380387363     
   1444.8175999999969        26.026177262690577     
   1445.0034099999968        26.058620303372493     
   1445.1892199999968        26.093633826481696     
   1445.3750299999967        26.130890894744280     
   1445.5608399999967        26.169985482989915     
   1445.7466499999966        26.209853052869910     
   1445.9324599999966        26.249102249314411     
   1446.1182699999965        26.286339361210338     
   1446.3040799999965        26.320170677444612     
   1446.4898899999964        26.349514304757236     
   1446.6756999999964        26.383188314411814     
   1446.8615099999963        26.423365746507940     
   1447.0473199999963        26.465552263658697     
   1447.2331299999962        26.505308923536901     
   1447.4189399999962        26.540365180592129     
   1447.6047499999961        26.571275063157781     
   1447.7905599999960        26.598779784326034     
   1447.9763699999960        26.623472784718217     
   1448.1621799999959        26.644055403417124     
   1448.3479899999959        26.658195637630222     
   1448.5337999999958        26.669820469858820     
   1448.7196099999958        26.683648082369146     
   1448.9054199999957        26.695216383307724     
   1449.0912299999957        26.695451716523451     
   1449.2770399999956        26.686112236003169     
   1449.4628499999956        26.669367959453449     
   1449.6486599999955        26.647388904580865     
   1449.8344699999955        26.622345089091990     
   1450.0202799999954        26.596406530693404     
   1450.2060899999954        26.569463450167653     
   1450.3918999999953        26.529273571121415     
   1450.5777099999952        26.482508178252303     
   1450.7635199999952        26.435116515154714     
   1450.9493299999951        26.386882605896588     
   1451.1351399999951        26.337417543750249     
   1451.3209499999950        26.286332421988032     
   1451.5067599999950        26.233238333882255     
   1451.6925699999949        26.177746372705254     
   1451.8783799999949        26.119783452044928     
   1452.0641899999948        26.065114423595528     
   1452.2499999999948        26.007033273476637     
   1452.4358099999947        25.948550771210627     
   1452.6216199999947        25.893712763921080     
   1452.8074299999946        25.845737633955579     
   1452.9932399999946        25.800898000887763     
   1453.1790499999945        25.755971362019793     
   1453.3648599999945        25.711323334940452     
   1453.5506699999944        25.669108489846025     
   1453.7364799999943        25.631547545089312     
   1453.9222899999943        25.600682216683094     
   1454.1080999999942        25.576364714680864     
   1454.2939099999942        25.556981324592989     
   1454.4797199999941        25.540943088234513     
   1454.6655299999941        25.527482156817612     
   1454.8513399999940        25.516487991822057     
   1455.0371499999940        25.507868486256960     
   1455.2229599999939        25.501531533131441     
   1455.4087699999939        25.497385025454612     
   1455.5945799999938        25.495336856235589     
   1455.7803899999938        25.495294918483488     
   1455.9661999999937        25.497167105207417     
   1456.1520099999937        25.500861309416500     
   1456.3378199999936        25.506285424119842     
   1456.5236299999935        25.513347342326561     
   1456.7094399999935        25.521954957045772     
   1456.8952499999934        25.532015491252494     
   1457.0810599999934        25.543273594797288     
   1457.2668699999933        25.555100556164955     
   1457.4526799999933        25.566815454481542     
   1457.6384899999932        25.577737368873084     
   1457.8242999999932        25.587323539776836     
   1458.0101099999931        25.596132668985941     
   1458.1959199999931        25.605212392016853     
   1458.3817299999930        25.614956386075661     
   1458.5675399999930        25.625203215802454     
   1458.7533499999929        25.635774012144786     
   1458.9391599999929        25.646489906050224     
   1459.1249699999928        25.657183381565773     
   1459.3107799999927        25.667816115197244     
   1459.4965899999927        25.678431828705392     
   1459.6823999999926        25.689075553831231     
   1459.8682099999926        25.699792322315751     
   1460.0540199999925        25.710627165899968     
   1460.2398299999925        25.721625116324880     
   1460.4256399999924        25.732831205331500     
   1460.6114499999924        25.744290464660828     
   1460.7972599999923        25.756047926053867     
   1460.9830699999923        25.768148621251626     
   1461.1688799999922        25.780652912497626     
   1461.3546899999922        25.793717992403113     
   1461.5404999999921        25.807538753367467     
   1461.7263099999921        25.822310172666654     
   1461.9121199999920        25.838227227576617     
   1462.0979299999919        25.855484895373323     
   1462.2837399999919        25.874278153332710     
   1462.4695499999918        25.894801978730747     
   1462.6553599999918        25.917251348843386     
   1462.8411699999917        25.941776694561121     
   1463.0269799999917        25.968275052866904     
   1463.2127899999916        25.996553987116201     
   1463.3985999999916        26.026420958640358     
   1463.5844099999915        26.057683428770716     
   1463.7702199999915        26.090148858838631     
   1463.9560299999914        26.123624710175442     
   1464.1418399999914        26.157918444112493     
   1464.3276499999913        26.192874046479520     
   1464.5134599999913        26.228510512077403     
   1464.6992699999912        26.264899191249881     
   1464.8850799999911        26.302111443870206     
   1465.0708899999911        26.340218629811627     
   1465.2566999999910        26.379292108947389     
   1465.4425099999910        26.419403241150743     
   1465.6283199999909        26.460512394668459     
   1465.8141299999909        26.500010652792998     
   1465.9999399999908        26.534958957862500     
   1466.1857499999908        26.566560053893852     
   1466.3715599999907        26.595817104770759     
   1466.5573699999907        26.622304076024715     
   1466.7431799999906        26.645410051168469     
   1466.9289899999906        26.664524113714769     
   1467.1147999999905        26.679035347176370     
   1467.3006099999905        26.688087272753926     
   1467.4864199999904        26.689683391814182     
   1467.6722299999903        26.684880523152465     
   1467.8580399999903        26.678654299656419     
   1468.0438499999902        26.672375122806528     
   1468.2296599999902        26.660263229816554     
   1468.4154699999901        26.640468358402270     
   1468.6012799999901        26.613701888896909     
   1468.7870899999900        26.580698338032001     
   1468.9728999999900        26.542192222539086     
   1469.1587099999899        26.498918059149688     
   1469.3445199999899        26.451610364595354     
   1469.5303299999898        26.401003655607610     
   1469.7161399999898        26.347832448917995     
   1469.9019499999897        26.292831261258037     
   1470.0877599999897        26.236734596146459     
   1470.2735699999896        26.180196451628063     
   1470.4593799999896        26.123599994068922     
   1470.6451899999895        26.067271498639460     
   1470.8309999999894        26.011537240510116     
   1471.0168099999894        25.956723494851317     
   1471.2026199999893        25.903156536833500     
   1471.3884299999893        25.851162641627095     
   1471.5742399999892        25.801099221163309     
   1471.7600499999892        25.753823412005836     
   1471.9458599999891        25.710595109160362     
   1472.1316699999891        25.672408209522018     
   1472.3174799999890        25.637721843428952     
   1472.5032899999890        25.604869303792050     
   1472.6890999999889        25.576112984515781     
   1472.8749099999889        25.552507361256410     
   1473.0607199999888        25.533108970781424     
   1473.2465299999888        25.517144043246088     
   1473.4323399999887        25.505594753136251     
   1473.6181499999886        25.500185328393080     
   1473.8039599999886        25.499041811765970     
   1473.9897699999885        25.495073455114433     
   1474.1755799999885        25.491022979195463     
   1474.3613899999884        25.490128265332238     
   1474.5471999999884        25.493429555375240     
   1474.7330099999883        25.499722206387684     
   1474.9188199999883        25.507831214991015     
   1475.1046299999882        25.517168332964058     
   1475.2904399999882        25.527309497090066     
   1475.4762499999881        25.537830651978044     
   1475.6620599999881        25.548307742237000     
   1475.8478699999880        25.558316712475939     
   1476.0336799999880        25.567433507303868     
   1476.2194899999879        25.575293075543449     
   1476.4052999999878        25.582157940311948     
   1476.5911099999878        25.588669423412561     
   1476.7769199999877        25.595474084987295     
   1476.9627299999877        25.603218485178161     
   1477.1485399999876        25.612549184127172     
   1477.3343499999876        25.624112741976340     
   1477.5201599999875        25.638555718867671     
   1477.7059699999875        25.656054246947793     
   1477.8917799999874        25.660669639966684     
   1478.0775899999874        25.665758472657522     
   1478.2633999999873        25.674909611713744     
   1478.4492099999873        25.687015265016509     
   1478.6350199999872        25.700967640446958     
   1478.8208299999872        25.715658945886247     
   1479.0066399999871        25.730055296292811     
   1479.1924499999870        25.743877622094043     
   1479.3782599999870        25.757288463039703     
   1479.5640699999869        25.770455925177700     
   1479.7498799999869        25.783548114555938     
   1479.9356899999868        25.796733137222329     
   1480.1214999999868        25.810179099224783     
   1480.3073099999867        25.824054106611207     
   1480.4931199999867        25.838526265429504     
   1480.6789299999866        25.853784693814767     
   1480.8647399999866        25.872247717731383     
   1481.0505499999865        25.894685019615117     
   1481.2363599999865        25.918889759346030     
   1481.4221699999864        25.945816952033720     
   1481.6079799999864        25.975403173715019     
   1481.7937899999863        26.004378374975236     
   1481.9795999999862        26.029046134916229     
   1482.1654099999862        26.052218287380573     
   1482.3512199999861        26.090236131796068     
   1482.5370299999861        26.118828689201909     
   1482.7228399999860        26.142102546519791     
   1482.9086499999860        26.204809227664619     
   1483.0944599999859        26.275351311133100     
   1483.2802699999859        26.339697487403832     
   1483.4660799999858        26.398052278931601     
   1483.6518899999858        26.450620208171173     
   1483.8376999999857        26.497605797577350     
   1484.0235099999857        26.539213569604907     
   1484.2093199999856        26.575648046708626     
   1484.3951299999856        26.607113751343292     
   1484.5809399999855        26.633815205963685     
   1484.7667499999854        26.655956933024594     
   1484.9525599999854        26.673743454980798     
   1485.1383699999853        26.687379294287080     
   1485.3241799999853        26.697068973398224     
   1485.5099899999852        26.703017014769010     
   1485.6957999999852        26.705427940854232     
   1485.8816099999851        26.704506274108660     
   1486.0674199999851        26.700456536987080     
   1486.2532299999850        26.693483251944283     
   1486.4390399999850        26.683756069944799     
   1486.6248499999849        26.670939760096900     
   1486.8106599999849        26.654318898047947     
   1486.9964699999848        26.633172727443871     
   1487.1822799999848        26.607091427016805     
   1487.3680899999847        26.576194325897760     
   1487.5538999999847        26.540652273414242     
   1487.7397099999846        26.500636118893798     
   1487.9255199999845        26.456318917815643     
   1488.1113299999845        26.408046085509660     
   1488.2971399999844        26.356456146928153     
   1488.4829499999844        26.302216138535737     
   1488.6687599999843        26.245993096797019     
   1488.8545699999843        26.188454058176610     
   1489.0403799999842        26.130266059139121     
   1489.2261899999842        26.072097264214701     
   1489.4119999999841        26.014629663550387     
   1489.5978099999841        25.958554517126821     
   1489.7836199999840        25.904563255939884     
   1489.9694299999840        25.853347310985470     
   1490.1552399999839        25.805494923345016     
   1490.3410499999839        25.761088428017700     
   1490.5268599999838        25.720055369529746     
   1490.7126699999837        25.682323252989008     
   1490.8984799999837        25.647819583503356     
   1491.0842899999836        25.616471866180653     
   1491.2700999999836        25.588207606128766     
   1491.4559099999835        25.562954308455556     
   1491.6417199999835        25.540639478268890     
   1491.8275299999834        25.521214953738419     
   1492.0133399999834        25.505276270366146     
   1492.1991499999833        25.494113128631962     
   1492.3849599999833        25.489012148864614     
   1492.5707699999832        25.489095226725077     
   1492.7565799999832        25.490177893954627     
   1492.9423899999831        25.488361819954623     
   1493.1281999999831        25.486124966180682     
   1493.3140099999830        25.489970214483979     
   1493.4998199999829        25.505950950040010     
   1493.6856299999829        25.510326628787464     
   1493.8714399999828        25.510913344069685     
   1494.0572499999828        25.519936009314073     
   1494.2430599999827        25.534881591683128     
   1494.4288699999827        25.553230257791860     
