   67614.244999999995        24.390000000000001     
   67614.390869999988        24.424098651920758     
   67614.536739999981        24.457842828831410     
   67614.682609999974        24.490878055721851     
   67614.828479999967        24.522849857581978     
   67614.974349999960        24.553403759401679     
   67615.120219999953        24.582185286170855     
   67615.266089999946        24.608839962879401     
   67615.411959999939        24.633013314517211     
   67615.557829999932        24.654350866074175     
   67615.703699999925        24.672498142540192     
   67615.849569999918        24.687118650522994     
   67615.995439999911        24.698256397368436     
   67616.141309999904        24.706318374918077     
   67616.287179999897        24.711726050943490     
   67616.433049999890        24.714900893216239     
   67616.578919999884        24.716264369507911     
   67616.724789999877        24.716237947590066     
   67616.870659999870        24.715243095234271     
   67617.016529999863        24.713701280212113     
   67617.162399999856        24.712033970295156     
   67617.308269999849        24.710662633254966     
   67617.454139999842        24.710008736863124     
   67617.600009999835        24.708067089821849     
   67617.745879999828        24.700149887624512     
   67617.891749999821        24.687106414429714     
   67618.037619999814        24.669998827392384     
   67618.183489999807        24.649889283667441     
   67618.329359999800        24.627839940409810     
   67618.475229999793        24.604923342625565     
   67618.621099999786        24.583923300878208     
   67618.766969999779        24.571224848662460     
   67618.912839999772        24.567427151445457     
   67619.058709999765        24.554154783399383     
   67619.204579999758        24.536642723987907     
   67619.350449999751        24.522965368344316     
   67619.496319999744        24.520063502543625     
   67619.642189999737        24.520024853345451     
   67619.788059999730        24.520727784999998     
   67619.933929999723        24.522405975103538     
   67620.079799999716        24.525073209866861     
   67620.225669999709        24.528743275500727     
   67620.371539999702        24.533429958215912     
   67620.517409999695        24.539147044223185     
   67620.663279999688        24.545908319733314     
   67620.809149999681        24.553727570957076     
   67620.955019999674        24.562618584105238     
   67621.100889999667        24.572595145388568     
   67621.246759999660        24.583669485863329     
   67621.392629999653        24.595751334105330     
   67621.538499999646        24.608586015402672     
   67621.684369999639        24.621904046836264     
   67621.830239999632        24.635435945487007     
   67621.976109999625        24.648912228435815     
   67622.121979999618        24.662014355694218     
   67622.267849999611        24.674175767592562     
   67622.413719999604        24.684894199456686     
   67622.559589999597        24.693878144231018     
   67622.705459999590        24.700852810802338     
   67622.851329999583        24.705543408057441     
   67622.997199999576        24.707675144883101     
   67623.143069999569        24.706973230166106     
   67623.288939999562        24.703162872793236     
   67623.434809999555        24.695833401500764     
   67623.580679999548        24.682787734395955     
   67623.726549999541        24.678837880490175     
   67623.872419999534        24.669522299001812     
   67624.018289999527        24.652359256131277     
   67624.164159999520        24.629108165290845     
   67624.310029999513        24.601528439892803     
   67624.455899999506        24.571379493349433     
   67624.601769999499        24.540420739073017     
   67624.747639999492        24.510393068094050     
   67624.893509999485        24.481870117904450     
   67625.039379999478        24.453626365867592     
   67625.185249999471        24.424975351715936     
   67625.331119999464        24.395802013350753     
   67625.476989999457        24.366007923430281     
   67625.622859999450        24.336985864305063     
   67625.768729999443        24.315140229370265     
   67625.914599999436        24.295342112723475     
   67626.060469999429        24.275175235492952     
   67626.206339999422        24.255260512190755     
   67626.352209999415        24.236247137689524     
   67626.498079999408        24.218784306861899     
   67626.643949999401        24.203521214580519     
   67626.789819999394        24.191107055718014     
   67626.935689999387        24.182191025147027     
   67627.081559999380        24.177422317740195     
   67627.227429999373        24.177450128370158     
   67627.373299999366        24.182896608961489     
   67627.519169999359        24.193371352085990     
   67627.665039999352        24.207129366585484     
   67627.810909999345        24.222230355868156     
   67627.956779999338        24.236722571224590     
   67628.102649999331        24.257000348744164     
   67628.248519999324        24.270824307582075     
   67628.394389999317        24.282658024711331     
   67628.540259999310        24.305804044907539     
   67628.686129999303        24.337097506247819     
   67628.831999999296        24.373373546809294     
   67628.977869999289        24.411467304669088     
   67629.123739999282        24.448222506824727     
   67629.269609999275        24.481744196086183     
   67629.415479999268        24.512716651815285     
   67629.561349999261        24.542139413355045     
   67629.707219999254        24.570905799666431     
   67629.853089999247        24.598914117552908     
   67629.998959999240        24.625518845111095     
   67630.144829999233        24.650068935611976     
   67630.290699999226        24.671913342326533     
   67630.436569999220        24.690444725102964     
   67630.582439999213        24.705745681218939     
   67630.728309999206        24.718448936070128     
   67630.874179999199        24.729069263284700     
   67631.020049999192        24.737318965506716     
   67631.165919999185        24.742621523073833     
   67631.311789999178        24.744572358480816     
   67631.457659999171        24.742911106765973     
   67631.603529999164        24.737457356797812     
   67631.749399999157        24.731194712597333     
   67631.895269999150        24.729866847793108     
   67632.041139999143        24.719453004062913     
   67632.187009999136        24.703926969814702     
   67632.332879999129        24.689804492983288     
   67632.478749999122        24.675717252586985     
   67632.624619999115        24.660890141119957     
   67632.770489999108        24.644753027456574     
   67632.916359999101        24.627648020462523     
   67633.062229999094        24.610188024415368     
   67633.208099999087        24.592985987041345     
   67633.353969999080        24.576654856066707     
   67633.499839999073        24.561807579217682     
   67633.645709999066        24.548971667289390     
   67633.791579999059        24.538165838426739     
   67633.937449999052        24.529221235945936     
   67634.083319999045        24.521968707770633     
   67634.229189999038        24.516239101824482     
   67634.375059999031        24.511863266031121     
   67634.520929999024        24.508705676758023     
   67634.666799999017        24.507577131048699     
   67634.812669999010        24.510341912422206     
   67634.958539999003        24.518195415175132     
   67635.104409998996        24.529957019097466     
   67635.250279998989        24.543959473526808     
   67635.396149998982        24.558535527800771     
   67635.542019998975        24.572017931256966     
   67635.687889998968        24.582739433233002     
   67635.833759998961        24.589032783066489     
   67635.979629998954        24.590389257674367     
   67636.125499998947        24.596573672601739     
   67636.271369998940        24.608752299084152     
   67636.417239998933        24.624990352896173     
   67636.563109998926        24.643353049812383     
   67636.708979998919        24.661905605607348     
   67636.854849998912        24.678713236055646     
   67637.000719998905        24.691841156931854     
   67637.146589998898        24.699354584010536     
   67637.292459998891        24.700276989374327     
   67637.438329998884        24.700072413624312     
   67637.584199998877        24.701052408417933     
   67637.730069998870        24.701455853851574     
   67637.875939998863        24.699451748700866     
   67638.021809998856        24.693738393869037     
   67638.167679998849        24.684346827321058     
   67638.313549998842        24.671514560491570     
   67638.459419998835        24.655479624974653     
   67638.605289998828        24.636535379372873     
   67638.751159998821        24.615078766790802     
   67638.897029998814        24.591518108798930     
   67639.042899998807        24.566261726967728     
   67639.188769998800        24.539717942867682     
   67639.334639998793        24.512294185802023     
   67639.480509998786        24.484315207886709     
   67639.626379998779        24.455957259241689     
   67639.772249998772        24.427381099944000     
   67639.918119998765        24.398747490070676     
   67640.063989998758        24.370217189698771     
   67640.209859998751        24.341950958905311     
   67640.355729998744        24.314267128882069     
   67640.501599998737        24.288260917820313     
   67640.647469998730        24.265266561108877     
   67640.793339998723        24.246062486999740     
   67640.939209998716        24.226469583139632     
   67641.085079998709        24.205259966150599     
   67641.230949998702        24.199836927984446     
   67641.376819998695        24.197296591625388     
   67641.522689998688        24.194916668677212     
   67641.668559998681        24.193336267174189     
   67641.814429998674        24.193194495150596     
   67641.960299998667        24.195130460640684     
   67642.106169998660        24.199783271678733     
   67642.252039998653        24.207792036299008     
   67642.397909998646        24.219795862535769     
   67642.543779998639        24.236348193522431     
   67642.689649998632        24.257644761111429     
   67642.835519998625        24.282184282152954     
   67642.981389998618        24.306534310881862     
   67643.127259998611        24.332424260212978     
   67643.273129998604        24.360637591109889     
   67643.418999998597        24.390511681720781     
   67643.564869998590        24.421311155242847     
   67643.710739998583        24.452300634873279     
   67643.856609998576        24.482755713505291     
   67644.002479998569        24.512327062493537     
   67644.148349998562        24.541124798773669     
   67644.294219998555        24.569278439888777     
   67644.440089998549        24.596759511752957     
   67644.585959998542        24.623203891212519     
   67644.731829998535        24.648171392109916     
   67644.877699998528        24.671221827074937     
   67645.023569998521        24.691915008737343     
   67645.169439998514        24.709810749726913     
   67645.315309998507        24.724472297087217     
   67645.461179998500        24.735672185966557     
   67645.607049998493        24.743509215160387     
   67645.752919998486        24.748110468513623     
   67645.898789998479        24.749603029871167     
   67646.044659998472        24.748113983077943     
   67646.190529998465        24.743770411978854     
   67646.336399998458        24.736645320119017     
   67646.482269998451        24.725018299454543     
   67646.628139998444        24.708285338876706     
   67646.774009998437        24.690555415164692     
   67646.919879998430        24.676308612614378     
   67647.065749998423        24.670025015521638     
   67647.211619998416        24.661642183699431     
   67647.357489998409        24.641552096750530     
   67647.503359998402        24.622405232776565     
   67647.649229998395        24.610532031481185     
   67647.795099998388        24.595091542749977     
   67647.940969998381        24.576741245723856     
   67648.086839998374        24.567267993041892     
   67648.232709998367        24.541368699095106     
   67648.378579998360        24.521410751130098     
   67648.524449998353        24.511527429531284     
   67648.670319998346        24.508491032752289     
   67648.816189998339        24.509073859246747     
   67648.962059998332        24.510052802223733     
   67649.107929998325        24.509992738418592     
   67649.253799998318        24.511343005899587     
   67649.399669998311        24.514660854517459     
   67649.545539998304        24.519814886713917     
   67649.691409998297        24.526676769797234     
   67649.837279998290        24.535131635346211     
   67649.983149998283        24.545068304007202     
   67650.129019998276        24.556375596522919     
   67650.274889998269        24.568942333636066     
   67650.420759998262        24.582657336089355     
   67650.566629998255        24.597409424625486     
   67650.712499998248        24.613087419987163     
   67650.858369998241        24.629580142917103     
   67651.004239998234        24.646611222683415     
   67651.150109998227        24.663192285638413     
   67651.295979998220        24.678143170262743     
   67651.441849998213        24.690283712291425     
   67651.587719998206        24.698433747459468     
   67651.733589998199        24.701413111501900     
   67651.879459998192        24.698287041547239     
   67652.025329998185        24.701559794424362     
   67652.171199998178        24.709517140304861     
   67652.317069998171        24.706211463583195     
   67652.462939998164        24.700994764709964     
   67652.608809998157        24.693617588356908     
   67652.754679998150        24.683830479195763     
   67652.900549998143        24.671383981898256     
   67653.046419998136        24.656028641136125     
   67653.192289998129        24.637515001581097     
   67653.338159998122        24.615708853338781     
   67653.484029998115        24.591961675684686     
   67653.629899998108        24.567999598281510     
   67653.775769998101        24.542378950675715     
   67653.921639998094        24.514589309104583     
   67654.067509998087        24.485380356279464     
   67654.213379998080        24.455521236902552     
   67654.359249998073        24.425781095676047     
   67654.505119998066        24.396830263424725     
   67654.650989998059        24.368615552219552     
   67654.796859998052        24.340810275155718     
   67654.942729998045        24.313598558777400     
   67655.088599998038        24.287473797282601     
   67655.234469998031        24.262933664201192     
   67655.380339998024        24.240475833063044     
   67655.526209998017        24.220597977398036     
   67655.672079998010        24.203797770736038     
   67655.817949998003        24.190572886606923     
   67655.963819997996        24.181420998540567     
   67656.109689997989        24.176758859424957     
   67656.255559997982        24.176363950078294     
   67656.401429997975        24.179710264742504     
   67656.547299997968        24.186269962597517     
   67656.693169997961        24.195515202823259     
   67656.839039997954        24.206918144599666     
   67656.984909997947        24.220026780429972     
   67657.130779997940        24.235041528154337     
   67657.276649997933        24.252495538492475     
   67657.422519997926        24.272924618038974     
   67657.568389997919        24.296864573388444     
   67657.714259997912        24.324851211135481     
   67657.860129997905        24.357420337874682     
   67658.005999997898        24.394932333637890     
   67658.151869997891        24.432273221039342     
   67658.297739997884        24.466259332642224     
   67658.443609997878        24.497434859249108     
   67658.589479997871        24.526350848880348     
   67658.735349997864        24.553558349556301     
   67658.881219997857        24.579608409297322     
   67659.027089997850        24.605051457966152     
   67659.172959997843        24.630305909775050     
