   87155.611000000004        26.500000000000004     
   87155.781440000006        26.495876268826173     
   87155.951880000008        26.483759433408267     
   87156.122320000009        26.471352546506509     
   87156.292760000011        26.465424884551279     
   87156.463200000013        26.465735661161958     
   87156.633640000015        26.469357621852001     
   87156.804080000016        26.473901259421659     
   87156.974520000018        26.480391946435319     
   87157.144960000020        26.491176449493611     
   87157.315400000021        26.504341092243621     
   87157.485840000023        26.514516957620980     
   87157.656280000025        26.528376085773935     
   87157.826720000026        26.550471323594941     
   87157.997160000028        26.569615488367887     
   87158.167600000030        26.588046598885885     
   87158.338040000031        26.610107543567356     
   87158.508480000033        26.614387603700735     
   87158.678920000035        26.636602483137125     
   87158.849360000037        26.666353008205299     
   87159.019800000038        26.694616164910453     
   87159.190240000040        26.720489326255720     
   87159.360680000042        26.744122362091318     
   87159.531120000043        26.765665142267459     
   87159.701560000045        26.785267536634361     
   87159.872000000047        26.803079415042241     
   87160.042440000048        26.819250647341317     
   87160.212880000050        26.833931103381801     
   87160.383320000052        26.847270653013918     
   87160.553760000053        26.859419166087882     
   87160.724200000055        26.870526512453907     
   87160.894640000057        26.880742561962215     
   87161.065080000059        26.890217184463019     
   87161.235520000060        26.899100249806541     
   87161.405960000062        26.907541627842988     
   87161.576400000064        26.915691188422592     
   87161.746840000065        26.923698801395560     
   87161.917280000067        26.931735243267738     
   87162.087720000069        26.943706948122440     
   87162.258160000070        26.964715657423184     
   87162.428600000072        26.987528029323499     
   87162.599040000074        27.009251643280848     
   87162.769480000075        27.029929419611953     
   87162.939920000077        27.049623534450511     
   87163.110360000079        27.068396163930203     
   87163.280800000080        27.086309484184728     
   87163.451240000082        27.103425671347779     
   87163.621680000084        27.119806901553048     
   87163.792120000086        27.135515350934220     
   87163.962560000087        27.150613195624992     
   87164.133000000089        27.165162611759051     
   87164.303440000091        27.179225775470098     
   87164.473880000092        27.192864862891817     
   87164.644320000094        27.206142050157897     
   87164.814760000096        27.219119513402038     
   87164.985200000097        27.231859428757929     
   87165.155640000099        27.244423972359257     
   87165.326080000101        27.256875320339716     
   87165.496520000102        27.269275648833002     
   87165.666960000104        27.281687133972799     
   87165.837400000106        27.294171951892807     
   87166.007840000108        27.306792278726711     
   87166.178280000109        27.319610290608207     
   87166.348720000111        27.332659008089813     
   87166.519160000113        27.340136908202510     
   87166.689600000114        27.341477369488661     
   87166.860040000116        27.347323409824341     
   87167.030480000118        27.355108385455097     
   87167.200920000119        27.362139100199350     
   87167.371360000121        27.365918739162524     
   87167.541800000123        27.364249649633528     
   87167.712240000124        27.354959311709994     
   87167.882680000126        27.340047237744123     
   87168.053120000128        27.339591285795123     
   87168.223560000130        27.332013678371268     
   87168.394000000131        27.316965055930638     
   87168.564440000133        27.296174516179072     
   87168.734880000135        27.271371156822408     
   87168.905320000136        27.244286375596992     
   87169.075760000138        27.217093837009255     
   87169.246200000140        27.189606265624583     
   87169.416640000141        27.154217935511642     
   87169.587080000143        27.121238312575002     
   87169.757520000145        27.090207626509144     
   87169.927960000146        27.053787372167790     
   87170.098400000148        27.012422376701437     
   87170.268840000150        26.966746258912735     
   87170.439280000151        26.917454781660389     
   87170.609720000153        26.866003458315035     
   87170.780160000155        26.814356290223625     
   87170.950600000157        26.764486616278703     
   87171.121040000158        26.718367775372819     
   87171.291480000160        26.677973106398529     
   87171.461920000162        26.645275948248369     
   87171.632360000163        26.622249639814900     
   87171.802800000165        26.610867519990656     
   87171.973240000167        26.606237396241529     
   87172.143680000168        26.584493437654110     
   87172.314120000170        26.552288571469070     
   87172.484560000172        26.519904510111772     
   87172.655000000173        26.495645622990956     
   87172.825440000175        26.479984484898850     
   87172.995880000177        26.471454926485812     
   87173.166320000179        26.468590778402188     
   87173.336760000180        26.469925871298344     
   87173.507200000182        26.473874074438491     
   87173.677640000184        26.478332216462103     
   87173.848080000185        26.481057857437531     
   87174.018520000187        26.479809655314490     
   87174.188960000189        26.482534626476220     
   87174.359400000190        26.517380206454398     
   87174.529840000192        26.550473902466905     
   87174.700280000194        26.576687625817776     
   87174.870720000195        26.597201968808143     
   87175.041160000197        26.613197523739139     
   87175.211600000199        26.625854882911892     
   87175.382040000201        26.636354638627534     
   87175.552480000202        26.645877383187205     
   87175.722920000204        26.655603708892027     
   87175.893360000206        26.666714208043135     
   87176.063800000207        26.680264799810246     
   87176.234240000209        26.696182067250039     
   87176.404680000211        26.713791814242043     
   87176.575120000212        26.732414274046338     
   87176.745560000214        26.751369679922973     
   87176.916000000216        26.769978265132018     
   87177.086440000217        26.787560262933532     
   87177.256880000219        26.803411021846436     
   87177.427320000221        26.813675828326012     
   87177.597760000222        26.823323074477081     
   87177.768200000224        26.839646965273037     
   87177.938640000226        26.854579648067961     
   87178.109080000228        26.868247689855139     
   87178.279520000229        26.881096496847690     
   87178.449960000231        26.893571475258739     
   87178.620400000233        26.906118031301411     
   87178.790840000234        26.919181571188822     
   87178.961280000236        26.933207501134099     
   87179.131720000238        26.948641227350368     
   87179.302160000239        26.965877625646293     
   87179.472600000241        26.982194357651743     
   87179.643040000243        26.989987653544301     
   87179.813480000244        26.991478457159030     
   87179.983920000246        26.996957729788704     
   87180.154360000248        27.006079304740815     
   87180.324800000250        27.018423687602414     
   87180.495240000251        27.033571383960599     
   87180.665680000253        27.051102899402423     
   87180.836120000255        27.070598739514963     
   87181.006560000256        27.091639409885289     
   87181.177000000258        27.113805416100469     
   87181.347440000260        27.136677263747572     
   87181.517880000261        27.159835458413674     
   87181.688320000263        27.182860505685838     
   87181.858760000265        27.205332911151142     
   87182.029200000266        27.226744704153710     
   87182.199640000268        27.245906843904155     
   87182.370080000270        27.261314064100095     
   87182.540520000271        27.271484768985122     
   87182.710960000273        27.281011186933199     
   87182.881400000275        27.300164741531820     
   87183.051840000277        27.317918529988994     
   87183.222280000278        27.331378384643145     
   87183.392720000280        27.340952394484056     
   87183.563160000282        27.347048648501506     
   87183.733600000283        27.350075244730061     
   87183.904040000285        27.350556526296661     
   87184.074480000287        27.349411690918718     
   87184.244920000288        27.347170050255055     
   87184.415360000290        27.343732143650719     
   87184.585800000292        27.338955805456582     
   87184.756240000293        27.332698870023535     
   87184.926680000295        27.324819171702451     
   87185.097120000297        27.315174544844215     
   87185.267560000299        27.303622823799714     
   87185.438000000300        27.290021842919817     
   87185.608440000302        27.274229436555416     
   87185.778880000304        27.256103439057380     
   87185.949320000305        27.235501684776601     
   87186.119760000307        27.212282008063958     
   87186.290200000309        27.186302243270333     
   87186.460640000310        27.157420224746602     
   87186.631080000312        27.125493786843652     
   87186.801520000314        27.090380763912357     
   87186.971960000315        27.051938990303604     
   87187.142400000317        27.010245034638373     
   87187.312840000319        26.967583714820101     
   87187.483280000321        26.927520249038992     
   87187.653720000322        26.892260330093052     
   87187.824160000324        26.853723961901832     
   87187.994600000326        26.801317252012851     
   87188.165040000327        26.750082486818009     
   87188.335480000329        26.705846506745303     
   87188.505920000331        26.667755793009682     
   87188.676360000332        26.634956826826098     
   87188.846800000334        26.606596089409486     
   87189.017240000336        26.581820061974788     
   87189.187680000337        26.559775225736956     
   87189.358120000339        26.539608061910933     
   87189.528560000341        26.520502984745939     
   87189.699000000342        26.502508749909140     
   87189.869440000344        26.486533968193669     
   87190.039880000346        26.473524286160909     
   87190.210320000348        26.464425350372267     
   87190.380760000349        26.460182807389131     
   87190.551200000351        26.461448610002229     
   87190.721640000353        26.466697904240092     
   87190.892080000354        26.473488078090249     
   87191.062520000356        26.480727260363285     
   87191.232960000358        26.488717770612325     
   87191.403400000359        26.497988258301458     
   87191.573840000361        26.509099013554810     
   87191.744280000363        26.522610326496487     
   87191.914720000364        26.539082487250621     
   87192.085160000366        26.559075785941324     
   87192.255600000368        26.583150512692725     
   87192.426040000370        26.611151313763141     
   87192.596480000371        26.636596822131494     
   87192.766920000373        26.649706754577402     
   87192.937360000375        26.657175434769179     
   87193.107800000376        26.681555027340721     
   87193.278240000378        26.706819215837022     
   87193.448680000380        26.727098536208082     
   87193.619120000381        26.743666032249642     
   87193.789560000383        26.757896366761901     
   87193.960000000385        26.771164037221205     
   87194.130440000386        26.784531830458125     
   87194.300880000388        26.798103164174893     
   87194.471320000390        26.811797511412308     
   87194.641760000392        26.825551408110815     
   87194.812200000393        26.839347725752749     
   87194.982640000395        26.853177126019730     
   87195.153080000397        26.867030270593357     
   87195.323520000398        26.880897821155237     
   87195.493960000400        26.894770439386974     
   87195.664400000402        26.908638786970180     
   87195.834840000403        26.922493525586457     
   87196.005280000405        26.936325316917415     
   87196.175720000407        26.950124822644661     
   87196.346160000408        26.963883471085829     
   87196.516600000410        26.977661317592855     
   87196.687040000412        26.991640365075906     
   87196.857480000413        27.006015165068028     
   87197.027920000415        27.020980254809089     
   87197.198360000417        27.036664752156060     
   87197.368800000419        27.052981682468982     
   87197.539240000420        27.069799515053944     
   87197.709680000422        27.086986719217066     
   87197.880120000424        27.104411764264437     
   87198.050560000425        27.121943119502177     
   87198.221000000427        27.139449254236382     
   87198.391440000429        27.156798637773150     
   87198.561880000430        27.173859739418603     
   87198.732320000432        27.190501028478828     
   87198.902760000434        27.206590974259932     
   87199.073200000435        27.221998046068030     
   87199.243640000437        27.236590713209218     
   87199.414080000439        27.250237459677962     
   87199.584520000441        27.265433163620894     
   87199.754960000442        27.287678384307373     
   87199.925400000444        27.297697429002952     
   87200.095840000446        27.314597009068606     
   87200.266280000447        27.328415101380216     
   87200.436720000449        27.339376435547077     
   87200.607160000451        27.347727959938396     
   87200.777600000452        27.353716622923400     
   87200.948040000454        27.357589372871310     
   87201.118480000456        27.359593158151341     
   87201.288920000457        27.359974873994688     
   87201.459360000459        27.358879734556261     
   87201.629800000461        27.356139572280732     
   87201.800240000463        27.351526038848192     
   87201.970680000464        27.344810785938716     
   87202.141120000466        27.335763539864498     
   87202.311560000468        27.324092567010567     
   87202.482000000469        27.309068801166717     
   87202.652440000471        27.288136411513790     
   87202.822880000473        27.263210431119052     
   87202.993320000474        27.237499925937811     
   87203.163760000476        27.211560559314080     
   87203.334200000478        27.183216293297914     
   87203.504640000479        27.150682406283465     
   87203.675080000481        27.119521330444655     
   87203.845520000483        27.090087047814229     
   87204.015960000484        27.056664489228787     
   87204.186400000486        27.018813163537068     
   87204.356840000488        26.977452440132105     
   87204.527280000490        26.933501688437040     
   87204.697720000491        26.887880277875023     
