   11113.053000000000        23.359999999999999     
   11113.197529999999        23.338836618034307     
   11113.342059999999        23.318645547608646     
   11113.486589999999        23.300399100263050     
   11113.631119999998        23.282952352622917     
   11113.775649999998        23.261392701247665     
   11113.920179999997        23.236269131013735     
   11114.064709999997        23.208709720565551     
   11114.209239999996        23.179842548547562     
   11114.353769999996        23.150795693604202     
   11114.498299999996        23.122697234379917     
   11114.642829999995        23.096685389212315     
   11114.787359999995        23.073948931646168     
   11114.931889999994        23.054363383266452     
   11115.076419999994        23.036973464579624     
   11115.220949999994        23.020814901640904     
   11115.365479999993        23.004923420505502     
   11115.510009999993        22.988334747228635     
   11115.654539999992        22.970084607865513     
   11115.799069999992        22.949208728471351     
   11115.943599999991        22.924742835101370     
   11116.088129999991        22.902063885638952     
   11116.232659999991        22.893264253427169     
   11116.377189999990        22.880063511446355     
   11116.521719999990        22.862729767821950     
   11116.666249999989        22.853291762830366     
   11116.810779999989        22.846163945514853     
   11116.955309999988        22.834723999937953     
   11117.099839999988        22.820061985578032     
   11117.244369999988        22.803656240164674     
   11117.388899999987        22.786985101427451     
   11117.533429999987        22.771462217943363     
   11117.677959999986        22.757377788638664     
   11117.822489999986        22.744070032950368     
   11117.967019999985        22.730847070333517     
   11118.111549999985        22.717017020243130     
   11118.256079999985        22.701888002134240     
   11118.400609999984        22.684963491963689     
   11118.545139999984        22.666860285185511     
   11118.689669999983        22.648588984524128     
   11118.834199999983        22.631160648084865     
   11118.978729999983        22.615586333973063     
   11119.123259999982        22.602877100294045     
   11119.267789999982        22.594044005153137     
   11119.412319999981        22.590098106655677     
   11119.556849999981        22.589042404551073     
   11119.701379999980        22.578732518727609     
   11119.845909999980        22.563147325587479     
   11119.990439999980        22.560743731797462     
   11120.134969999979        22.566114321836753     
   11120.279499999979        22.572746168414440     
   11120.424029999978        22.578020970185925     
   11120.568559999978        22.583801527323441     
   11120.713089999977        22.592189033222041     
   11120.857619999977        22.603773202267611     
   11121.002149999977        22.615972488566648     
   11121.146679999976        22.626955923598430     
   11121.291209999976        22.646608360884144     
   11121.435739999975        22.669825036469021     
   11121.580269999975        22.679944940898611     
   11121.724799999974        22.699977034020431     
   11121.869329999974        22.731594675876426     
   11122.013859999974        22.753214786767138     
   11122.158389999973        22.771808592233523     
   11122.302919999973        22.794264049755103     
   11122.447449999972        22.821569898902951     
   11122.591979999972        22.850190321526902     
   11122.736509999972        22.876939407824899     
   11122.881039999971        22.900455132432789     
   11123.025569999971        22.921641067798646     
   11123.170099999970        22.947457746974802     
   11123.314629999970        22.976717884393281     
   11123.459159999969        23.004246115089206     
   11123.603689999969        23.030245573721416     
   11123.748219999969        23.055589694250990     
   11123.892749999968        23.081151910639015     
   11124.037279999968        23.107805656846573     
   11124.181809999967        23.136424366834735     
   11124.326339999967        23.167329096582311     
   11124.470869999966        23.197688013340276     
   11124.615399999966        23.224963623660351     
   11124.759929999966        23.249286211885984     
   11124.904459999965        23.271080611247523     
   11125.048989999965        23.290771654975323     
   11125.193519999964        23.308784176299728     
   11125.338049999964        23.325543008451092     
   11125.482579999963        23.341472874129924     
   11125.627109999963        23.356824493256774     
   11125.771639999963        23.371322328175761     
   11125.916169999962        23.384591735956612     
   11126.060699999962        23.396258073669046     
   11126.205229999961        23.405946698382770     
   11126.349759999961        23.413282967167504     
   11126.494289999961        23.417892237092961     
   11126.638819999960        23.419399865228865     
   11126.783349999960        23.417431208644921     
   11126.927879999959        23.411611624410856     
   11127.072409999959        23.401692037886903     
   11127.216939999958        23.388335367231448     
   11127.361469999958        23.372607097035825     
   11127.505999999958        23.355570192933570     
   11127.650529999957        23.337798270422695     
   11127.795059999957        23.318930075184614     
   11127.939589999956        23.298499077227731     
   11128.084119999956        23.276110725818803     
   11128.228649999955        23.252407178574863     
   11128.373179999955        23.228748830598548     
   11128.517709999955        23.204993943530635     
   11128.662239999954        23.179392660528091     
   11128.806769999954        23.150653946790008     
   11128.951299999953        23.119491229925917     
   11129.095829999953        23.087665428112846     
   11129.240359999952        23.059145435848482     
   11129.384889999952        23.038426404447677     
   11129.529419999952        23.030003485225283     
   11129.673949999951        23.008370342502204     
   11129.818479999951        22.984719304282656     
   11129.963009999950        22.965704276363848     
   11130.107539999950        22.948572274076511     
   11130.252069999950        22.935802334898963     
   11130.396599999949        22.923936734844599     
   11130.541129999949        22.911751737196990     
   11130.685659999948        22.899193232249637     
   11130.830189999948        22.886255785613802     
   11130.974719999947        22.872933962900753     
   11131.119249999947        22.859222329721746     
   11131.263779999947        22.845115451688045     
   11131.408309999946        22.830607894410917     
   11131.552839999946        22.815694223501623     
   11131.697369999945        22.800369004571422     
   11131.841899999945        22.784632688613250     
   11131.986429999944        22.768776303162614     
   11132.130959999944        22.753109744279080     
   11132.275489999944        22.737697518913272     
   11132.420019999943        22.722600652050549     
   11132.564549999943        22.707880168676272     
   11132.709079999942        22.693597093775800     
   11132.853609999942        22.679812452334495     
   11132.998139999941        22.666587269337722     
   11133.142669999941        22.653982569770832     
   11133.287199999941        22.642010050854076     
   11133.431729999940        22.630119996030736     
   11133.576259999940        22.617409298964716     
   11133.720789999939        22.603684427747645     
   11133.865319999939        22.590367852059856     
   11134.009849999939        22.579103853085112     
   11134.154379999938        22.571536712007173     
   11134.298909999938        22.569094435471889     
   11134.443439999937        22.570316154342368     
   11134.587969999937        22.572582099343386     
   11134.732499999936        22.575426666183780     
   11134.877029999936        22.578712434885460     
   11135.021559999936        22.582477699110477     
   11135.166089999935        22.589070355268611     
   11135.310619999935        22.600967361163551     
   11135.455149999934        22.614402426323561     
   11135.599679999934        22.628524203972667     
   11135.744209999933        22.643598372048537     
   11135.888739999933        22.659890608488830     
   11136.033269999933        22.677666591231208     
   11136.177799999932        22.697191998213327     
   11136.322329999932        22.718732507372856     
   11136.466859999931        22.742553796647460     
   11136.611389999931        22.768921543974795     
   11136.755919999930        22.797755609469892     
   11136.900449999930        22.827421593714355     
   11137.044979999930        22.855848630051732     
   11137.189509999929        22.880965829051465     
   11137.334039999929        22.901544403700242     
   11137.478569999928        22.927838869732611     
   11137.623099999928        22.956677668965945     
   11137.767629999928        22.983869614330288     
   11137.912159999927        23.010642163723471     
   11138.056689999927        23.038129357509916     
   11138.201219999926        23.066310923043563     
   11138.345749999926        23.094398659019344     
   11138.490279999925        23.121651378093404     
   11138.634809999925        23.147781416582582     
   11138.779339999925        23.172705741538209     
   11138.923869999924        23.196342314758930     
   11139.068399999924        23.218704365970339     
   11139.212929999923        23.240425418762353     
   11139.357459999923        23.262386829898560     
   11139.501989999922        23.284944398477691     
   11139.646519999922        23.306931377390789     
   11139.791049999922        23.327524987965820     
   11139.935579999921        23.346895386812449     
   11140.080109999921        23.365301747846871     
   11140.224639999920        23.382813524274269     
   11140.369169999920        23.397780159996472     
   11140.513699999919        23.407635471054711     
   11140.658229999919        23.410063319366873     
   11140.802759999919        23.411429464538216     
   11140.947289999918        23.417174486308873     
   11141.091819999918        23.419903019977170     
   11141.236349999917        23.415009425121998     
   11141.380879999917        23.407132306866895     
   11141.525409999917        23.399312336446513     
   11141.669939999916        23.390136006311629     
   11141.814469999916        23.377850138264883     
   11141.958999999915        23.360701554108889     
   11142.103529999915        23.338491352674097     
   11142.248059999914        23.316128014420688     
   11142.392589999914        23.294546550399993     
   11142.537119999914        23.273475102681466     
   11142.681649999913        23.252641813334549     
   11142.826179999913        23.231807734162693     
   11142.970709999912        23.210927264817091     
   11143.115239999912        23.190025187494307     
   11143.259769999911        23.169126385609665     
   11143.404299999911        23.148255742578499     
   11143.548829999911        23.127438141816128     
   11143.693359999910        23.106698466737882     
   11143.837889999910        23.086061600759084     
   11143.982419999909        23.065552427295067     
   11144.126949999909        23.045195829761148     
   11144.271479999908        23.025016691572660     
   11144.416009999908        23.005039896144929     
   11144.560539999908        22.985290326893278     
   11144.705069999907        22.965792867233038     
   11144.849599999907        22.946572400579530     
   11144.994129999906        22.927653810348083     
   11145.138659999906        22.909061979954025     
   11145.283189999906        22.890821792812680     
   11145.427719999905        22.872958132339374     
   11145.572249999905        22.855495881949434     
   11145.716779999904        22.838459925058189     
   11145.861309999904        22.822212875453811     
   11146.005839999903        22.812506960741757     
   11146.150369999903        22.805950033226409     
   11146.294899999903        22.792514117802483     
   11146.439429999902        22.766434236454149     
   11146.583959999902        22.739932193993798     
   11146.728489999901        22.715931406214509     
   11146.873019999901        22.694304441353879     
   11147.017549999900        22.674923867649525     
   11147.162079999900        22.657662253339065     
   11147.306609999900        22.642392166660095     
   11147.451139999899        22.628986175850237     
   11147.595669999899        22.617316849147095     
   11147.740199999898        22.607256754788274     
   11147.884729999898        22.598678461011396     
   11148.029259999897        22.591454536054066     
   11148.173789999897        22.585457548153890     
   11148.318319999897        22.580560065548482     
   11148.462849999896        22.576634656475459     
   11148.607379999896        22.573553889172420     
   11148.751909999895        22.571190331876977     
   11148.896439999895        22.569426313474114     
   11149.040969999895        22.568622358744037     
   11149.185499999894        22.569824247428837     
   11149.330029999894        22.573944189399441     
   11149.474559999893        22.580985678196754     
   11149.619089999893        22.590675746839576     
   11149.763619999892        22.602741363424144     
   11149.908149999892        22.616909496046688     
   11150.052679999892        22.632907112803437     
   11150.197209999891        22.650461181790625     
   11150.341739999891        22.669298671104478     
   11150.486269999890        22.689146548841240     
   11150.630799999890        22.709731783097126     
   11150.775329999889        22.730781345120935     
   11150.919859999889        22.752092264641711     
   11151.064389999889        22.773725647516613     
   11151.208919999888        22.795972377629340     
   11151.353449999888        22.819246063147382     
   11151.497979999887        22.843883324221128     
   11151.642509999887        22.869870942621063     
   11151.787039999886        22.897099587999811     
   11151.931569999886        22.925459927277242     
   11152.076099999886        22.954842627373207     
   11152.220629999885        22.984717319545268     
   11152.365159999885        23.012003375197594     
   11152.509689999884        23.037938018528315     
   11152.654219999884        23.063742230330632     
   11152.798749999884        23.089255796077929     
   11152.943279999883        23.114457661651151     
   11153.087809999883        23.139934777791531     
   11153.232339999882        23.166440100401580     
   11153.376869999882        23.194648506515698     
   11153.521399999881        23.223529262304385     
   11153.665929999881        23.250394726573347     
   11153.810459999881        23.272693551770114     
   11153.954989999880        23.290958060024160     
   11154.099519999880        23.308105562891978     
   11154.244049999879        23.326586674425570     
   11154.388579999879        23.345929637334585     
   11154.533109999878        23.364658545463602     
   11154.677639999878        23.381375914067949     
   11154.822169999878        23.395513884854687     
   11154.966699999877        23.406998907163910     
   11155.111229999877        23.415764010608079     
   11155.255759999876        23.421742224799672     
   11155.400289999876        23.424866579351153     
   11155.544819999875        23.425070103874987     
   11155.689349999875        23.422285827983647     
   11155.833879999875        23.416446781289597     
   11155.978409999874        23.407485993405309     
   11156.122939999874        23.395336493943248     
   11156.267469999873        23.379931312515883     
   11156.411999999873        23.361203478735678     
   11156.556529999873        23.339113690127764     
   11156.701059999872        23.314343429904209     
   11156.845589999872        23.288345244038950     
   11156.990119999871        23.262609416167223     
   11157.134649999871        23.238626229924236     
   11157.279179999870        23.217883074366792     
   11157.423709999870        23.199042671209572     
   11157.568239999870        23.175251256948336     
   11157.712769999869        23.147224482448745     
