   22223.164000000001        25.420000000000002     
   22223.316150000002        25.436732929528077     
   22223.468300000004        25.454471948018792     
   22223.620450000006        25.473230676045993     
   22223.772600000008        25.492590697513990     
   22223.924750000009        25.512131817987733     
   22224.076900000011        25.531433843032165     
   22224.229050000013        25.550076578212238     
   22224.381200000014        25.567639829092897     
   22224.533350000016        25.583703401239092     
   22224.685500000018        25.597847100215770     
   22224.837650000019        25.612302188970663     
   22224.989800000021        25.633778196279749     
   22225.141950000023        25.653963369935759     
   22225.294100000025        25.670628934254726     
   22225.446250000026        25.681845866593203     
   22225.598400000028        25.691099771851828     
   22225.750550000030        25.712116238683578     
   22225.902700000031        25.729706360747162     
   22226.054850000033        25.743891130818039     
   22226.207000000035        25.758231731547689     
   22226.359150000037        25.775695603076045     
   22226.511300000038        25.790861328335595     
   22226.663450000040        25.803979786712127     
   22226.815600000042        25.815836292139192     
   22226.967750000043        25.827216158550328     
   22227.119900000045        25.838904699879073     
   22227.272050000047        25.851685887612831     
   22227.424200000049        25.865374694585562     
   22227.576350000050        25.877287381807278     
   22227.728500000052        25.886551570639995     
   22227.880650000054        25.893867304604214     
   22228.032800000055        25.899966164886727     
   22228.184950000057        25.905579732674362     
   22228.337100000059        25.911439589153908     
   22228.489250000061        25.918277315512182     
   22228.641400000062        25.926349294042922     
   22228.793550000064        25.932258862967082     
   22228.945700000066        25.933793741219105     
   22229.097850000067        25.931895991073510     
   22229.250000000069        25.927661867266302     
   22229.402150000071        25.922213411108654     
   22229.554300000073        25.916698483667638     
   22229.706450000074        25.912266071208556     
   22229.858600000076        25.910065159996730     
   22230.010750000078        25.909082493152841     
   22230.162900000079        25.901069264021693     
   22230.315050000081        25.888832311078822     
   22230.467200000083        25.877006068853959     
   22230.619350000085        25.866661808353790     
   22230.771500000086        25.854654812167247     
   22230.923650000088        25.840884161351010     
   22231.075800000090        25.825595581189397     
   22231.227950000091        25.809034796966724     
   22231.380100000093        25.791447533967315     
   22231.532250000095        25.773079517475487     
   22231.684400000097        25.754176472775558     
   22231.836550000098        25.734984125151851     
   22231.988700000100        25.715747373496963     
   22232.140850000102        25.696575815658885     
   22232.293000000103        25.677294747416081     
   22232.445150000105        25.657693580497806     
   22232.597300000107        25.637561726633312     
   22232.749450000108        25.616688597551857     
   22232.901600000110        25.594863604982688     
   22233.053750000112        25.571876160655066     
   22233.205900000114        25.547515676298239     
   22233.358050000115        25.521721290762500     
   22233.510200000117        25.495958657776008     
   22233.662350000119        25.472585326854645     
   22233.814500000120        25.451175870035144     
   22233.966650000122        25.426703189504963     
   22234.118800000124        25.403649431870043     
   22234.270950000126        25.382517872798843     
   22234.423100000127        25.362948033244464     
   22234.575250000129        25.344579434159996     
   22234.727400000131        25.327051596498542     
   22234.879550000132        25.310051610441853     
   22235.031700000134        25.294011607249402     
   22235.183850000136        25.279954756119977     
   22235.336000000138        25.268920476213761     
   22235.488150000139        25.261948186690947     
   22235.640300000141        25.260003756255454     
   22235.792450000143        25.257989686054351     
   22235.944600000144        25.253303296519547     
   22236.096750000146        25.248354602419106     
   22236.248900000148        25.245555341269071     
   22236.401050000150        25.247317250585454     
   22236.553200000151        25.255589311219090     
   22236.705350000153        25.265310884261549     
   22236.857500000155        25.273466508761505     
   22237.009650000156        25.283461641573076     
   22237.161800000158        25.298536291926766     
   22237.313950000160        25.314410274381096     
   22237.466100000162        25.320107920861993     
   22237.618250000163        25.325164049945183     
   22237.770400000165        25.336642121946198     
   22237.922550000167        25.352969037178809     
   22238.074700000168        25.372571695956804     
   22238.226850000170        25.393876998593949     
   22238.379000000172        25.415311845404030     
   22238.531150000174        25.435317215044346     
   22238.683300000175        25.453656813927509     
   22238.835450000177        25.472337232512274     
   22238.987600000179        25.491869929423380     
   22239.139750000180        25.511600499865001     
   22239.291900000182        25.530853253231790     
   22239.444050000184        25.549141489000203     
   22239.596200000185        25.566638507270014     
   22239.748350000187        25.583629359899160     
   22239.900500000189        25.600163990202397     
   22240.052650000191        25.616188182291680     
   22240.204800000192        25.631647254489039     
   22240.356950000194        25.646486525116515     
   22240.509100000196        25.660697525169841     
   22240.661250000197        25.674665414839396     
   22240.813400000199        25.688974446192603     
   22240.965550000201        25.704210412641515     
   22241.117700000203        25.720734323416050     
   22241.269850000204        25.736930438214884     
   22241.422000000206        25.752313098142125     
   22241.574150000208        25.767036838963392     
   22241.726300000209        25.781256196444296     
   22241.878450000211        25.795125706350479     
   22242.030600000213        25.808799904447550     
   22242.182750000215        25.822395610717471     
   22242.334900000216        25.835832927841135     
   22242.487050000218        25.848968030737961     
   22242.639200000220        25.861657060353998     
   22242.791350000221        25.873756157635309     
   22242.943500000223        25.885121463527938     
   22243.095650000225        25.895609118977944     
   22243.247800000227        25.905075264931376     
   22243.399950000228        25.913376042334285     
   22243.552100000230        25.920367592132738     
   22243.704250000232        25.925906055272776     
   22243.856400000233        25.929847572700453     
   22244.008550000235        25.932095875690031     
   22244.160700000237        25.932775878937687     
   22244.312850000239        25.932076706732460     
   22244.465000000240        25.930187490280169     
   22244.617150000242        25.927297360786639     
   22244.769300000244        25.923595449457707     
   22244.921450000245        25.919270471810538     
   22245.073600000247        25.914356165758264     
   22245.225750000249        25.908499853881285     
   22245.377900000251        25.901289633870565     
   22245.530050000252        25.892313603417069     
   22245.682200000254        25.881159860211763     
   22245.834350000256        25.867419571855852     
   22245.986500000257        25.851625956073317     
   22246.138650000259        25.836579149165978     
   22246.290800000261        25.825128305932036     
   22246.442950000262        25.812975080289132     
   22246.595100000264        25.795367639956705     
   22246.747250000266        25.774414822069687     
   22246.899400000268        25.752513828991372     
   22247.051550000269        25.732061863085022     
   22247.203700000271        25.715403877744439     
   22247.355850000273        25.701060119709467     
   22247.508000000274        25.682613083982304     
   22247.660150000276        25.660012023782201     
   22247.812300000278        25.635332337920200     
   22247.964450000280        25.610622387551182     
   22248.116600000281        25.586751708641572     
   22248.268750000283        25.563051745268051     
   22248.420900000285        25.539314283493081     
   22248.573050000286        25.515656419651570     
   22248.725200000288        25.492198968955996     
   22248.877350000290        25.469062746618832     
   22249.029500000292        25.446368567852545     
   22249.181650000293        25.424237247869609     
   22249.333800000295        25.402789601882500     
   22249.485950000297        25.382149326927358     
   22249.638100000298        25.362457356986784     
   22249.790250000300        25.343861006727025     
   22249.942400000302        25.326507601153700     
   22250.094550000304        25.310544465272418     
   22250.246700000305        25.296118924088795     
   22250.398850000307        25.283378302608440     
   22250.551000000309        25.272469925836969     
   22250.703150000310        25.263541118779994     
   22250.855300000312        25.256739206443122     
   22251.007450000314        25.252211513831973     
   22251.159600000316        25.250105365952155     
   22251.311750000317        25.250008814833787     
   22251.463900000319        25.249102010433830     
   22251.616050000321        25.248872630676480     
   22251.768200000322        25.252321431146502     
   22251.920350000324        25.260138770933704     
   22252.072500000326        25.270669628752547     
   22252.224650000328        25.282156965615197     
   22252.376800000329        25.293519089674962     
   22252.528950000331        25.305231461391145     
   22252.681100000333        25.317988267297793     
   22252.833250000334        25.332483693928943     
   22252.985400000336        25.349411927818636     
   22253.137550000338        25.369424854386111     
   22253.289700000340        25.391931882961174     
   22253.441850000341        25.414928712624874     
   22253.594000000343        25.436334315451447     
   22253.746150000345        25.454067663515140     
   22253.898300000346        25.466047728890192     
   22254.050450000348        25.470271015858035     
   22254.202600000350        25.473868026351777     
   22254.354750000351        25.501577313114499     
   22254.506900000353        25.517179877145573     
   22254.659050000355        25.512887923297015     
   22254.811200000357        25.523319348782664     
   22254.963350000358        25.544340864852131     
   22255.115500000360        25.571819182755032     
   22255.267650000362        25.601621013740978     
   22255.419800000363        25.629650096527595     
   22255.571950000365        25.653656305484603     
   22255.724100000367        25.674053757914141     
   22255.876250000369        25.691464153358439     
   22256.028400000370        25.706509191359721     
   22256.180550000372        25.719810571460215     
   22256.332700000374        25.731989993202156     
   22256.484850000375        25.743669156127766     
   22256.637000000377        25.755469759779277     
   22256.789150000379        25.768013503698914     
   22256.941300000381        25.781770613279271     
   22257.093450000382        25.796254974281492     
   22257.245600000384        25.810608288919816     
   22257.397750000386        25.824155834677740     
   22257.549900000387        25.836870696688710     
   22257.702050000389        25.848868130002849     
   22257.854200000391        25.860263389670266     
   22258.006350000393        25.871171730741079     
   22258.158500000394        25.881708408265418     
   22258.310650000396        25.891987906913773     
   22258.462800000398        25.901950205408845     
   22258.614950000399        25.911140294727289     
   22258.767100000401        25.919048835942288     
   22258.919250000403        25.925166490127037     
   22259.071400000405        25.928983918354724     
   22259.223550000406        25.930037368564566     
   22259.375700000408        25.930004459033984     
   22259.527850000410        25.930256573140198     
   22259.680000000411        25.930069124089258     
   22259.832150000413        25.928685806857949     
   22259.984300000415        25.925846821547822     
   22260.136450000417        25.921455599136255     
   22260.288600000418        25.915415668487846     
   22260.440750000420        25.907630558467154     
   22260.592900000422        25.898003797938774     
   22260.745050000423        25.886438915767275     
   22260.897200000425        25.873026726343163     
   22261.049350000427        25.862019660062877     
   22261.201500000428        25.858730412741984     
   22261.353650000430        25.843344018107341     
   22261.505800000432        25.822454633207656     
   22261.657950000434        25.804533461881455     
   22261.810100000435        25.788720610471977     
   22261.962250000437        25.773464426254431     
   22262.114400000439        25.757315633685135     
   22262.266550000440        25.739636940623321     
   22262.418700000442        25.720177835564485     
   22262.570850000444        25.698690246872580     
   22262.723000000446        25.675339222198389     
   22262.875150000447        25.651678536921423     
   22263.027300000449        25.629553457344574     
   22263.179450000451        25.610809249770721     
   22263.331600000452        25.593113475743202     
   22263.483750000454        25.567492960230730     
   22263.635900000456        25.540201129750614     
   22263.788050000458        25.518608314002094     
   22263.940200000459        25.498930430598442     
   22264.092350000461        25.474907660119726     
   22264.244500000463        25.460217024281668     
   22264.396650000464        25.437925669930877     
   22264.548800000466        25.411102941775393     
   22264.700950000468        25.383606177619576     
   22264.853100000470        25.359292715267792     
   22265.005250000471        25.342019892524398     
   22265.157400000473        25.332311383725411     
   22265.309550000475        25.313010586300102     
   22265.461700000476        25.292037344302603     
   22265.613850000478        25.279899450548768     
   22265.766000000480        25.272824892815652     
   22265.918150000482        25.266372693421246     
   22266.070300000483        25.259417624809153     
   22266.222450000485        25.253443869588406     
   22266.374600000487        25.248875844164573     
   22266.526750000488        25.245913847379555     
   22266.678900000490        25.244758178075237     
   22266.831050000492        25.245609135093503     
   22266.983200000494        25.248667017276247     
   22267.135350000495        25.254132123465361     
   22267.287500000497        25.262204752502733     
   22267.439650000499        25.273085203230245     
   22267.591800000500        25.286973774489791     
   22267.743950000502        25.303835437420943     
   22267.896100000504        25.321940390103869     
   22268.048250000506        25.338816278067107     
   22268.200400000507        25.351995345288348     
