   55365.224999999999        26.369999999999997     
   55365.413759999996        26.338854593550096     
   55365.602519999993        26.320840282160411     
   55365.791279999990        26.319310791055198     
   55365.980039999988        26.313911768090222     
   55366.168799999985        26.304831465435711     
   55366.357559999982        26.293997378862841     
   55366.546319999979        26.283337004142780     
   55366.735079999977        26.274777837046699     
   55366.923839999974        26.270247373345768     
   55367.112599999971        26.271416926809028     
   55367.301359999969        26.278114910606430     
   55367.490119999966        26.289363078685199     
   55367.678879999963        26.304179776437753     
   55367.867639999960        26.321583349256510     
   55368.056399999958        26.340592142533882     
   55368.245159999955        26.360224502331885     
   55368.433919999952        26.379961157995290     
   55368.622679999949        26.401069965955447     
   55368.811439999947        26.425250485857205     
   55369.000199999944        26.454176088425321     
   55369.188959999941        26.481023722420190     
   55369.377719999939        26.505457928166287     
   55369.566479999936        26.530067956620414     
   55369.755239999933        26.554666400981731     
   55369.943999999930        26.579065854449397     
   55370.132759999928        26.603078910222575     
   55370.321519999925        26.626518161500424     
   55370.510279999922        26.649196201482109     
   55370.699039999919        26.670931013830163     
   55370.887799999917        26.691659589368498     
   55371.076559999914        26.711435226901173     
   55371.265319999911        26.730316075770297     
   55371.454079999909        26.748360285318000     
   55371.642839999906        26.765626004886393     
   55371.831599999903        26.782171383817595     
   55372.020359999900        26.798054571453729     
   55372.209119999898        26.813322131712013     
   55372.397879999895        26.827952923966354     
   55372.586639999892        26.841916524396666     
   55372.775399999889        26.855276764070439     
   55372.964159999887        26.868133491603395     
   55373.152919999884        26.880586627589913     
   55373.341679999881        26.892736092624382     
   55373.530439999879        26.904681807301202     
   55373.719199999876        26.916523692214746     
   55373.907959999873        26.928361667959408     
   55374.096719999870        26.940295655129574     
   55374.285479999868        26.952425574319637     
   55374.474239999865        26.964851346123972     
   55374.662999999862        26.977672891136979     
   55374.851759999859        26.990990129953040     
   55375.040519999857        27.004917893563661     
   55375.229279999854        27.020382935672874     
   55375.418039999851        27.038655836702773     
   55375.606799999849        27.057888751131159     
   55375.795559999846        27.076597468934732     
   55375.984319999843        27.094709900299350     
   55376.173079999840        27.112243852195846     
   55376.361839999838        27.129217131595080     
   55376.550599999835        27.145647545467895     
   55376.739359999832        27.161552900785125     
   55376.928119999830        27.176951004517633     
   55377.116879999827        27.191859566697175     
   55377.305639999824        27.206228241828370     
   55377.494399999821        27.219819483616583     
   55377.683159999819        27.232320661853265     
   55377.871919999816        27.243239155929455     
   55378.060679999813        27.252035768982566     
   55378.249439999810        27.258207074614489     
   55378.438199999808        27.261317630532979     
   55378.626959999805        27.260939601688968     
   55378.815719999802        27.256712106121441     
   55379.004479999800        27.249025117588310     
   55379.193239999797        27.238740063807672     
   55379.381999999794        27.226499817140102     
   55379.570759999791        27.212300218542300     
   55379.759519999789        27.195391769475467     
   55379.948279999786        27.173548623318478     
   55380.137039999783        27.148103389746574     
   55380.325799999780        27.120984222160995     
   55380.514559999778        27.093955647017456     
   55380.703319999775        27.066297733736413     
   55380.892079999772        27.035616535431483     
   55381.080839999770        27.001465537481792     
   55381.269599999767        26.964333492447860     
   55381.458359999764        26.924714484557235     
   55381.647119999761        26.883102598037496     
   55381.835879999759        26.839991917116190     
   55382.024639999756        26.795876526020898     
   55382.213399999753        26.751250508979183     
   55382.402159999750        26.706607950218601     
   55382.590919999748        26.662442933966723     
   55382.779679999745        26.619249544451108     
   55382.968439999742        26.577521853185008     
   55383.157199999740        26.537685841727480     
   55383.345959999737        26.499940254943425     
   55383.534719999734        26.464436491157066     
   55383.723479999731        26.431325948692628     
   55383.912239999729        26.400760025874341     
   55384.100999999726        26.372890121026430     
   55384.289759999723        26.347867632473125     
   55384.478519999720        26.325843958538659     
   55384.667279999718        26.306970497547248     
   55384.856039999715        26.291398647823122     
   55385.044799999712        26.279279807690518     
   55385.233559999710        26.270765375473655     
   55385.422319999707        26.265967054795091     
   55385.611079999704        26.264769069852157     
   55385.799839999701        26.266974755339781     
   55385.988599999699        26.272387495642612     
   55386.177359999696        26.280817383479750     
   55386.366119999693        26.292083844017796     
   55386.554879999690        26.306006992425417     
   55386.743639999688        26.322406943871286     
   55386.932399999685        26.341103813524064     
   55387.121159999682        26.361917716552423     
   55387.309919999680        26.384583902482525     
   55387.498679999677        26.407748358604429     
   55387.687439999674        26.430367624735950     
   55387.876199999671        26.453049834628672     
   55388.064959999669        26.476493292720498     
   55388.253719999666        26.500866075621914     
   55388.442479999663        26.526022684149499     
   55388.631239999660        26.551813536264884     
   55388.819999999658        26.578089049929702     
   55389.008759999655        26.604699643105583     
   55389.197519999652        26.631495723980567     
   55389.386279999650        26.658261304613681     
   55389.575039999647        26.684555581876104     
   55389.763799999644        26.709890216622941     
   55389.952559999641        26.733776869709288     
   55390.141319999639        26.755727201990247     
   55390.330079999636        26.775252874320920     
   55390.518839999633        26.791865547556405     
   55390.707599999630        26.805076882551806     
   55390.896359999628        26.814398540162220     
   55391.085119999625        26.819342181242753     
   55391.273879999622        26.821654123350520     
   55391.462639999620        26.836672850317360     
   55391.651399999617        26.851689322058391     
   55391.840159999614        26.865466720790245     
   55392.028919999611        26.878220203478513     
   55392.217679999609        26.890164928145282     
   55392.406439999606        26.901901144620030     
   55392.595199999603        26.915473005883385     
   55392.783959999600        26.931837780476091     
   55392.972719999598        26.949965478658150     
   55393.161479999595        26.968680957802000     
   55393.350239999592        26.986809075280071     
   55393.538999999590        27.003174688464803     
   55393.727759999587        27.016602654728619     
   55393.916519999584        27.025917831443962     
   55394.105279999581        27.029945075983257     
   55394.294039999579        27.030854462621118     
   55394.482799999576        27.036071521297636     
   55394.671559999573        27.045464484930612     
   55394.860319999570        27.058393366144859     
   55395.049079999568        27.074218177565179     
   55395.237839999565        27.092298931816369     
   55395.426599999562        27.111995641523251     
   55395.615359999560        27.132668319310625     
   55395.804119999557        27.153676977803290     
   55395.992879999554        27.174381629626062     
   55396.181639999551        27.194142287403743     
   55396.370399999549        27.212318963761138     
   55396.559159999546        27.228271671323057     
   55396.747919999543        27.241360422714305     
   55396.936679999541        27.250945538355417     
   55397.125439999538        27.256635506601430     
   55397.314199999535        27.258734148303709     
   55397.502959999532        27.257666145116978     
   55397.691719999530        27.253856178695987     
   55397.880479999527        27.247728930695470     
   55398.069239999524        27.239709073209145     
   55398.257999999521        27.229929537143057     
   55398.446759999519        27.217466338471965     
   55398.635519999516        27.201156226488671     
   55398.824279999513        27.179835950869460     
   55399.013039999511        27.153597261469429     
   55399.201799999508        27.126647097661564     
   55399.390559999505        27.099597974117252     
   55399.579319999502        27.071288520893109     
   55399.768079999500        27.040554524241450     
   55399.956839999497        27.006231770414619     
   55400.145599999494        26.967156045664950     
   55400.334359999491        26.922163136244780     
   55400.523119999489        26.872269559627146     
   55400.711879999486        26.828367517583601     
   55400.900639999483        26.788222096501492     
   55401.089399999481        26.746717031815180     
   55401.278159999478        26.704380989302226     
   55401.466919999475        26.662140705008365     
   55401.655679999472        26.620368170759406     
   55401.844439999470        26.579435378381156     
   55402.033199999467        26.539714319699410     
   55402.221959999464        26.501576986539980     
   55402.410719999461        26.465395370728672     
   55402.599479999459        26.431541464091289     
   55402.788239999456        26.400387258453645     
   55402.976999999453        26.372304745641536     
   55403.165759999451        26.347665917480768     
   55403.354519999448        26.326842765797146     
   55403.543279999445        26.310207282416485     
   55403.732039999442        26.297458667245621     
   55403.920799999440        26.285486048748954     
   55404.109559999437        26.271372431771766     
   55404.298319999434        26.263268953737374     
   55404.487079999431        26.263554952080078     
   55404.675839999429        26.269133416161999     
   55404.864599999426        26.276901938858451     
   55405.053359999423        26.284018983440674     
   55405.242119999421        26.291706015274102     
   55405.430879999418        26.304346416571246     
   55405.619639999415        26.322089668645031     
   55405.808399999412        26.337981784038096     
   55405.997159999410        26.354317502800065     
   55406.185919999407        26.378257208028483     
   55406.374679999404        26.401816395091753     
   55406.563439999401        26.426051000635983     
   55406.752199999399        26.451301268766557     
   55406.940959999396        26.477160342981900     
   55407.129719999393        26.487535536994059     
   55407.318479999391        26.518500473413535     
   55407.507239999388        26.555501947728470     
   55407.695999999385        26.587810026805673     
   55407.884759999382        26.615558204512332     
   55408.073519999380        26.639521879485798     
   55408.262279999377        26.660476450363412     
   55408.451039999374        26.679197315782517     
   55408.639799999371        26.696459874380455     
   55408.828559999369        26.713039524794571     
   55409.017319999366        26.729678951502638     
   55409.206079999363        26.746588509519103     
   55409.394839999361        26.763545693161003     
   55409.583599999358        26.780315443540303     
   55409.772359999355        26.796662701768980     
   55409.961119999352        26.812352408959008     
   55410.149879999350        26.827149506222359     
   55410.338639999347        26.840818934670999     
   55410.527399999344        26.853125635416912     
   55410.716159999341        26.863846034647917     
   55410.904919999339        26.873270305163320     
   55411.093679999336        26.882397746287566     
   55411.282439999333        26.892279495320871     
   55411.471199999331        26.903966689563450     
   55411.659959999328        26.918510466315517     
   55411.848719999325        26.935843941384469     
   55412.037479999322        26.950811713595748     
   55412.226239999320        26.963155606240235     
   55412.414999999317        26.976068714277151     
   55412.603759999314        26.990936462099512     
   55412.792519999311        27.007052983895548     
   55412.981279999309        27.023598797797767     
   55413.170039999306        27.039817915842193     
   55413.358799999303        27.055869735765381     
   55413.547559999301        27.072600999065983     
   55413.736319999298        27.090875155894455     
   55413.925079999295        27.111555656401233     
   55414.113839999292        27.134701313520274     
   55414.302599999290        27.149636373697351     
   55414.491359999287        27.154415095129316     
   55414.680119999284        27.176971304896643     
   55414.868879999281        27.194328589032047     
   55415.057639999279        27.206463714490695     
   55415.246399999276        27.219826888785299     
   55415.435159999273        27.220699861569756     
   55415.623919999271        27.223576491717282     
   55415.812679999268        27.228025578039215     
   55416.001439999265        27.233367291777231     
   55416.190199999262        27.238921804173039     
   55416.378959999260        27.244009286468330     
   55416.567719999257        27.247949909904801     
   55416.756479999254        27.250063667068908     
   55416.945239999251        27.248804044256332     
   55417.133999999249        27.242034552527116     
   55417.322759999246        27.230000468734460     
   55417.511519999243        27.213122759339413     
   55417.700279999241        27.191822390803019     
   55417.889039999238        27.166520329586334     
   55418.077799999235        27.137637542150404     
   55418.266559999232        27.105594994956281     
   55418.455319999230        27.070813654465013     
   55418.644079999227        27.033714487137651     
   55418.832839999224        26.994718459435244     
   55419.021599999222        26.954246537818843     
   55419.210359999219        26.912719688749497     
   55419.399119999216        26.870558466774046     
   55419.587879999213        26.828117231783640     
   55419.776639999211        26.785611887102412     
   55419.965399999208        26.743240954081593     
   55420.154159999205        26.701202954072393     
   55420.342919999202        26.659696408426026     
   55420.531679999200        26.618920095100041     
   55420.720439999197        26.579097607263968     
   55420.909199999194        26.540497698204724     
   55421.097959999192        26.503393909959254     
   55421.286719999189        26.468059784564531     
   55421.475479999186        26.434768864057496     
   55421.664239999183        26.403794690475110     
   55421.852999999181        26.375410805854322     
   55422.041759999178        26.349890752232088     
   55422.230519999175        26.327508071645369     
   55422.419279999172        26.308536306131110     
   55422.608039999170        26.293248997726270     
   55422.796799999167        26.281919688467802     
   55422.985559999164        26.274695779982409     
   55423.174319999162        26.270735731549628     
   55423.363079999159        26.268839351946106     
   55423.551839999156        26.268897180415976     
   55423.740599999153        26.271436159539036     
   55423.929359999151        26.276991126787539     
   55424.118119999148        26.286063983507994     
   55424.306879999145        26.298701653282023     
   55424.495639999142        26.314619216241226     
   55424.684399999140        26.333524214691735     
   55424.873159999137        26.355124190939680     
   55425.061919999134        26.379061715182196     
   55425.250679999132        26.404481743844190     
   55425.439439999129        26.430378050188565     
   55425.628199999126        26.456352109233560     
   55425.816959999123        26.482288905925859     
   55426.005719999121        26.508075005532852     
   55426.194479999118        26.533596973321913     
   55426.383239999115        26.558741374560412     
   55426.571999999112        26.583394774515725     
   55426.760759999110        26.607443738455238     
   55426.949519999107        26.630774831646317     
   55427.138279999104        26.653274619356345     
   55427.327039999102        26.674829666852695     
   55427.515799999099        26.695326539402739     
   55427.704559999096        26.714652603896550     
   55427.893319999093        26.732795512934722     
   55428.082079999091        26.749939483629902     
   55428.270839999088        26.766291569613927     
   55428.459599999085        26.782058824518622     
   55428.648359999082        26.797448301975809     
