   44455.230000000003        26.090000000000000     
   44455.514330000005        26.063705233048612     
   44455.798660000008        26.037602653289554     
   44456.082990000010        26.011884447915140     
   44456.367320000012        25.986742804117707     
   44456.651650000014        25.962369909089574     
   44456.935980000017        25.938957950023074     
   44457.220310000019        25.916699114110529     
   44457.504640000021        25.895785588544257     
   44457.788970000023        25.876409560516596     
   44458.073300000025        25.858763217219867     
   44458.357630000028        25.843038745846393     
   44458.641960000030        25.829428328281402     
   44458.926290000032        25.818060108234487     
   44459.210620000034        25.808838745937450     
   44459.494950000037        25.801620179354305     
   44459.779280000039        25.796260346449053     
   44460.063610000041        25.792615185185703     
   44460.347940000043        25.790540633528252     
   44460.632270000046        25.789957759662759     
   44460.916600000048        25.792193672482682     
   44461.200930000050        25.797144220762604     
   44461.485260000052        25.803578616449677     
   44461.769590000054        25.810265716124633     
   44462.053920000057        25.815974376368199     
   44462.338250000059        25.819473453761123     
   44462.622580000061        25.819811163704500     
   44462.906910000063        25.821133840046958     
   44463.191240000066        25.827979909170086     
   44463.475570000068        25.839388879706092     
   44463.759900000070        25.854001707843757     
   44464.044230000072        25.870065115414000     
   44464.328560000075        25.882801866163039     
   44464.612890000077        25.892667634381755     
   44464.897220000079        25.902266882610057     
   44465.181550000081        25.914204073387857     
   44465.465880000083        25.931083669255059     
   44465.750210000086        25.954892789782143     
   44466.034540000088        25.978066887828945     
   44466.318870000090        25.993274698544518     
   44466.603200000092        26.017778589465046     
   44466.887530000095        26.044243730386896     
   44467.171860000097        26.069308336837427     
   44467.456190000099        26.094054168746268     
   44467.740520000101        26.121150157843861     
   44468.024850000103        26.150928920107823     
   44468.309180000106        26.181874864550629     
   44468.593510000108        26.214083288099083     
   44468.877840000110        26.247790674259196     
   44469.162170000112        26.283142626089116     
   44469.446500000115        26.319844251655255     
   44469.730830000117        26.357467383573763     
   44470.015160000119        26.395583825597846     
   44470.299490000121        26.433765381480708     
   44470.583820000124        26.471583854975549     
   44470.868150000126        26.508611049835579     
   44471.152480000128        26.544418769813998     
   44471.436810000130        26.578578818664013     
   44471.721140000132        26.613797387724844     
   44472.005470000135        26.659231917904595     
   44472.289800000137        26.680331364364175     
   44472.574130000139        26.711213536791334     
   44472.858460000141        26.754702728407310     
   44473.142790000144        26.778431933643994     
   44473.427120000146        26.800045218114899     
   44473.711450000148        26.823897260180914     
   44473.995780000150        26.848186594986110     
   44474.280110000152        26.871109509595694     
   44474.564440000155        26.889703103513575     
   44474.848770000157        26.894802305014487     
   44475.133100000159        26.917288360774435     
   44475.417430000161        26.938413580523797     
   44475.701760000164        26.934602162781658     
   44475.986090000166        26.926385164225913     
   44476.270420000168        26.921302530889523     
   44476.554750000170        26.914550794096613     
   44476.839080000173        26.904491955704607     
   44477.123410000175        26.891331540877005     
   44477.407740000177        26.875288511358804     
   44477.692070000179        26.856581828895010     
   44477.976400000181        26.835381845194618     
   44478.260730000184        26.811313869124888     
   44478.545060000186        26.783699715304120     
   44478.829390000188        26.752503004017044     
   44479.113720000190        26.718221414059993     
   44479.398050000193        26.681368613247219     
   44479.682380000195        26.642459163494028     
   44479.966710000197        26.602009467833916     
   44480.251040000199        26.560536156208009     
   44480.535370000202        26.518554831106940     
   44480.819700000204        26.476480229159321     
   44481.104030000206        26.434542687267211     
   44481.388360000208        26.392952876952410     
   44481.672690000210        26.351921469736702     
   44481.957020000213        26.311659137141874     
   44482.241350000215        26.272376550689717     
   44482.525680000217        26.234284381902025     
   44482.810010000219        26.197224385607996     
   44483.094340000222        26.158464018629878     
   44483.378670000224        26.119869236186666     
   44483.663000000226        26.084906370014551     
   44483.947330000228        26.057029870384227     
   44484.231660000230        26.032920719320671     
   44484.515990000233        26.005809043390833     
   44484.800320000235        25.977187027691567     
   44485.084650000237        25.948713732529718     
   44485.368980000239        25.922048218212140     
   44485.653310000242        25.898849545045689     
   44485.937640000244        25.880664440199276     
   44486.221970000246        25.866982698331768     
   44486.506300000248        25.855493171992709     
   44486.790630000251        25.843823862338752     
   44487.074960000253        25.829602834460349     
   44487.359290000255        25.814843612867588     
   44487.643620000257        25.807643891546611     
   44487.927950000259        25.805633087721038     
   44488.212280000262        25.805491477887870     
   44488.496610000264        25.803899338544127     
   44488.780940000266        25.797605365626556     
   44489.065270000268        25.789555959156967     
   44489.349600000271        25.789373969754866     
   44489.633930000273        25.794369982210888     
   44489.918260000275        25.799281052518673     
   44490.202590000277        25.800014141635046     
   44490.486920000279        25.806320018757759     
   44490.771250000282        25.818677543868503     
   44491.055580000284        25.820323867480450     
   44491.339910000286        25.827121165639081     
   44491.624240000288        25.836406823962236     
   44491.908570000291        25.840016478827419     
   44492.192900000293        25.844163469531001     
   44492.477230000295        25.854407066178734     
   44492.761560000297        25.869000834479650     
   44493.045890000300        25.886198340142769     
   44493.330220000302        25.904257705851617     
   44493.614550000304        25.922070668444427     
   44493.898880000306        25.939806443987656     
   44494.183210000308        25.957787788198097     
   44494.467540000311        25.976337456792535     
   44494.751870000313        25.995778205487760     
   44495.036200000315        26.016432790000572     
   44495.320530000317        26.038623966047748     
   44495.604860000320        26.062663645638445     
   44495.889190000322        26.088632659272395     
   44496.173520000324        26.116390499434395     
   44496.457850000326        26.145787764734258     
   44496.742180000329        26.176675053781800     
   44497.026510000331        26.208902965186820     
   44497.310840000333        26.242343810924886     
   44497.595170000335        26.276965909593297     
   44497.879500000337        26.312764105855717     
   44498.163830000340        26.349733245269707     
   44498.448160000342        26.387868173392825     
   44498.732490000344        26.427163735782635     
   44499.016820000346        26.467563254992733     
   44499.301150000349        26.507403496961285     
   44499.585480000351        26.544984066703982     
   44499.869810000353        26.580756430592192     
   44500.154140000355        26.615298862434983     
   44500.438470000357        26.649189636041424     
   44500.722800000360        26.683007025220594     
   44501.007130000362        26.717324107850988     
   44501.291460000364        26.751757944494216     
   44501.575790000366        26.783859980663554     
   44501.860120000369        26.811241284266902     
   44502.144450000371        26.834009543326758     
   44502.428780000373        26.853417552868162     
   44502.713110000375        26.870667281675029     
   44502.997440000378        26.886203803091338     
   44503.281770000380        26.899933785941819     
   44503.566100000382        26.911752381187746     
   44503.850430000384        26.921552180499177     
   44504.134760000386        26.928448149674018     
   44504.419090000389        26.929768077450156     
   44504.703420000391        26.924690656190315     
   44504.987750000393        26.914683639775145     
   44505.272080000395        26.901273031605733     
   44505.556410000398        26.885240975572124     
   44505.840740000400        26.866835388362766     
   44506.125070000402        26.846292490550283     
   44506.409400000404        26.823848502707285     
   44506.693730000407        26.799739645406383     
   44506.978060000409        26.774202139220193     
   44507.262390000411        26.747472204721337     
   44507.546720000413        26.719666924285285     
   44507.831050000415        26.689783022197268     
   44508.115380000418        26.656202981243315     
   44508.399710000420        26.617302979623432     
   44508.684040000422        26.571459195537628     
   44508.968370000424        26.517458188485300     
   44509.252700000427        26.498233633295150     
   44509.537030000429        26.479821343551617     
   44509.821360000431        26.445251170135741     
   44510.105690000433        26.399269871342629     
   44510.390020000435        26.346624205467368     
   44510.674350000438        26.292060930805061     
   44510.958680000440        26.240326805650803     
   44511.243010000442        26.195606896627407     
   44511.527340000444        26.157719675221205     
   44511.811670000447        26.124438932740951     
   44512.096000000449        26.093526783492230     
   44512.380330000451        26.062745341780612     
   44512.664660000453        26.029856721911674     
   44512.948990000456        25.997255851604560     
   44513.233320000458        25.977961800739710     
   44513.517650000460        25.953931777334965     
   44513.801980000462        25.926911945261281     
   44514.086310000464        25.899581114329088     
   44514.370640000467        25.874618094348804     
   44514.654970000469        25.854701695130867     
   44514.939300000471        25.842510726485692     
   44515.223630000473        25.840336091413555     
   44515.507960000476        25.831436559382162     
   44515.792290000478        25.814760411294834     
   44516.076620000480        25.804848209305241     
   44516.360950000482        25.800673704985204     
   44516.645280000484        25.799924821625066     
   44516.929610000487        25.800454376486641     
   44517.213940000489        25.801527659275326     
   44517.498270000491        25.803127715012362     
   44517.782600000493        25.805243242344485     
   44518.066930000496        25.807862939918447     
   44518.351260000498        25.810975506380984     
   44518.635590000500        25.814569640378842     
   44518.919920000502        25.818634040558763     
   44519.204250000505        25.823157405567486     
   44519.488580000507        25.828128434051759     
   44519.772910000509        25.833535824658327     
   44520.057240000511        25.839368276033930     
   44520.341570000513        25.845614486825308     
   44520.625900000516        25.852267014695471     
   44520.910230000518        25.859549236790791     
   44521.194560000520        25.868041886214225     
   44521.478890000522        25.878356388001539     
   44521.763220000525        25.891104167188502     
   44522.047550000527        25.906896648810879     
   44522.331880000529        25.926345257904444     
   44522.616210000531        25.950061419504959     
   44522.900540000534        25.978063571982556     
   44523.184870000536        26.004551408459001     
   44523.469200000538        26.028166854791184     
   44523.753530000540        26.050503084833416     
   44524.037860000542        26.073154080015286     
   44524.322190000545        26.097713821766373     
   44524.606520000547        26.125443256451835     
   44524.890850000549        26.155870580912353     
   44525.175180000551        26.187962240576027     
   44525.459510000554        26.220684389894586     
   44525.743840000556        26.253003183319755     
   44526.028170000558        26.283884775303267     
   44526.312500000560        26.314047726183158     
   44526.596830000562        26.348508665477731     
   44526.881160000565        26.386078037660258     
   44527.165490000567        26.424866350266832     
   44527.449820000569        26.463078595810110     
   44527.734150000571        26.500290694476192     
   44528.018480000574        26.537112415500310     
   44528.302810000576        26.574178439700283     
   44528.587140000578        26.611663762560077     
   44528.871470000580        26.648424038832893     
   44529.155800000583        26.683168804731618     
   44529.440130000585        26.715614305960894     
   44529.724460000587        26.746077333251499     
   44530.008790000589        26.774668203066994     
   44530.293120000591        26.801415354980115     
   44530.577450000594        26.826347075135800     
   44530.861780000596        26.849491649678956     
   44531.146110000598        26.870877364754513     
   44531.430440000600        26.890462185415281     
   44531.714770000603        26.906892880888797     
   44531.999100000605        26.917938774255074     
   44532.283430000607        26.923659356589397     
   44532.567760000609        26.925258833214972     
   44532.852090000611        26.923949342676696     
   44533.136420000614        26.920943023519467     
   44533.420750000616        26.917202568729156     
   44533.705080000618        26.911373634532261     
   44533.989410000620        26.901134889165469     
   44534.273740000623        26.886097560125663     
   44534.558070000625        26.866670573778272     
   44534.842400000627        26.843265278844285     
   44535.126730000629        26.816293024044690     
   44535.411060000632        26.786165158100481     
   44535.695390000634        26.753293029732639     
   44535.979720000636        26.718087987662155     
   44536.264050000638        26.680961088431030     
   44536.548380000640        26.642283987919377     
   44536.832710000643        26.602349540597313     
   44537.117040000645        26.561441220700964     
   44537.401370000647        26.519842502466474     
   44537.685700000649        26.477836860129990     
   44537.970030000652        26.435707767927642     
   44538.254360000654        26.393738700095579     
   44538.538690000656        26.352205094774185     
   44538.823020000658        26.311290312912291     
   44539.107350000661        26.271120092332161     
   44539.391680000663        26.231849429512252     
   44539.676010000665        26.193665777349288     
   44539.960340000667        26.156758188931128     
   44540.244670000669        26.121315717345666     
   44540.529000000672        26.087527415680775     
   44540.813330000674        26.055582337024326     
   44541.097660000676        26.025669534464207     
   44541.381990000678        25.997875453765808     
   44541.666320000681        25.971532696819096     
