   83223.985000000001        23.960000000000001     
   83224.096120000002        23.938501066706646     
   83224.207240000003        23.915754604683883     
   83224.318360000005        23.890513085202308     
   83224.429480000006        23.861528979532508     
   83224.540600000008        23.827617709471966     
   83224.651720000009        23.791016368203469     
   83224.762840000010        23.757894379415916     
   83224.873960000012        23.722272800484518     
   83224.985080000013        23.679686098690592     
   83225.096200000015        23.635890700878750     
   83225.207320000016        23.597164078401008     
   83225.318440000017        23.569783702609350     
   83225.429560000019        23.559995156820417     
   83225.540680000020        23.532239715671359     
   83225.651800000021        23.491783686362986     
   83225.762920000023        23.459265393562831     
   83225.874040000024        23.431562206004987     
   83225.985160000026        23.405287673972921     
   83226.096280000027        23.377485448568208     
   83226.207400000028        23.348342859479398     
   83226.318520000030        23.319442648849648     
   83226.429640000031        23.292373854835240     
   83226.540760000033        23.268204694207178     
   83226.651880000034        23.245246385439010     
   83226.763000000035        23.221390012304859     
   83226.874120000037        23.195602135312228     
   83226.985240000038        23.166992171281514     
   83227.096360000040        23.134679936506586     
   83227.207480000041        23.101447073495052     
   83227.318600000042        23.072006399510510     
   83227.429720000044        23.045561946548197     
   83227.540840000045        23.021101225220072     
   83227.651960000047        22.997611746138070     
   83227.763080000048        22.974081019914145     
   83227.874200000049        22.949496559734897     
   83227.985320000051        22.923197729312697     
   83228.096440000052        22.895850171720184     
   83228.207560000053        22.868431975415696     
   83228.318680000055        22.841921228857583     
   83228.429800000056        22.817287743939769     
   83228.540920000058        22.795003644400630     
   83228.652040000059        22.774224842227923     
   83228.763160000060        22.753877098781569     
   83228.874280000062        22.732886175421484     
   83228.985400000063        22.711479675220566     
   83229.096520000065        22.695061476516550     
   83229.207640000066        22.679528596112693     
   83229.318760000067        22.665557955812140     
   83229.429880000069        22.656626872738581     
   83229.541000000070        22.651883822781397     
   83229.652120000072        22.650129123707885     
   83229.763240000073        22.650234548692936     
   83229.874360000074        22.651925748344862     
   83229.985480000076        22.655490486220941     
   83230.096600000077        22.661226411864678     
   83230.207720000079        22.669431174819589     
   83230.318840000080        22.680402424629179     
   83230.429960000081        22.694437810836959     
   83230.541080000083        22.711816949090807     
   83230.652200000084        22.732602813479993     
   83230.763320000086        22.756715213266247     
   83230.874440000087        22.784071414306691     
   83230.985560000088        22.814588682458425     
   83231.096680000090        22.848184283578561     
   83231.207800000091        22.884773447093426     
   83231.318920000092        22.924189438816803     
   83231.430040000094        22.966157403738535     
   83231.541160000095        23.010395092845101     
   83231.652280000097        23.056620257122994     
   83231.763400000098        23.104550650087173     
   83231.874520000099        23.153908048852031     
   83231.985640000101        23.204426412705551     
   83232.096760000102        23.255841997660220     
   83232.207880000104        23.307891059728515     
   83232.319000000105        23.360309854922917     
   83232.430120000106        23.412834639255919     
   83232.541240000108        23.465201668739990     
   83232.652360000109        23.517147199387622     
   83232.763480000111        23.568407487211285     
   83232.874600000112        23.618718788223472     
   83232.985720000113        23.667817358436658     
   83233.096840000115        23.715439453863322     
   83233.207960000116        23.761321330515955     
   83233.319080000118        23.805199244407035     
   83233.430200000119        23.846809451549042     
   83233.541320000120        23.885547914005468     
   83233.652440000122        23.919101817682442     
   83233.763560000123        23.946175552937522     
   83233.874680000124        23.968183060309869     
   83233.985800000126        23.986808239594598     
   83234.096920000127        24.003712309643916     
   83234.208040000129        24.017349924148231     
   83234.319160000130        24.024680160987096     
   83234.430280000131        24.026419068116613     
   83234.541400000133        24.023407579647106     
   83234.652520000134        24.016477039911319     
   83234.763640000136        24.006169790770137     
   83234.874760000137        23.992695103793785     
   83234.985880000138        23.976243791527502     
   83235.097000000140        23.957006666516541     
   83235.208120000141        23.935174541306139     
   83235.319240000143        23.910938228441541     
   83235.430360000144        23.884488540467995     
   83235.541480000145        23.856016289930746     
   83235.652600000147        23.825716633572000     
   83235.763720000148        23.793903584624516     
   83235.874840000150        23.761021596845652     
   83235.985960000151        23.727521791280033     
   83236.097080000152        23.693855288972241     
   83236.208200000154        23.660456207236088     
   83236.319320000155        23.627490394340754     
   83236.430440000157        23.594909827872524     
   83236.541560000158        23.562644860459919     
   83236.652680000159        23.530587641704340     
   83236.763800000161        23.498731801468342     
   83236.874920000162        23.467256307746272     
   83236.986040000163        23.436358454782301     
   83237.097160000165        23.406235536820610     
   83237.208280000166        23.377084848105351     
   83237.319400000168        23.349103682880703     
   83237.430520000169        23.322489335390827     
   83237.541640000170        23.297386097264813     
   83237.652760000172        23.272773083912561     
   83237.763880000173        23.246842352665531     
   83237.875000000175        23.219685659975909     
   83237.986120000176        23.192069688055952     
   83238.097240000177        23.164761780995097     
   83238.208360000179        23.138479766557658     
   83238.319480000180        23.112437827237990     
   83238.430600000182        23.084270039997058     
   83238.541720000183        23.054501978799401     
   83238.652840000184        23.026314038822587     
   83238.763960000186        23.002692108225347     
   83238.875080000187        22.975495416324655     
   83238.986200000189        22.944916678511547     
   83239.097320000190        22.917943524220483     
   83239.208440000191        22.893500435556994     
   83239.319560000193        22.869368810144568     
   83239.430680000194        22.844831042526508     
   83239.541800000196        22.820456449275994     
   83239.652920000197        22.796531751742577     
   83239.764040000198        22.773334751316252     
   83239.875160000200        22.751143249387017     
   83239.986280000201        22.730235047344856     
   83240.097400000202        22.710887946579774     
   83240.208520000204        22.693382431388343     
   83240.319640000205        22.678108620602302     
   83240.430760000207        22.665602218749662     
   83240.541880000208        22.656408985286539     
   83240.653000000209        22.651074679669058     
   83240.764120000211        22.650144362298111     
   83240.875240000212        22.653678095670990     
   83240.986360000214        22.660404015699342     
   83241.097480000215        22.668823625587954     
   83241.208600000216        22.677438428541638     
   83241.319720000218        22.684749927765200     
   83241.430840000219        22.689259626463432     
   83241.541960000221        22.689867284432040     
   83241.653080000222        22.695994633327494     
   83241.764200000223        22.712802457309095     
   83241.875320000225        22.738522178028511     
   83241.986440000226        22.771373769137718     
   83242.097560000228        22.809577204288686     
   83242.208680000229        22.850950176792132     
   83242.319800000230        22.890061033137282     
   83242.430920000232        22.926096309345539     
   83242.542040000233        22.964002399754452     
   83242.653160000234        23.005704669414484     
   83242.764280000236        23.050764737583339     
   83242.875400000237        23.098690812480214     
   83242.986520000239        23.148991102324281     
   83243.097640000240        23.201173815334737     
   83243.208760000241        23.254747159730762     
   83243.319880000243        23.309219343731542     
   83243.431000000244        23.364101791641634     
   83243.542120000246        23.418950272654818     
   83243.653240000247        23.473352858463997     
   83243.764360000248        23.526898352314358     
   83243.875480000250        23.579175557451080     
   83243.986600000251        23.629773277119355     
   83244.097720000253        23.678280314564365     
   83244.208840000254        23.724285473031291     
   83244.319960000255        23.767377555765318     
   83244.431080000257        23.807197349245765     
   83244.542200000258        23.843637209902369     
   83244.653320000260        23.876665492717372     
   83244.764440000261        23.906250568760171     
   83244.875560000262        23.932360809100164     
   83244.986680000264        23.954964584806746     
   83245.097800000265        23.974030266949320     
   83245.208920000267        23.989526226597285     
   83245.320040000268        24.001420834820035     
   83245.431160000269        24.009682462686975     
   83245.542280000271        24.014279481267501     
   83245.653400000272        24.015180261631009     
   83245.764520000273        24.012353174846901     
   83245.875640000275        24.005766591984571     
   83245.986760000276        23.995388884113428     
   83246.097880000278        23.981188422302857     
   83246.209000000279        23.963194621147252     
   83246.320120000280        23.941741123901764     
   83246.431240000282        23.917256163748618     
   83246.542360000283        23.890166630043936     
   83246.653480000285        23.860886322477405     
   83246.764600000286        23.829821788484875     
   83246.875720000287        23.797379498457627     
   83246.986840000289        23.763965922786937     
   83247.097960000290        23.729987531864079     
   83247.209080000292        23.695843842887889     
   83247.320200000293        23.661686125207559     
   83247.431320000294        23.627355375613107     
   83247.542440000296        23.593066736709510     
   83247.653560000297        23.562017670565488     
   83247.764680000299        23.533751162353447     
   83247.875800000300        23.498786850555170     
   83247.986920000301        23.459466184923585     
   83248.098040000303        23.426439531997072     
   83248.209160000304        23.398682917687964     
   83248.320280000306        23.374666093469628     
   83248.431400000307        23.352858810815441     
   83248.542520000308        23.331730821198754     
   83248.653640000310        23.309751876092935     
   83248.764760000311        23.285391726971355     
   83248.875880000312        23.257120125307374     
   83248.987000000314        23.223406822574358     
   83249.098120000315        23.183706898165127     
   83249.209240000317        23.149695352379599     
   83249.320360000318        23.139994577756276     
   83249.431480000319        23.132583122763716     
   83249.542600000321        23.113479914894086     
   83249.653720000322        23.085671252474505     
   83249.764840000324        23.052143433832086     
   83249.875960000325        23.015882757293951     
   83249.987080000326        22.979875521187211     
   83250.098200000328        22.946876406486691     
   83250.209320000329        22.917352541674596     
   83250.320440000331        22.890469960899193     
   83250.431560000332        22.865512641740658     
   83250.542680000333        22.841954748153519     
   83250.653800000335        22.819285054310548     
   83250.764920000336        22.797011240691667     
   83250.876040000338        22.774942331212525     
   83250.987160000339        22.753131950959965     
   83251.098280000340        22.731831862384396     
   83251.209400000342        22.711604121462649     
   83251.320520000343        22.693039149467531     
   83251.431640000344        22.676756967474613     
   83251.542760000346        22.663579809826349     
   83251.653880000347        22.654414450376052     
   83251.765000000349        22.650167947292477     
   83251.876120000350        22.650116740398897     
   83251.987240000351        22.650550257479651     
   83252.098360000353        22.651898916064631     
   83252.209480000354        22.654881583345006     
   83252.320600000356        22.660217122654188     
   83252.431720000357        22.668499575647246     
   83252.542840000358        22.679869888446319     
   83252.653960000360        22.694366230620648     
   83252.765080000361        22.712026771739449     
   83252.876200000363        22.732889681371951     
   83252.987320000364        22.756993129087373     
   83253.098440000365        22.784375284454949     
   83253.209560000367        22.815074317043901     
   83253.320680000368        22.849128396423463     
   83253.431800000370        22.886574089860304     
   83253.542920000371        22.926947340522744     
   83253.654040000372        22.969296519850133     
   83253.765160000374        23.013463679596050     
   83253.876280000375        23.059353203751400     
   83253.987400000377        23.106869476307107     
   83254.098520000378        23.155916881254086     
   83254.209640000379        23.206399802583249     
   83254.320760000381        23.258220311818967     
   83254.431880000382        23.311156023027376     
   83254.543000000383        23.364799438176661     
   83254.654120000385        23.418728013278226     
   83254.765240000386        23.472519204343477     
   83254.876360000388        23.525750467383833     
   83254.987480000389        23.577999258410696     
   83255.098600000390        23.628844426015679     
   83255.209720000392        23.677928149856239     
   83255.320840000393        23.724980632464170     
   83255.431960000395        23.769738575714836     
   83255.543080000396        23.811938681483610     
   83255.654200000397        23.851317651645861     
   83255.765320000399        23.887612188076954     
   83255.876440000400        23.920479675030226     
   83255.987560000402        23.949186902264501     
   83256.098680000403        23.973039829422937     
   83256.209800000404        23.992043186636227     
   83256.320920000406        24.006393387700633     
   83256.432040000407        24.016286851602914     
   83256.543160000409        24.021919997329825     
   83256.654280000410        24.023489243868113     
   83256.765400000411        24.021191010204547     
   83256.876520000413        24.015221715325868     
   83256.987640000414        24.005777778218839     
   83257.098760000415        23.993055617870212     
   83257.209880000417        23.977251653266745     
   83257.321000000418        23.958562303102443     
   83257.432120000420        23.937183020780850     
   83257.543240000421        23.913306145122405     
   83257.654360000422        23.887123387959598     
   83257.765480000424        23.858826461124920     
   83257.876600000425        23.828607076450862     
   83257.987720000427        23.796659875566505     
   83258.098840000428        23.763286054917561     
   83258.209960000429        23.728921126220168     
   83258.321080000431        23.694009176543879     
   83258.432200000432        23.658994291943262     
   83258.543320000434        23.624274284949799     
   83258.654440000435        23.590077179735403     
   83258.765560000436        23.556592068193538     
   83258.876680000438        23.524008042217666     
   83258.987800000439        23.492513434421539     
   83259.098920000441        23.462196129122930     
   83259.210040000442        23.432944133738456     
   83259.321160000443        23.404621807969757     
   83259.432280000445        23.377093511518481     
   83259.543400000446        23.350223604086278     
   83259.654520000448        23.323876445374790     
   83259.765640000449        23.297916395085657     
   83259.876760000450        23.272207244154870     
   83259.987880000452        23.246570106339593     
   83260.099000000453        23.220754495050457     
   83260.210120000454        23.194503080243159     
   83260.321240000456        23.167558531873404     
   83260.432360000457        23.139663519896896     
   83260.543480000459        23.110571464874198     
   83260.654600000460        23.080751159870857     
   83260.765720000461        23.051822678941413     
   83260.876840000463        23.025003952474190     
   83260.987960000464        22.999046598505998     
   83261.099080000466        22.972120225198072     
   83261.210200000467        22.944410555089810     
   83261.321320000468        22.917270238802566     
   83261.432440000470        22.890997439111231     
   83261.543560000471        22.865458534863066     
   83261.654680000473        22.840518756322844     
   83261.765800000474        22.816043333755349     
   83261.876920000475        22.791897497425360     
   83261.988040000477        22.767946477597651     
   83262.099160000478        22.744439809293659     
   83262.210280000480        22.725235979978706     
   83262.321400000481        22.710690691507125     
