   45384.233999999997        24.930000000000000     
   45384.425120000000        24.941593603842360     
   45384.616240000003        24.954215976284559     
   45384.807360000006        24.968470027326319     
   45384.998480000009        24.984275391632480     
   45385.189600000012        25.001490130427602     
   45385.380720000016        25.019972304936225     
   45385.571840000019        25.039579976382900     
   45385.762960000022        25.060171205992184     
   45385.954080000025        25.081604054988617     
   45386.145200000028        25.103736584596756     
   45386.336320000031        25.126426856041149     
   45386.527440000034        25.149532930546343     
   45386.718560000038        25.172912869336894     
   45386.909680000041        25.196424733637343     
   45387.100800000044        25.219926584672248     
   45387.291920000047        25.243276483666154     
   45387.483040000050        25.266332491843610     
   45387.674160000053        25.288964205464890     
   45387.865280000056        25.311493663714018     
   45388.056400000060        25.334832980473781     
   45388.247520000063        25.359933941106810     
   45388.438640000066        25.387390856304783     
   45388.629760000069        25.416357323728619     
   45388.820880000072        25.445624038778988     
   45389.012000000075        25.473981696850856     
   45389.203120000078        25.500220993339195     
   45389.394240000081        25.523132623638958     
   45389.585360000085        25.541507283145116     
   45389.776480000088        25.554135667252627     
   45389.967600000091        25.559808471356462     
   45390.158720000094        25.569498099727326     
   45390.349840000097        25.593219223419151     
   45390.540960000100        25.606016231558151     
   45390.732080000103        25.616700689747379     
   45390.923200000107        25.630879367249580     
   45391.114320000110        25.647159379719895     
   45391.305440000113        25.663953040671682     
   45391.496560000116        25.679672663618312     
   45391.687680000119        25.692736285263017     
   45391.878800000122        25.702380309202933     
   45392.069920000125        25.709503170478264     
   45392.261040000129        25.715204805412981     
   45392.452160000132        25.720584790176780     
   45392.643280000135        25.726329577023204     
   45392.834400000138        25.731917597484816     
   45393.025520000141        25.736607648621490     
   45393.216640000144        25.739658527493109     
   45393.407760000147        25.740454659506952     
   45393.598880000151        25.739284420246975     
   45393.790000000154        25.736492479466069     
   45393.981120000157        25.732016279685542     
   45394.172240000160        25.725769937404202     
   45394.363360000163        25.717667569120845     
   45394.554480000166        25.707623291334272     
   45394.745600000169        25.695551220543283     
   45394.936720000172        25.681365473246672     
   45395.127840000176        25.664982114948607     
   45395.318960000179        25.646478014774626     
   45395.510080000182        25.626208440141962     
   45395.701200000185        25.604556371087533     
   45395.892320000188        25.581904787648277     
   45396.083440000191        25.558636669861109     
   45396.274560000194        25.535129671445958     
   45396.465680000198        25.510952001521641     
   45396.656800000201        25.485166107324694     
   45396.847920000204        25.457360868360805     
   45397.039040000207        25.427296500742955     
   45397.230160000210        25.396057054326306     
   45397.421280000213        25.364374262523853     
   45397.612400000216        25.332439444733588     
   45397.803520000220        25.300440036619385     
   45397.994640000223        25.268563473845123     
   45398.185760000226        25.236997192074682     
   45398.376880000229        25.205928626971939     
   45398.568000000232        25.175545214200774     
   45398.759120000235        25.146034389425068     
   45398.950240000238        25.117583588308698     
   45399.141360000242        25.090380246515537     
   45399.332480000245        25.064611799709471     
   45399.523600000248        25.040465683554373     
   45399.714720000251        25.018129333714128     
   45399.905840000254        24.997790185852612     
   45400.096960000257        24.979635675633702     
   45400.288080000260        24.963853238721274     
   45400.479200000264        24.950440527081533     
   45400.670320000267        24.937622510982084     
   45400.861440000270        24.923816824025671     
   45401.052560000273        24.910180608850368     
   45401.243680000276        24.898266876573828     
   45401.434800000279        24.889186937738923     
   45401.625920000282        24.882950251527234     
   45401.817040000285        24.879397309555095     
   45402.008160000289        24.878368603438854     
   45402.199280000292        24.879704624794865     
   45402.390400000295        24.883245865239466     
   45402.581520000298        24.888832816389012     
   45402.772640000301        24.896305969859846     
   45402.963760000304        24.905505817268313     
   45403.154880000307        24.916272850230765     
   45403.346000000311        24.928447560363544     
   45403.537120000314        24.941877632964484     
   45403.728240000317        24.956452164060991     
   45403.919360000320        24.972075037575042     
   45404.110480000323        24.988650155848067     
   45404.301600000326        25.006081421221506     
   45404.492720000329        25.024272736036785     
   45404.683840000333        25.043128002635342     
   45404.874960000336        25.062551123358602     
   45405.066080000339        25.082634443816463     
   45405.257200000342        25.106047650796359     
   45405.448320000345        25.135973901371813     
   45405.639440000348        25.167217379842484     
   45405.830560000351        25.191349114545513     
   45406.021680000355        25.200004246451755     
   45406.212800000358        25.203252041518141     
   45406.403920000361        25.213040680707152     
   45406.595040000364        25.228479658042303     
   45406.786160000367        25.248678279051649     
   45406.977280000370        25.272745849263259     
   45407.168400000373        25.299791674205196     
   45407.359520000377        25.328925059405513     
   45407.550640000380        25.359255310392285     
   45407.741760000383        25.389891732693563     
   45407.932880000386        25.419943631837413     
   45408.124000000389        25.448520313351903     
   45408.315120000392        25.474732818165808     
   45408.506240000395        25.498117372084089     
   45408.697360000398        25.519188648220958     
   45408.888480000402        25.538598455737521     
   45409.079600000405        25.556998603794874     
   45409.270720000408        25.575040901554122     
   45409.461840000411        25.593306602501823     
   45409.652960000414        25.611712134769185     
   45409.844080000417        25.629808848965286     
   45410.035200000420        25.647144328705835     
   45410.226320000424        25.663266157606536     
   45410.417440000427        25.677721919283091     
   45410.608560000430        25.690059197351207     
   45410.799680000433        25.699825575426594     
   45410.990800000436        25.706568637124953     
   45411.181920000439        25.709835966061991     
   45411.373040000442        25.720311224966920     
   45411.564160000446        25.742910639192282     
   45411.755280000449        25.754254205346662     
   45411.946400000452        25.756910918357065     
   45412.137520000455        25.753449773150486     
   45412.328640000458        25.746439764653928     
   45412.519760000461        25.738449887794395     
   45412.710880000464        25.732049137498883     
   45412.902000000468        25.729719580062763     
   45413.093120000471        25.729699669455709     
   45413.284240000474        25.722719512987069     
   45413.475360000477        25.710260086615612     
   45413.666480000480        25.696239391324617     
   45413.857600000483        25.681466592982968     
   45414.048720000486        25.665927968274662     
   45414.239840000489        25.649609788511430     
   45414.430960000493        25.632498325005006     
   45414.622080000496        25.614579849067120     
   45414.813200000499        25.595840632009512     
   45415.004320000502        25.576266945143914     
   45415.195440000505        25.555845059782051     
   45415.386560000508        25.534561247235668     
   45415.577680000511        25.512399281293138     
   45415.768800000515        25.489198435564859     
   45415.959920000518        25.464577032322197     
   45416.151040000521        25.438134736357171     
   45416.342160000524        25.409471212461817     
   45416.533280000527        25.378186125428158     
   45416.724400000530        25.343879140048227     
   45416.915520000533        25.306149921114049     
   45417.106640000537        25.279183991952138     
   45417.297760000540        25.239342163286846     
   45417.488880000543        25.211003354921672     
   45417.680000000546        25.187255089153073     
   45417.871120000549        25.161679228585392     
   45418.062240000552        25.135260873851685     
   45418.253360000555        25.108987306667348     
   45418.444480000559        25.083187201911560     
   45418.635600000562        25.058093995142876     
   45418.826720000565        25.033941121919852     
   45419.017840000568        25.010962017801059     
   45419.208960000571        24.989390118345050     
   45419.400080000574        24.969458859110382     
   45419.591200000577        24.951401675655621     
   45419.782320000581        24.935420736248165     
   45419.973440000584        24.921557779384699     
   45420.164560000587        24.909803230352722     
   45420.355680000590        24.900147491553902     
   45420.546800000593        24.892580965389890     
   45420.737920000596        24.887094054262342     
   45420.929040000599        24.883677160572908     
   45421.120160000602        24.882320686723247     
   45421.311280000606        24.883015035115019     
   45421.502400000609        24.885750608149870     
   45421.693520000612        24.890517808229461     
   45421.884640000615        24.897307037755446     
   45422.075760000618        24.906108699129479     
   45422.266880000621        24.916913194753217     
   45422.458000000624        24.929710927028314     
   45422.649120000628        24.944313300757536     
   45422.840240000631        24.959769321394397     
   45423.031360000634        24.974925050042152     
   45423.222480000637        24.988789256057682     
   45423.413600000640        25.002408641644429     
   45423.604720000643        25.017535391083964     
   45423.795840000646        25.034288143604531     
   45423.986960000650        25.052538848989691     
   45424.178080000653        25.072159457023012     
   45424.369200000656        25.093021917488059     
   45424.560320000659        25.114998180168385     
   45424.751440000662        25.137960194847565     
   45424.942560000665        25.161779911309154     
   45425.133680000668        25.186329279336718     
   45425.324800000672        25.211480248713823     
   45425.515920000675        25.237104769224029     
   45425.707040000678        25.263074790650901     
   45425.898160000681        25.289262262777999     
   45426.089280000684        25.315536109713982     
   45426.280400000687        25.341203712327811     
   45426.471520000690        25.364356708829842     
   45426.662640000694        25.383400006570170     
   45426.853760000697        25.400984325420694     
   45427.044880000700        25.419202886664767     
   45427.236000000703        25.437979855038307     
   45427.427120000706        25.457189829415416     
   45427.618240000709        25.476707408670201     
   45427.809360000712        25.496407191676749     
   45428.000480000715        25.516163777309167     
   45428.191600000719        25.535851764441546     
   45428.382720000722        25.555345751947989     
   45428.573840000725        25.574520338702587     
   45428.764960000728        25.593250123579448     
   45428.956080000731        25.611409705452665     
   45429.147200000734        25.628873683196336     
   45429.338320000737        25.645516655684560     
   45429.529440000741        25.661213221791435     
   45429.720560000744        25.675837980391059     
   45429.911680000747        25.689265530357531     
   45430.102800000750        25.701370487760553     
   45430.293920000753        25.712041602462104     
   45430.485040000756        25.721207323773825     
   45430.676160000759        25.728803019636786     
   45430.867280000763        25.734764057992052     
   45431.058400000766        25.739025806780681     
   45431.249520000769        25.741523633943753     
   45431.440640000772        25.742192907422321     
   45431.631760000775        25.740968995157459     
   45431.822880000778        25.737800055434651     
   45432.014000000781        25.732809884052678     
   45432.205120000785        25.726249857599203     
   45432.396240000788        25.718373502273543     
   45432.587360000791        25.709271104376619     
   45432.778480000794        25.698663548376004     
   45432.969600000797        25.686313571130313     
   45433.160720000800        25.672245505394528     
   45433.351840000803        25.656529508758521     
   45433.542960000806        25.639235738812161     
   45433.734080000810        25.620434353145320     
   45433.925200000813        25.600195509347866     
   45434.116320000816        25.578589365009673     
   45434.307440000819        25.555686077720608     
   45434.498560000822        25.531555805070546     
   45434.689680000825        25.506268744090786     
   45434.880800000828        25.479914414377046     
   45435.071920000832        25.452632751605758     
   45435.263040000835        25.424571810955662     
   45435.454160000838        25.395879647605497     
   45435.645280000841        25.366704316733994     
   45435.836400000844        25.337193873519890     
   45436.027520000847        25.307496373141923     
   45436.218640000850        25.277759870778823     
   45436.409760000854        25.248132421609327     
   45436.600880000857        25.218762080812176     
   45436.792000000860        25.189796903566101     
   45436.983120000863        25.161384945049839     
   45437.174240000866        25.133677512275867     
   45437.365360000869        25.106876043016321     
   45437.556480000872        25.081204711126674     
   45437.747600000876        25.055988158540686     
   45437.938720000879        25.029280342132868     
   45438.129840000882        25.001990965244087     
   45438.320960000885        24.978974565046876     
   45438.512080000888        24.964997477444239     
   45438.703200000891        24.954584010064153     
   45438.894320000894        24.940195544641668     
   45439.085440000898        24.924426630033754     
   45439.276560000901        24.910405110611649     
   45439.467680000904        24.901135429171322     
   45439.658800000907        24.897566578570444     
   45439.849920000910        24.888750461824618     
   45440.041040000913        24.876519688690529     
   45440.232160000916        24.880036154955633     
   45440.423280000919        24.885285398313286     
   45440.614400000923        24.889593153958685     
   45440.805520000926        24.893655050490452     
   45440.996640000929        24.898166716507195     
   45441.187760000932        24.903823780607528     
   45441.378880000935        24.911321331682736     
   45441.570000000938        24.921138247277533     
   45441.761120000941        24.933207568098268     
   45441.952240000945        24.947377527234650     
   45442.143360000948        24.963496357776400     
   45442.334480000951        24.981412292813232     
   45442.525600000954        25.000973565434869     
   45442.716720000957        25.022028408731021     
   45442.907840000960        25.044386499970422     
   45443.098960000963        25.067358328200331     
   45443.290080000967        25.090042619098178     
   45443.481200000970        25.112303486246180     
   45443.672320000973        25.134276900443233     
   45443.863440000976        25.156099134332528     
   45444.054560000979        25.177906460557264     
   45444.245680000982        25.199835151760631     
   45444.436800000985        25.222021480585820     
   45444.627920000989        25.244601719676030     
   45444.819040000992        25.267690319704062     
   45445.010160000995        25.291220493052847     
   45445.201280000998        25.315035694732288     
   45445.392400001001        25.338978737907269     
   45445.583520001004        25.362892435742662     
   45445.774640001007        25.386619601403357     
   45445.965760001010        25.410003048054236     
   45446.156880001014        25.432885588860174     
   45446.348000001017        25.455110036986060     
   45446.539120001020        25.476519205596773     
   45446.730240001023        25.496981007052142     
   45446.921360001026        25.516530286399885     
   45447.112480001029        25.535270014610880     
   45447.303600001032        25.553303364055395     
   45447.494720001036        25.570733507103718     
   45447.685840001039        25.587663616126125     
   45447.876960001042        25.604196863492895     
   45448.068080001045        25.620436421574304     
   45448.259200001048        25.636485462740630     
