   1221.3610000000001        25.969999999999999     
   1221.4731000000002        25.941511505793958     
   1221.5852000000002        25.913834987182678     
   1221.6973000000003        25.887782419760917     
   1221.8094000000003        25.864165779123439     
   1221.9215000000004        25.843797040864999     
   1222.0336000000004        25.827488180580357     
   1222.1457000000005        25.816051173864278     
   1222.2578000000005        25.810297996311512     
   1222.3699000000006        25.809999422713659     
   1222.4820000000007        25.810104310486484     
   1222.5941000000007        25.809268752575132     
   1222.7062000000008        25.808990949208845     
   1222.8183000000008        25.811342154598464     
   1222.9304000000009        25.817430697427938     
   1223.0425000000009        25.827064728873275     
   1223.1546000000010        25.839960697398304     
   1223.2667000000010        25.855835051466840     
   1223.3788000000011        25.874404239542702     
   1223.4909000000011        25.895384710089711     
   1223.6030000000012        25.918492911571683     
   1223.7151000000013        25.943290268687804     
   1223.8272000000013        25.968599656776458     
   1223.9393000000014        25.993565934484220     
   1224.0514000000014        26.018165710082240     
   1224.1635000000015        26.042445231357771     
   1224.2756000000015        26.066450746098077     
   1224.3877000000016        26.090228502090429     
   1224.4998000000016        26.113824747122081     
   1224.6119000000017        26.137285728980302     
   1224.7240000000018        26.160657695452350     
   1224.8361000000018        26.183986894325496     
   1224.9482000000019        26.207324439530446     
   1225.0603000000019        26.230764919687829     
   1225.1724000000020        26.254425792585696     
   1225.2845000000020        26.278424719954945     
   1225.3966000000021        26.302879363526444     
   1225.5087000000021        26.327907385031079     
   1225.6208000000022        26.353626446199740     
   1225.7329000000022        26.380154208763308     
   1225.8450000000023        26.407608334452668     
   1225.9571000000024        26.436106484998707     
   1226.0692000000024        26.465766322132303     
   1226.1813000000025        26.496705507584345     
   1226.2934000000025        26.528992947109195     
   1226.4055000000026        26.561917828351813     
   1226.5176000000026        26.594142361594308     
   1226.6297000000027        26.624313312801448     
   1226.7418000000027        26.652126882694219     
   1226.8539000000028        26.679804611188938     
   1226.9660000000029        26.708215938878148     
   1227.0781000000029        26.737214498596568     
   1227.1902000000030        26.766642111143973     
   1227.3023000000030        26.796340597320146     
   1227.4144000000031        26.826151777924871     
   1227.5265000000031        26.855917473757920     
   1227.6386000000032        26.885479505619081     
   1227.7507000000032        26.914679694308123     
   1227.8628000000033        26.943359860624831     
   1227.9749000000033        26.971361825368987     
   1228.0870000000034        26.998527409340365     
   1228.1991000000035        27.024698433338749     
   1228.3112000000035        27.049717253797532     
   1228.4233000000036        27.073252325087349     
   1228.5354000000036        27.091899188376573     
   1228.6475000000037        27.099977225995840     
   1228.7596000000037        27.105529813580731     
   1228.8717000000038        27.118948737816861     
   1228.9838000000038        27.130046685989573     
   1229.0959000000039        27.131654198982154     
   1229.2080000000039        27.128820768331924     
   1229.3201000000040        27.124522405787086     
   1229.4322000000041        27.115083681497673     
   1229.5443000000041        27.099575068175820     
   1229.6564000000042        27.080844196099800     
   1229.7685000000042        27.059962046540555     
   1229.8806000000043        27.035909515593243     
   1229.9927000000043        27.008286579983817     
   1230.1048000000044        26.977299094278983     
   1230.2169000000044        26.943171665787936     
   1230.3290000000045        26.906128901819894     
   1230.4411000000046        26.866395409684049     
   1230.5532000000046        26.824195796689608     
   1230.6653000000047        26.779754670145778     
   1230.7774000000047        26.733296637361761     
   1230.8895000000048        26.685046305646758     
   1231.0016000000048        26.635228314371126     
   1231.1137000000049        26.584116901996172     
   1231.2258000000049        26.532136052292223     
   1231.3379000000050        26.479737897812988     
   1231.4500000000050        26.427374571112136     
   1231.5621000000051        26.375498204743359     
   1231.6742000000052        26.324560931260343     
   1231.7863000000052        26.275012968180217     
   1231.8984000000053        26.227163285198166     
   1232.0105000000053        26.181085253242856     
   1232.1226000000054        26.136829895508686     
   1232.2347000000054        26.094448235190072     
   1232.3468000000055        26.053991295481413     
   1232.4589000000055        26.015528639014057     
   1232.5710000000056        25.979918421794846     
   1232.6831000000057        25.948161656906450     
   1232.7952000000057        25.919710453013760     
   1232.9073000000058        25.894011906982847     
   1233.0194000000058        25.871116155988549     
   1233.1315000000059        25.851219332348769     
   1233.2436000000059        25.834481227610993     
   1233.3557000000060        25.820883867498242     
   1233.4678000000060        25.810438884207418     
   1233.5799000000061        25.803577148321352     
   1233.6920000000061        25.800860256067867     
   1233.8041000000062        25.802849846557770     
   1233.9162000000063        25.810107558059794     
   1234.0283000000063        25.822486264502498     
   1234.1404000000064        25.837093369412798     
   1234.2525000000064        25.850371602102253     
   1234.3646000000065        25.858763691882398     
   1234.4767000000065        25.860088138601633     
   1234.5888000000066        25.875398656360311     
   1234.7009000000066        25.900619568455735     
   1234.8130000000067        25.921792994112717     
   1234.9251000000068        25.943390880784538     
   1235.0372000000068        25.968682885397499     
   1235.1493000000069        25.996649500488907     
   1235.2614000000069        26.026159953807511     
   1235.3735000000070        26.056083473102092     
   1235.4856000000070        26.085289286121395     
   1235.5977000000071        26.112646620614196     
   1235.7098000000071        26.137024704329249     
   1235.8219000000072        26.157292765015313     
   1235.9340000000072        26.172320030421162     
   1236.0461000000073        26.181050929238726     
   1236.1582000000074        26.204184469904003     
   1236.2703000000074        26.239275407881287     
   1236.3824000000075        26.263361824254297     
   1236.4945000000075        26.283380021015159     
   1236.6066000000076        26.305863829272340     
   1236.7187000000076        26.332122690536046     
   1236.8308000000077        26.360242439460251     
   1236.9429000000077        26.388261416966785     
   1237.0550000000078        26.414356731874751     
   1237.1671000000078        26.439129800723389     
   1237.2792000000079        26.464821248741519     
   1237.3913000000080        26.491860447201326     
   1237.5034000000080        26.520155982548950     
   1237.6155000000081        26.549616421436063     
   1237.7276000000081        26.580150330514332     
   1237.8397000000082        26.611666276435422     
   1237.9518000000082        26.644072825850998     
   1238.0639000000083        26.677249065783705     
   1238.1760000000083        26.710869549098764     
   1238.2881000000084        26.744522127025260     
   1238.4002000000085        26.777794337730825     
   1238.5123000000085        26.810273719383105     
   1238.6244000000086        26.841547810149724     
   1238.7365000000086        26.871204148198323     
   1238.8486000000087        26.898830271696536     
   1238.9607000000087        26.924025542149916     
   1239.0728000000088        26.950388145430175     
   1239.1849000000088        26.986673991667448     
   1239.2970000000089        27.015136603937314     
   1239.4091000000089        27.034556434939763     
   1239.5212000000090        27.049489755961545     
   1239.6333000000091        27.064492838289436     
   1239.7454000000091        27.084085942460383     
   1239.8575000000092        27.103189972397789     
   1239.9696000000092        27.111092550573666     
   1240.0817000000093        27.120964952445831     
   1240.1938000000093        27.130175953690468     
   1240.3059000000094        27.132820801203291     
   1240.4180000000094        27.124065655045758     
   1240.5301000000095        27.119504116726681     
   1240.6422000000096        27.118374948719747     
   1240.7543000000096        27.108954384460745     
   1240.8664000000097        27.092254017923921     
   1240.9785000000097        27.069494533580091     
   1241.0906000000098        27.041896615900075     
   1241.2027000000098        27.010680949354676     
   1241.3148000000099        26.977008743232194     
   1241.4269000000099        26.941373148628045     
   1241.5390000000100        26.903847141685070     
   1241.6511000000100        26.864497166518063     
   1241.7632000000101        26.823389667241823     
   1241.8753000000102        26.780535365602773     
   1241.9874000000102        26.735408280785698     
   1242.0995000000103        26.688196433132390     
   1242.2116000000103        26.639337571742015     
   1242.3237000000104        26.589269445713729     
   1242.4358000000104        26.538429804146691     
   1242.5479000000105        26.487255509385598     
   1242.6600000000105        26.436074930334406     
   1242.7721000000106        26.385005079060608     
   1242.8842000000107        26.334138593618334     
   1242.9963000000107        26.283568112061708     
   1243.1084000000108        26.233386272444864     
   1243.2205000000108        26.183736252317441     
   1243.3326000000109        26.135772390133269     
   1243.4447000000109        26.091590533993418     
   1243.5568000000110        26.052722601815276     
   1243.6689000000110        26.018003852775848     
   1243.7810000000111        25.986246163046804     
   1243.8931000000111        25.957336864271461     
   1244.0052000000112        25.931248423369031     
   1244.1173000000113        25.907953307258733     
   1244.2294000000113        25.887423982859779     
   1244.3415000000114        25.869632917091394     
   1244.4536000000114        25.854552576872784     
   1244.5657000000115        25.842155429123164     
   1244.6778000000115        25.832413940761754     
   1244.7899000000116        25.825300578707775     
   1244.9020000000116        25.820787809880429     
   1245.0141000000117        25.818848101198945     
   1245.1262000000117        25.819453919582529     
   1245.2383000000118        25.822577731950396     
   1245.3504000000119        25.828192005221769     
   1245.4625000000119        25.836269206315862     
   1245.5746000000120        25.846781802151884     
   1245.6867000000120        25.859702259649058     
   1245.7988000000121        25.875001575206053     
   1245.9109000000121        25.892546016193670     
   1246.0230000000122        25.912029247956035     
   1246.1351000000122        25.933128819295995     
   1246.2472000000123        25.955522279016403     
   1246.3593000000124        25.978932306501385     
   1246.4714000000124        26.003409264122610     
   1246.5835000000125        26.029148120552286     
   1246.6956000000125        26.056266859736354     
   1246.8077000000126        26.083694525217425     
   1246.9198000000126        26.109430629801061     
   1247.0319000000127        26.131449935812196     
   1247.1440000000127        26.148925679082673     
   1247.2561000000128        26.176806350248103     
   1247.3682000000128        26.212168149640021     
   1247.4803000000129        26.241023428227304     
   1247.5924000000130        26.250004673605389     
   1247.7045000000130        26.264977085457140     
   1247.8166000000131        26.298076167716406     
   1247.9287000000131        26.335854504970701     
   1248.0408000000132        26.370927013541255     
   1248.1529000000132        26.403273467583343     
   1248.2650000000133        26.433317676093736     
   1248.3771000000133        26.461483448069188     
   1248.4892000000134        26.488194592506478     
   1248.6013000000135        26.513874918402358     
   1248.7134000000135        26.538948234753601     
   1248.8255000000136        26.563838350556964     
   1248.9376000000136        26.588969074809210     
   1249.0497000000137        26.614976853853122     
   1249.1618000000137        26.643793964224294     
   1249.2739000000138        26.674725789262993     
   1249.3860000000138        26.706352217564977     
   1249.4981000000139        26.737595181500346     
   1249.6102000000139        26.769319310929557     
   1249.7223000000140        26.803030438825587     
   1249.8344000000141        26.838287114015422     
   1249.9465000000141        26.872775464210093     
   1250.0586000000142        26.905646477125838     
   1250.1707000000142        26.936251443770338     
   1250.2828000000143        26.963941655151253     
   1250.3949000000143        26.988068402276262     
   1250.5070000000144        27.007982976153034     
   1250.6191000000144        27.023039174013348     
   1250.7312000000145        27.032952836354958     
   1250.8433000000146        27.038177019558177     
   1250.9554000000146        27.039254438970886     
   1251.0675000000147        27.036727809940956     
   1251.1796000000147        27.031139847816284     
   1251.2917000000148        27.023033267944733     
   1251.4038000000148        27.012950785674199     
   1251.5159000000149        27.001435116352546     
   1251.6280000000149        26.989028975327667     
   1251.7401000000150        26.976275077947435     
   1251.8522000000150        26.963716139559725     
   1251.9643000000151        26.951894875512426     
   1252.0764000000152        26.941354001153417     
   1252.1885000000152        26.932636231830575     
   1252.3006000000153        26.926284282891782     
   1252.4127000000153        26.922840869684912     
   1252.5248000000154        26.922848707557854     
   1252.6369000000154        26.926850511858483     
   1252.7490000000155        26.909999999990639     
   1252.8611000000155        26.851226441770724     
   1252.9732000000156        26.806675791067590     
   1253.0853000000156        26.770457067801424     
   1253.1974000000157        26.736679291892422     
   1253.3095000000158        26.699623062991979     
   1253.4216000000158        26.656998581934104     
   1253.5337000000159        26.609680997342203     
   1253.6458000000159        26.558663999858069     
   1253.7579000000160        26.504941280123500     
   1253.8700000000160        26.449506528780297     
   1253.9821000000161        26.393353436470271     
   1254.0942000000161        26.337475693835202     
   1254.2063000000162        26.282866991516904     
   1254.3184000000163        26.230521020157173     
   1254.4305000000163        26.181431470397811     
   1254.5426000000164        26.136463959388557     
   1254.6547000000164        26.095386637839592     
   1254.7668000000165        26.057409806359086     
   1254.8789000000165        26.021739366633401     
   1254.9910000000166        25.987649978952877     
   1255.1031000000166        25.955234900691440     
   1255.2152000000167        25.925124816967681     
   1255.3273000000167        25.897959797306825     
   1255.4394000000168        25.874379911234083     
   1255.5515000000169        25.855020506843097     
   1255.6636000000169        25.840088511298880     
   1255.7757000000170        25.829026326259179     
   1255.8878000000170        25.821197258721469     
   1255.9999000000171        25.815964615683246     
   1256.1120000000171        25.812691704141987     
   1256.2241000000172        25.810741831095182     
   1256.3362000000172        25.809586173054562     
   1256.4483000000173        25.811775703983503     
   1256.5604000000174        25.819915475216121     
   1256.6725000000174        25.832852817937429     
   1256.7846000000175        25.849234592764326     
   1256.8967000000175        25.867707660313705     
   1257.0088000000176        25.886918881202472     
   1257.1209000000176        25.905515116047514     
   1257.2330000000177        25.922143225465724     
   1257.3451000000177        25.935608529714237     
   1257.4572000000178        25.949459733361884     
   1257.5693000000178        25.972693967354008     
