   37377.222000000002        28.170000000000002     
   37377.351630000005        28.184085977555817     
   37377.481260000008        28.218377928785003     
   37377.610890000011        28.251725284355473     
   37377.740520000014        28.272969996147555     
   37377.870150000017        28.284357000764999     
   37377.999780000020        28.289053551129353     
   37378.129410000023        28.290208527779264     
   37378.259040000026        28.290130370652424     
   37378.388670000029        28.289980294332167     
   37378.518300000032        28.289872846594442     
   37378.647930000036        28.285343139930546     
   37378.777560000039        28.275707885297138     
   37378.907190000042        28.261431689639458     
   37379.036820000045        28.242979159902777     
   37379.166450000048        28.220814903032348     
   37379.296080000051        28.195403525973425     
   37379.425710000054        28.167209635671263     
   37379.555340000057        28.136697839071125     
   37379.684970000060        28.104332743118256     
   37379.814600000063        28.070578954757924     
   37379.944230000066        28.035901080935375     
   37380.073860000070        28.000728194729923     
   37380.203490000073        27.964826650581728     
   37380.333120000076        27.927376038429010     
   37380.462750000079        27.887535773044679     
   37380.592380000082        27.845006728709318     
   37380.722010000085        27.801204476584218     
   37380.851640000088        27.756752966201926     
   37380.981270000091        27.711499102582724     
   37381.110900000094        27.665275804200594     
   37381.240530000097        27.617915989529507     
   37381.370160000100        27.569252577043443     
   37381.499790000104        27.519118485216381     
   37381.629420000107        27.467346632522307     
   37381.759050000110        27.413769937435188     
   37381.888680000113        27.358372939042084     
   37382.018310000116        27.301791493259486     
   37382.147940000119        27.244292091223667     
   37382.277570000122        27.185909036161128     
   37382.407200000125        27.126676120013862     
   37382.536830000128        27.066627134723841     
   37382.666460000131        27.005795872233037     
   37382.796090000134        26.944236994138429     
   37382.925720000138        26.882397509641109     
   37383.055350000141        26.820585997344914     
   37383.184980000144        26.758968524436302     
   37383.314610000147        26.697711158101750     
   37383.444240000150        26.637023962018120     
   37383.573870000153        26.577375064209505     
   37383.703500000156        26.519326390327201     
   37383.833130000159        26.463439999422313     
   37383.962760000162        26.410277950545968     
   37384.092390000165        26.360402302749272     
   37384.222020000168        26.314375115083344     
   37384.351650000172        26.272650410038565     
   37384.481280000175        26.235097630289484     
   37384.610910000178        26.201483834913425     
   37384.740540000181        26.172161508921921     
   37384.870170000184        26.147639736156734     
   37384.999800000187        26.128083488498472     
   37385.129430000190        26.113548169959429     
   37385.259060000193        26.104089138866197     
   37385.388690000196        26.099761753545351     
   37385.518320000199        26.100621372323474     
   37385.647950000202        26.106723353527137     
   37385.777580000205        26.118123055482936     
   37385.907210000209        26.134875836517434     
   37386.036840000212        26.157037054957225     
   37386.166470000215        26.184662069128876     
   37386.296100000218        26.217806237358982     
   37386.425730000221        26.256533847799609     
   37386.555360000224        26.301012102054433     
   37386.684990000227        26.351501374633948     
   37386.814620000230        26.408652889996169     
   37386.944250000233        26.472147551180900     
   37387.073880000236        26.539056123972291     
   37387.203510000239        26.608432418350514     
   37387.333140000243        26.680312403024580     
   37387.462770000246        26.756609406384300     
   37387.592400000249        26.835257042356290     
   37387.722030000252        26.913146588048185     
   37387.851660000255        26.987612980255498     
   37387.981290000258        27.061568557151379     
   37388.110920000261        27.141733929859981     
   37388.240550000264        27.234903316636100     
   37388.370180000267        27.315741080264765     
   37388.499810000270        27.399875148915140     
   37388.629440000273        27.481127881032421     
   37388.759070000277        27.557346042020498     
   37388.888700000280        27.630987041219285     
   37389.018330000283        27.701922330833021     
   37389.147960000286        27.769836135190062     
   37389.277590000289        27.834413103012196     
   37389.407220000292        27.895337883021242     
   37389.536850000295        27.952295123939003     
   37389.666480000298        28.004969474487282     
   37389.796110000301        28.053045583387892     
   37389.925740000304        28.096208099362634     
   37390.055370000307        28.134141671133310     
   37390.185000000311        28.167002124269789     
   37390.314630000314        28.200556945574569     
   37390.444260000317        28.229864709602630     
   37390.573890000320        28.247193367868555     
   37390.703520000323        28.271155920003352     
   37390.833150000326        28.279803788174586     
   37390.962780000329        28.282087930802444     
   37391.092410000332        28.286765788780333     
   37391.222040000335        28.290458253234487     
   37391.351670000338        28.290631853684438     
   37391.481300000341        28.286718643387129     
   37391.610930000345        28.278429929180323     
   37391.740560000348        28.265748717966659     
   37391.870190000351        28.249349047768476     
   37391.999820000354        28.230014276359093     
   37392.129450000357        28.208552515403074     
   37392.259080000360        28.185610317674744     
   37392.388710000363        28.161221787935318     
   37392.518340000366        28.134885069847488     
   37392.647970000369        28.104201484076597     
   37392.777600000372        28.067603719263236     
   37392.907230000375        28.033814430304339     
   37393.036860000379        27.995303791558364     
   37393.166490000382        27.977108629319197     
   37393.296120000385        27.927656019952622     
   37393.425750000388        27.882969067648300     
   37393.555380000391        27.845578733255493     
   37393.685010000394        27.806643506523066     
   37393.814640000397        27.763737887301822     
   37393.944270000400        27.717259850612464     
   37394.073900000403        27.668742689784558     
   37394.203530000406        27.619555326107466     
   37394.333160000409        27.569912018996583     
   37394.462790000412        27.519540325666032     
   37394.592420000416        27.468166095759603     
   37394.722050000419        27.415515178921076     
   37394.851680000422        27.361313424794233     
   37394.981310000425        27.305286683022850     
   37395.110940000428        27.247160803250704     
   37395.240570000431        27.186661635121585     
   37395.370200000434        27.123648188313410     
   37395.499830000437        27.060182316803278     
   37395.629460000440        26.998458745719475     
   37395.759090000443        26.937942121897152     
   37395.888720000446        26.877841140142195     
   37396.018350000450        26.817364495260481     
   37396.147980000453        26.756039267762400     
   37396.277610000456        26.695227510104132     
   37396.407240000459        26.636882159820530     
   37396.536870000462        26.580502915926573     
   37396.666500000465        26.524210580169736     
   37396.796130000468        26.468650974425582     
   37396.925760000471        26.414694569381510     
   37397.055390000474        26.363211835724911     
   37397.185020000477        26.315073244143182     
   37397.314650000480        26.271111181765530     
   37397.444280000484        26.231718152919107     
   37397.573910000487        26.197004208645104     
   37397.703540000490        26.167074752360236     
   37397.833170000493        26.142035187481234     
   37397.962800000496        26.121988740019724     
   37398.092430000499        26.106967440117078     
   37398.222060000502        26.096917938294993     
   37398.351690000505        26.091781841538086     
   37398.481320000508        26.091500756830968     
   37398.610950000511        26.096016291158247     
   37398.740580000514        26.105391355873905     
   37398.870210000518        26.122400435818481     
   37398.999840000521        26.149796294939154     
   37399.129470000524        26.182660382785777     
   37399.259100000527        26.215876718693664     
   37399.388730000530        26.253444505607625     
   37399.518360000533        26.298615594781509     
   37399.647990000536        26.350635727493749     
   37399.777620000539        26.408646673134960     
   37399.907250000542        26.471790201095779     
   37400.036880000545        26.539208080766816     
   37400.166510000548        26.610078537975003     
   37400.296140000552        26.683813610689029     
   37400.425770000555        26.759917653399796     
   37400.555400000558        26.837895246696242     
   37400.685030000561        26.917251155077540     
   37400.814660000564        26.997522134023601     
   37400.944290000567        27.078313151009716     
   37401.073920000570        27.159237931768903     
   37401.203550000573        27.239910202034206     
   37401.333180000576        27.319943687538654     
   37401.462810000579        27.398952114015284     
   37401.592440000582        27.476549207197117     
   37401.722070000586        27.552348693270893     
   37401.851700000589        27.625980380047402     
   37401.981330000592        27.697132625578138     
   37402.110960000595        27.765507108968940     
   37402.240590000598        27.830805509325650     
   37402.370220000601        27.892729505754101     
   37402.499850000604        27.950980777360137     
   37402.629480000607        28.005261003249583     
   37402.759110000610        28.055271862528286     
   37402.888740000613        28.100588545036278     
   37403.018370000616        28.140103262800292     
   37403.148000000620        28.173051647397308     
   37403.277630000623        28.200941198890604     
   37403.407260000626        28.225835301261689     
   37403.536890000629        28.248833548519634     
   37403.666520000632        28.269117565058870     
   37403.796150000635        28.285642032947955     
   37403.925780000638        28.297361634255438     
   37404.055410000641        28.303231051049877     
   37404.185040000644        28.302204965399824     
   37404.314670000647        28.293238059373842     
   37404.444300000650        28.279859463020163     
   37404.573930000653        28.279843984742772     
   37404.703560000657        28.273442548144189     
   37404.833190000660        28.259705486549763     
   37404.962820000663        28.240043304168744     
   37405.092450000666        28.215866505210403     
   37405.222080000669        28.188585593884010     
   37405.351710000672        28.157473561018374     
   37405.481340000675        28.114602058083726     
   37405.610970000678        28.072536323930528     
   37405.740600000681        28.044040068420085     
   37405.870230000684        28.034229733970186     
   37405.999860000687        27.945322179409381     
   37406.129490000691        27.872961828272800     
   37406.259120000694        27.814792049411615     
   37406.388750000697        27.768334304501185     
   37406.518380000700        27.731110055216877     
   37406.648010000703        27.700640763234059     
   37406.777640000706        27.674447890228095     
   37406.907270000709        27.650052897874353     
   37407.036900000712        27.624977247848200     
   37407.166530000715        27.596742401824997     
   37407.296160000718        27.562869821480113     
   37407.425790000721        27.520888098662354     
   37407.555420000725        27.469857815227765     
   37407.685050000728        27.412267694688229     
   37407.814680000731        27.351070813507036     
   37407.944310000734        27.288693137624428     
   37408.073940000737        27.226182427059832     
   37408.203570000740        27.164363979081273     
   37408.333200000743        27.104063090956771     
   37408.462830000746        27.046105059954343     
   37408.592460000749        26.991315183342017     
   37408.722090000752        26.940510824905630     
   37408.851720000755        26.892680704321986     
   37408.981350000759        26.842659060223522     
   37409.110980000762        26.784706266814393     
   37409.240610000765        26.713082698298756     
   37409.370240000768        26.625746214667402     
   37409.499870000771        26.594567818991798     
   37409.629500000774        26.520892259439748     
   37409.759130000777        26.455621068244668     
   37409.888760000780        26.407374507677993     
   37410.018390000783        26.365694343280378     
   37410.148020000786        26.322740316646556     
   37410.277650000789        26.278376632162860     
   37410.407280000793        26.233877675066950     
   37410.536910000796        26.190887871050652     
   37410.666540000799        26.161702373112874     
   37410.796170000802        26.160028368185515     
   37410.925800000805        26.133406656658973     
   37411.055430000808        26.085133385585173     
   37411.185060000811        26.107800809219853     
   37411.314690000814        26.132772137790894     
   37411.444320000817        26.153854164130486     
   37411.573950000820        26.172253806512412     
   37411.703580000823        26.189177983210453     
   37411.833210000827        26.205833612498395     
   37411.962840000830        26.223427612650006     
   37412.092470000833        26.243166901939084     
   37412.222100000836        26.266258398639398     
   37412.351730000839        26.293909021024731     
   37412.481360000842        26.327325687368869     
   37412.610990000845        26.367715315945588     
   37412.740620000848        26.416284825028676     
   37412.870250000851        26.474241132891908     
   37412.999880000854        26.541558549472143     
   37413.129510000857        26.613164671620268     
   37413.259140000860        26.687227529550064     
   37413.388770000864        26.763167996649511     
   37413.518400000867        26.840419596774218     
   37413.648030000870        26.918571553789413     
   37413.777660000873        26.997317803198488     
   37413.907290000876        27.076354227473498     
   37414.036920000879        27.155376709086504     
   37414.166550000882        27.234081130509576     
   37414.296180000885        27.312163374214762     
   37414.425810000888        27.389319322674126     
   37414.555440000891        27.465244858359739     
   37414.685070000894        27.539635863743648     
   37414.814700000898        27.612188221297920     
   37414.944330000901        27.682597813494620     
   37415.073960000904        27.750560522805806     
   37415.203590000907        27.815772231703534     
   37415.333220000910        27.877928822659868     
   37415.462850000913        27.936726178146870     
   37415.592480000916        27.991860180636600     
   37415.722110000919        28.043026712601119     
   37415.851740000922        28.089921656512491     
   37415.981370000925        28.132240894842770     
   37416.111000000928        28.169680310064024     
   37416.240630000932        28.201935784648310     
   37416.370260000935        28.228708674587736     
   37416.499890000938        28.249994246049521     
   37416.629520000941        28.266224523284713     
   37416.759150000944        28.277866986334669     
   37416.888780000947        28.285389115240747     
   37417.018410000950        28.289258390044303     
   37417.148040000953        28.289925529967508     
   37417.277670000956        28.287341670101931     
   37417.407300000959        28.280885324147270     
   37417.536930000962        28.269903554476755     
   37417.666560000966        28.259976811873095     
   37417.796190000969        28.251475492404690     
   37417.925820000972        28.220981092074176     
   37418.055450000975        28.200188930363748     
   37418.185080000978        28.183199257805320     
   37418.314710000981        28.157210303685222     
   37418.444340000984        28.131943255769354     
   37418.573970000987        28.104958087251362     
   37418.703600000990        28.075557896315011     
   37418.833230000993        28.043045781144073     
   37418.962860000996        28.006724839922288     
   37419.092490001000        27.965898170833430     
   37419.222120001003        27.921310295070473     
   37419.351750001006        27.879837862610007     
