   8337.3819999999996        26.230000000000000     
   8337.4998099999993        26.207951372616755     
   8337.6176199999991        26.160991334111735     
   8337.7354299999988        26.114062600003962     
   8337.8532399999986        26.068477642546718     
   8337.9710499999983        26.023933373614351     
   8338.0888599999980        25.980126705081226     
   8338.2066699999978        25.936754548821693     
   8338.3244799999975        25.893513816710108     
   8338.4422899999972        25.850101420620831     
   8338.5600999999970        25.806214272428210     
   8338.6779099999967        25.761549284006605     
   8338.7957199999964        25.715803367230375     
   8338.9135299999962        25.668673433973868     
   8339.0313399999959        25.619856396118827     
   8339.1491499999956        25.569359189388173     
   8339.2669599999954        25.518418154568593     
   8339.3847699999951        25.468505707450674     
   8339.5025799999949        25.420196185305286     
   8339.6203899999946        25.373433042706743     
   8339.7381999999943        25.328146644590227     
   8339.8560099999941        25.284267355890940     
   8339.9738199999938        25.241725541544085     
   8340.0916299999935        25.200451566484851     
   8340.2094399999933        25.160375795648438     
   8340.3272499999930        25.121428593970041     
   8340.4450599999927        25.083540326384856     
   8340.5628699999925        25.046641357828079     
   8340.6806799999922        25.010998020817414     
   8340.7984899999919        24.979315810668815     
   8340.9162999999917        24.951710993470364     
   8341.0341099999914        24.927519300428493     
   8341.1519199999912        24.906076462749638     
   8341.2697299999909        24.886718211640222     
   8341.3875399999906        24.868816125881594     
   8341.5053499999904        24.852214376191263     
   8341.6231599999901        24.837090841228417     
   8341.7409699999898        24.823630411820059     
   8341.8587799999896        24.812017978793193     
   8341.9765899999893        24.802438432974832     
   8342.0943999999890        24.795076665191978     
   8342.2122099999888        24.790117566271640     
   8342.3300199999885        24.787703388528964     
   8342.4478299999882        24.787788538463843     
   8342.5656399999880        24.790275708704485     
   8342.6834499999877        24.795067590313124     
   8342.8012599999875        24.802067125587236     
   8342.9190699999872        24.811203496729604     
   8343.0368799999869        24.822454750940505     
   8343.1546899999867        24.835804267723258     
   8343.2724999999864        24.851235426581173     
   8343.3903099999861        24.868731607017573     
   8343.5081199999859        24.888276188535777     
   8343.6259299999856        24.909852550639101     
   8343.7437399999853        24.933444072830863     
   8343.8615499999851        24.959034134614384     
   8343.9793599999848        24.986606115492979     
   8344.0971699999845        25.016143394969962     
   8344.2149799999843        25.047619705856143     
   8344.3327899999840        25.080952294563016     
   8344.4505999999838        25.116037909641914     
   8344.5684099999835        25.152773270834189     
   8344.6862199999832        25.191055097881172     
   8344.8040299999830        25.230780110524211     
   8344.9218399999827        25.271845028504650     
   8345.0396499999824        25.314146571563825     
   8345.1574599999822        25.357581459443082     
   8345.2752699999819        25.402046411883763     
   8345.3930799999816        25.447438148627207     
   8345.5108899999814        25.493653389414757     
   8345.6286999999811        25.540588853987757     
   8345.7465099999808        25.588141262087543     
   8345.8643199999806        25.636207333455467     
   8345.9821299999803        25.684683787832860     
   8346.0999399999801        25.733439676618797     
   8346.2177499999798        25.782190110410589     
   8346.3355599999795        25.830596973692280     
   8346.4533699999793        25.878322099909692     
   8346.5711799999790        25.925027322508644     
   8346.6889899999787        25.970374474947203     
   8346.8067999999785        26.014046578832101     
   8346.9246099999782        26.055809298630777     
   8347.0424199999779        26.095448445157224     
   8347.1602299999777        26.132749829225464     
   8347.2780399999774        26.167499261649489     
   8347.3958499999771        26.199482553243310     
   8347.5136599999769        26.228485514820925     
   8347.6314699999766        26.254293957196339     
   8347.7492799999764        26.276693691183556     
   8347.8670899999761        26.295470527596585     
   8347.9848999999758        26.310410277249424     
   8348.1027099999756        26.321298750956075     
   8348.2205199999753        26.327921759530547     
   8348.3383299999750        26.330065477245885     
   8348.4561399999748        26.327587097848188     
   8348.5739499999745        26.320499403512446     
   8348.6917599999742        26.308835791505366     
   8348.8095699999740        26.292658172526412     
   8348.9273799999737        26.272993539767249     
   8349.0451899999734        26.251034260823410     
   8349.1629999999732        26.226468068508296     
   8349.2808099999729        26.198851456607528     
   8349.3986199999727        26.167740918906716     
   8349.5164299999724        26.132711413973102     
   8349.6342399999721        26.093807613917630     
   8349.7520499999719        26.051570368757623     
   8349.8698599999716        26.006564291149886     
   8349.9876699999713        25.959353993751240     
   8350.1054799999711        25.910504089218485     
   8350.2232899999708        25.860579190208437     
   8350.3410999999705        25.810143909377899     
   8350.4589099999703        25.759762859383684     
   8350.5767199999700        25.710000652882602     
   8350.6945299999697        25.661421902531462     
   8350.8123399999695        25.614557806075162     
   8350.9301499999692        25.568540495810058     
   8351.0479599999690        25.522633117893275     
   8351.1657699999687        25.476914206214413     
   8351.2835799999684        25.431463086275869     
   8351.4013899999682        25.386359083580054     
   8351.5191999999679        25.341681523629347     
   8351.6370099999676        25.297509731926162     
   8351.7548199999674        25.253923033972889     
   8351.8726299999671        25.211000755271932     
   8351.9904399999668        25.168822221325684     
   8352.1082499999666        25.127466757636547     
   8352.2260599999663        25.087013689706911     
   8352.3438699999660        25.047542343039183     
   8352.4616799999658        25.009135355265126     
   8352.5794899999655        24.972163515285914     
   8352.6972999999653        24.937505053836244     
   8352.8151099999650        24.906089824706964     
   8352.9329199999647        24.878847681688921     
   8353.0507299999645        24.856708478572966     
   8353.1685399999642        24.840602069149938     
   8353.2863499999639        24.831458307210685     
   8353.4041599999637        24.830184610671402     
   8353.5219699999634        24.814088266684919     
   8353.6397799999631        24.793287761525686     
   8353.7575899999629        24.776364220787553     
   8353.8753999999626        24.763303869528556     
   8353.9932099999623        24.754092932806739     
   8354.1110199999621        24.748717635680119     
   8354.2288299999618        24.747164203206744     
   8354.3466399999616        24.749418860444635     
   8354.4644499999613        24.755467832451831     
   8354.5822599999610        24.765297344286367     
   8354.7000699999608        24.778893621006279     
   8354.8178799999605        24.796242887669592     
   8354.9356899999602        24.817331369334344     
   8355.0534999999600        24.842145291058568     
   8355.1713099999597        24.870580992436679     
   8355.2891199999594        24.900103849708543     
   8355.4069299999592        24.929501241505367     
   8355.5247399999589        24.958900774332726     
   8355.6425499999586        24.988430054696188     
   8355.7603599999584        25.018216689101333     
   8355.8781699999581        25.048388284053729     
   8355.9959799999579        25.079072446058948     
   8356.1137899999576        25.110396781622562     
   8356.2315999999573        25.142488897250146     
   8356.3494099999571        25.175476399447270     
   8356.4672199999568        25.209486894719507     
   8356.5850299999565        25.244647989572432     
   8356.7028399999563        25.281087290511611     
   8356.8206499999560        25.318932404042620     
   8356.9384599999557        25.358310936671032     
   8357.0562699999555        25.399350494902418     
   8357.1740799999552        25.442178685242350     
   8357.2918899999549        25.486922678371872     
   8357.4096999999547        25.533521184031482     
   8357.5275099999544        25.581430987623513     
   8357.6453199999542        25.630032940262350     
   8357.7631299999539        25.678709497101178     
   8357.8809399999536        25.727292732239945     
   8357.9987499999534        25.776677918374265     
   8358.1165599999531        25.827861220620989     
   8358.2343699999528        25.878909377850913     
   8358.3521799999526        25.924955082504624     
   8358.4699899999523        25.967079110895302     
   8358.5877999999520        26.008068475011108     
   8358.7056099999518        26.051261895128313     
   8358.8234199999515        26.096548311867650     
   8358.9412299999512        26.135852147934489     
   8359.0590399999510        26.161714435025875     
   8359.1768499999507        26.186739625583709     
   8359.2946599999505        26.214947924615743     
   8359.4124699999502        26.243739642005501     
   8359.5302799999499        26.270515087636493     
   8359.6480899999497        26.292741441676686     
   8359.7658999999494        26.308872998011125     
   8359.8837099999491        26.318117104883598     
   8360.0015199999489        26.320015837457390     
   8360.1193299999486        26.320405539037115     
   8360.2371399999483        26.319604576950297     
   8360.3549499999481        26.314644806253082     
   8360.4727599999478        26.305271811404516     
   8360.5905699999475        26.291634013151139     
   8360.7083799999473        26.273879832239480     
   8360.8261899999470        26.252157689416077     
   8360.9439999999468        26.226616005427456     
   8361.0618099999465        26.197416711397210     
   8361.1796199999462        26.164834614083126     
   8361.2974299999460        26.129200699536760     
   8361.4152399999457        26.090846363228181     
   8361.5330499999454        26.050103000627466     
   8361.6508599999452        26.007302007204686     
   8361.7686699999449        25.962774778429910     
   8361.8864799999446        25.916852709773206     
   8362.0042899999444        25.869773857363015     
   8362.1220999999441        25.820574928036010     
   8362.2399099999438        25.767825754116288     
   8362.3577199999436        25.715533087373576     
   8362.4755299999433        25.670176158303761     
   8362.5933399999431        25.623004469133598     
   8362.7111499999428        25.568888645595262     
   8362.8289599999425        25.505452825065692     
   8362.9467699999423        25.445680449916878     
   8363.0645799999420        25.427400910099099     
   8363.1823899999417        25.387127049886132     
   8363.3001999999415        25.325609739255764     
   8363.4180099999412        25.275442547400480     
   8363.5358199999409        25.239826710490942     
   8363.6536299999407        25.205981522454451     
   8363.7714399999404        25.160966674707989     
   8363.8892499999401        25.098619806108680     
   8364.0070599999399        25.041706284583881     
   8364.1248699999396        24.993034613396887     
   8364.2426799999394        24.951970463508953     
   8364.3604899999391        24.917879505881324     
   8364.4782999999388        24.890127411475241     
   8364.5961099999386        24.868079851251956     
   8364.7139199999383        24.851102496172711     
   8364.8317299999380        24.838561017198757     
   8364.9495399999378        24.829821085291343     
   8365.0673499999375        24.824248371411706     
   8365.1851599999372        24.821208546521103     
   8365.3029699999370        24.820067281580773     
   8365.4207799999367        24.819656299974483     
   8365.5385899999364        24.817408465069438     
   8365.6563999999362        24.813717477704412     
   8365.7742099999359        24.809349691570951     
   8365.8920199999357        24.805071460360569     
   8366.0098299999354        24.801649137764805     
   8366.1276399999351        24.799849077475194     
   8366.2454499999349        24.800437633183257     
   8366.3632599999346        24.804181158580523     
   8366.4810699999343        24.811843693388585     
   8366.5988799999341        24.823671591029775     
   8366.7166899999338        24.838742564758075     
   8366.8344999999335        24.855974071540274     
   8366.9523099999333        24.874287211397899     
   8367.0701199999330        24.893135128220511     
   8367.1879299999327        24.913057390231181     
   8367.3057399999325        24.934726135983446     
   8367.4235499999322        24.958806723998268     
   8367.5413599999320        24.985609110712065     
   8367.6591699999317        25.014920061707691     
   8367.7769799999314        25.046484423742776     
   8367.8947899999312        25.080047043574950     
   8368.0125999999309        25.115352767961845     
   8368.1304099999306        25.152146443661085     
   8368.2482199999304        25.190172917430299     
   8368.3660299999301        25.229177036027117     
   8368.4838399999298        25.268915803824324     
   8368.6016499999296        25.309463220275880     
   8368.7194599999293        25.351232545445050     
   8368.8372699999290        25.394633069237265     
   8368.9550799999288        25.439715197226739     
   8369.0728899999285        25.486224512029843     
   8369.1906999999283        25.533896911656335     
   8369.3085099999280        25.582468294115966     
   8369.4263199999277        25.631674557418474     
   8369.5441299999275        25.681251599573621     
   8369.6619399999272        25.730935241268050     
   8369.7797499999269        25.780448453479963     
   8369.8975599999267        25.829487108434090     
   8370.0153699999264        25.877743643404457     
   8370.1331799999261        25.924910495665117     
   8370.2509899999259        25.970680102490100     
   8370.3687999999256        26.014744901153442     
   8370.4866099999253        26.056797328929193     
   8370.6044199999251        26.096529823091384     
   8370.7222299999248        26.133634820914054     
   8370.8400399999246        26.167804759671245     
   8370.9578499999243        26.198747691159276     
   8371.0756599999240        26.226248200736137     
   8371.1934699999238        26.250114284711763     
   8371.3112799999235        26.270153945337221     
   8371.4290899999232        26.286184688860409     
   8371.5468999999230        26.298359510351567     
   8371.6647099999227        26.307248519011274     
   8371.7825199999224        26.313447896177927     
   8371.9003299999222        26.317553823189947     
   8372.0181399999219        26.320161747117041     
   8372.1359499999216        26.319902589161934     
   8372.2537599999214        26.311652865422715     
   8372.3715699999211        26.297754947710189     
   8372.4893799999209        26.279617847914999     
   8372.6071899999206        26.257498111684853     
   8372.7249999999203        26.231650220781198     
   8372.8428099999201        26.202328656965456     
   8372.9606199999198        26.169787901999072     
   8373.0784299999195        26.134282437643478     
   8373.1962399999193        26.096066745660110     
   8373.3140499999190        26.055395307810407     
   8373.4318599999187        26.012522605855800     
   8373.5496699999185        25.967703121557726     
   8373.6674799999182        25.921191336677623     
   8373.7852899999179        25.873241732976926     
   8373.9030999999177        25.824108792217068     
   8374.0209099999174        25.774046996159488     
   8374.1387199999172        25.723310826565619     
   8374.2565299999169        25.672154765196897     
   8374.3743399999166        25.620833293814758     
   8374.4921499999164        25.569600894180638     
   8374.6099599999161        25.518712048055974     
   8374.7277699999158        25.468421237202200     
   8374.8455799999156        25.418982943380755     
   8374.9633899999153        25.370651648353068     
   8375.0811999999150        25.323659989350787     
   8375.1990099999148        25.278149568284746     
   8375.3168199999145        25.234238275989775     
   8375.4346299999143        25.192044003242614     
   8375.5524399999140        25.151684640820008     
   8375.6702499999137        25.113278079498695     
   8375.7880599999135        25.076942210055410     
   8375.9058699999132        25.042794923266900     
   8376.0236799999129        25.010954109909896     
   8376.1414899999127        24.981537660761141     
   8376.2592999999124        24.954663466597381     
   8376.3771099999121        24.930269080541947     
   8376.4949199999119        24.907098418873311     
   8376.6127299999116        24.884650492766770     
   8376.7305399999113        24.863533621513135     
   8376.8483499999111        24.844392000997011     
   8376.9661599999108        24.827869827103001     
   8377.0839699999106        24.814611295715700     
   8377.2017799999103        24.805260602719720     
   8377.3195899999100        24.800461943999661     
   8377.4373999999098        24.800087390563512     
   8377.5552099999095        24.797509601008560     
   8377.6730199999092        24.792613785493423     
   8377.7908299999090        24.789915611763647     
   8377.9086399999087        24.795068923200667     
   8378.0264499999084        24.800361172752901     
   8378.1442599999082        24.800020860535486     
   8378.2620699999079        24.802658754999918     
   8378.3798799999076        24.808984943122002     
   8378.4976899999074        24.818832436697704     
   8378.6154999999071        24.832034247522991     
   8378.7333099999069        24.848423387393822     
   8378.8511199999066        24.867832868106163     
   8378.9689299999063        24.890095701455976     
   8379.0867399999061        24.915044899239227     
   8379.2045499999058        24.942513473251886     
   8379.3223599999055        24.972334435289902     
   8379.4401699999053        25.004340797149254     
   8379.5579799999050        25.038365570625899     
   8379.6757899999047        25.074241767515808     
   8379.7935999999045        25.111802399614934     
   8379.9114099999042        25.150595041063887     
   8380.0292199999039        25.185956886871757     
   8380.1470299999037        25.220857053972637     
   8380.2648399999034        25.259307777837396     
   8380.3826499999032        25.300887701742727     
   8380.5004599999029        25.345050130976666     
   8380.6182699999026        25.391248370827238     
   8380.7360799999024        25.438935726582471     
   8380.8538899999021        25.487565503530405     
   8380.9716999999018        25.536591006959057     
   8381.0895099999016        25.585481898774766     
   8381.2073199999013        25.634047682613058     
   8381.3251299999010        25.682418652753402     
