   366.22899999999998        27.359999999999999     
   366.38202999999999        27.341504646703545     
   366.53505999999999        27.322899124346311     
   366.68808999999999        27.304073263867515     
   366.84111999999999        27.284916896206376     
   366.99414999999999        27.265319852302113     
   367.14717999999999        27.245199955180194     
   367.30020999999999        27.224732937645840     
   367.45323999999999        27.204233632596527     
   367.60626999999999        27.184018224582527     
   367.75930000000000        27.164402898154101     
   367.91233000000000        27.145703837861515     
   368.06536000000000        27.128206845790924     
   368.21839000000000        27.111863431350212     
   368.37142000000000        27.096418080734466     
   368.52445000000000        27.081612198336174     
   368.67748000000000        27.067187188547798     
   368.83051000000000        27.052884455761827     
   368.98354000000000        27.038445404370737     
   369.13657000000001        27.023611438767002     
   369.28960000000001        27.008123963343092     
   369.44263000000001        26.991724382491491     
   369.59566000000001        26.974181925851902     
   369.74869000000001        26.957046499082271     
   369.90172000000001        26.944406184774458     
   370.05475000000001        26.934279514585494     
   370.20778000000001        26.922770316069936     
   370.36081000000001        26.909730522455781     
   370.51384000000002        26.895146217370105     
   370.66687000000002        26.879003484439963     
   370.81990000000002        26.861288407292413     
   370.97293000000002        26.841987069554520     
   371.12596000000002        26.822358920994798     
   371.27899000000002        26.810518847030817     
   371.43202000000002        26.809857204842501     
   371.58505000000002        26.807888151956483     
   371.73808000000002        26.803652798828693     
   371.89111000000003        26.797149988090631     
   372.04414000000003        26.788378562373765     
   372.19717000000003        26.777337364309595     
   372.35020000000003        26.764025236529601     
   372.50323000000003        26.748441021665268     
   372.65626000000003        26.731162373640803     
   372.80929000000003        26.721481546899355     
   372.96232000000003        26.721236633321858     
   373.11535000000003        26.726575973541475     
   373.26838000000004        26.733737090108026     
   373.42141000000004        26.740886365734021     
   373.57444000000004        26.748027093047789     
   373.72747000000004        26.755235586707705     
   373.88050000000004        26.762588161372154     
   374.03353000000004        26.770161131699520     
   374.18656000000004        26.778030812348184     
   374.33959000000004        26.786273517976525     
   374.49262000000004        26.794965563242926     
   374.64565000000005        26.804183262805775     
   374.79868000000005        26.814002931323451     
   374.95171000000005        26.824500883454327     
   375.10474000000005        26.835753433856802     
   375.25777000000005        26.847836897189239     
   375.41080000000005        26.860827588110038     
   375.56383000000005        26.874801821277565     
   375.71686000000005        26.889835911350218     
   375.86989000000005        26.906006172986366     
   376.02292000000006        26.923388920844395     
   376.17595000000006        26.942060469582689     
   376.32898000000006        26.962097133859629     
   376.48201000000006        26.983575228333596     
   376.63504000000006        27.006571067662971     
   376.78807000000006        27.031024177350524     
   376.94110000000006        27.056079552656559     
   377.09413000000006        27.081214995132274     
   377.24716000000006        27.106360585931128     
   377.40019000000007        27.131455417114225     
   377.55322000000007        27.156438580742673     
   377.70625000000007        27.181249168877585     
   377.85928000000007        27.205826273580065     
   378.01231000000007        27.230108986911219     
   378.16534000000007        27.254036400932165     
   378.31837000000007        27.277547607704001     
   378.47140000000007        27.300581699287839     
   378.62443000000007        27.323068595316848     
   378.77746000000008        27.344792114089778     
   378.93049000000008        27.365418896796562     
   379.08352000000008        27.384612285447524     
   379.23655000000008        27.402035622052971     
   379.38958000000008        27.417352248623217     
   379.54261000000008        27.430225507168576     
   379.69564000000008        27.440318743818938     
   379.84867000000008        27.447387016057824     
   380.00170000000008        27.451513882563795     
   380.15473000000009        27.452856424592305     
   380.30776000000009        27.451571723398814     
   380.46079000000009        27.447816196387645     
   380.61382000000009        27.441731120459487     
   380.76685000000009        27.433442702822699     
   380.91988000000009        27.423076500996885     
   381.07291000000009        27.410758072501636     
   381.22594000000009        27.396612974856538     
   381.37897000000009        27.380766765581203     
   381.53200000000010        27.363336690028412     
   381.68503000000010        27.344403997967881     
   381.83806000000010        27.324225063147153     
   381.99109000000010        27.303382309541789     
   382.14412000000010        27.282491121286746     
   382.29715000000010        27.262166882517004     
   382.45018000000010        27.243008847676357     
   382.60321000000010        27.224879381895544     
   382.75624000000010        27.206614713171284     
   382.90927000000011        27.186975094632935     
   383.06230000000011        27.164728619944952     
   383.21533000000011        27.139889298372331     
   383.36836000000011        27.115069955480728     
   383.52139000000011        27.093208612500970     
   383.67442000000011        27.077243290663905     
   383.82745000000011        27.070112011200365     
   383.98048000000011        27.066621775116776     
   384.13351000000011        27.041280083535735     
   384.28654000000012        27.032801084957544     
   384.43957000000012        27.015152879818061     
   384.59260000000012        26.998109916728055     
   384.74563000000012        26.986504981262907     
   384.89866000000012        26.975031762272213     
   385.05169000000012        26.963861423398360     
   385.20472000000012        26.950510279845027     
   385.35775000000012        26.929523165520230     
   385.51078000000012        26.904805003695216     
   385.66381000000013        26.888604936425516     
   385.81684000000013        26.877873097396066     
   385.96987000000013        26.869066276736433     
   386.12290000000013        26.858641264576203     
   386.27593000000013        26.843326356478805     
   386.42896000000013        26.828359649894811     
   386.58199000000013        26.814960344858662     
   386.73502000000013        26.803292590764446     
   386.88805000000013        26.792656552146290     
   387.04108000000014        26.781493441472513     
   387.19411000000014        26.772017883693067     
   387.34714000000014        26.764318649752376     
   387.50017000000014        26.757647310534153     
   387.65320000000014        26.751253777184587     
   387.80623000000014        26.744387960849878     
   387.95926000000014        26.736357051569847     
   388.11229000000014        26.728308117744355     
   388.26532000000014        26.722503051053799     
   388.41835000000015        26.719107861406130     
   388.57138000000015        26.718016036471752     
   388.72441000000015        26.719121063921094     
   388.87744000000015        26.722316431424574     
   389.03047000000015        26.727495626652612     
   389.18350000000015        26.734552137275625     
   389.33653000000015        26.743379450964024     
   389.48956000000015        26.753871055388238     
   389.64259000000015        26.765920438218679     
   389.79562000000016        26.779421087125769     
   389.94865000000016        26.794192547006556     
   390.10168000000016        26.804549519502931     
   390.25471000000016        26.816243604279887     
   390.40774000000016        26.833401573196969     
   390.56077000000016        26.843698421812171     
   390.71380000000016        26.854522809695275     
   390.86683000000016        26.873997219810100     
   391.01986000000016        26.891399028570774     
   391.17289000000017        26.907912583562947     
   391.32592000000017        26.926102918186842     
   391.47895000000017        26.945570210190368     
   391.63198000000017        26.966023600940613     
   391.78501000000017        26.987366856571441     
   391.93804000000017        27.009523901463684     
   392.09107000000017        27.032418659998182     
   392.24410000000017        27.055975056555759     
   392.39713000000017        27.080117015517253     
   392.55016000000018        27.104768461263497     
   392.70319000000018        27.129853318175329     
   392.85622000000018        27.155295510633579     
   393.00925000000018        27.181018963019078     
   393.16228000000018        27.206947599712667     
   393.31531000000018        27.232993076086302     
   393.46834000000018        27.258783077300208     
   393.62137000000018        27.283660324196703     
   393.77440000000018        27.306955069787218     
   393.92743000000019        27.328023523710485     
   394.08046000000019        27.347262105894053     
   394.23349000000019        27.366436806198138     
   394.38652000000019        27.387407009442551     
   394.53955000000019        27.408937006150264     
   394.69258000000019        27.423620200551856     
   394.84561000000019        27.432983100793216     
   394.99864000000019        27.439422449456892     
   395.15167000000019        27.444955435043404     
   395.30470000000020        27.449543986752033     
   395.45773000000020        27.452457590592267     
   395.61076000000020        27.452965205429450     
   395.76379000000020        27.450335790128943     
   395.91682000000020        27.444015821898461     
   396.06985000000020        27.434336974535885     
   396.22288000000020        27.421906290736487     
   396.37591000000020        27.407330900864846     
   396.52894000000020        27.391220006709737     
   396.68197000000021        27.374223369171951     
   396.83500000000021        27.357027724342945     
   396.98803000000021        27.340321161030438     
   397.14106000000021        27.324758924662014     
   397.29409000000021        27.309203138829417     
   397.44712000000021        27.289834102827577     
   397.60015000000021        27.263431355314587     
   397.75318000000021        27.238677446451604     
   397.90621000000021        27.221239986642637     
   398.05924000000022        27.204462909193118     
   398.21227000000022        27.182270742875016     
   398.36530000000022        27.157598358747880     
   398.51833000000022        27.137736496042933     
   398.67136000000022        27.129989709335778     
   398.82439000000022        27.126171196039021     
   398.97742000000022        27.114824523364316     
   399.13045000000022        27.097856953967842     
   399.28348000000022        27.077184403314288     
   399.43651000000023        27.054722786868346     
   399.58954000000023        27.032388020094700     
   399.74257000000023        27.012096018458045     
   399.89560000000023        26.995389409564545     
   400.04863000000023        26.981704082674604     
   400.20166000000023        26.969737562185877     
   400.35469000000023        26.958187439274017     
   400.50772000000023        26.946104680165785     
   400.66075000000023        26.933436288257951     
   400.81378000000024        26.920269155608135     
   400.96681000000024        26.906690174273947     
   401.11984000000024        26.892786236313004     
   401.27287000000024        26.878644233782925     
   401.42590000000024        26.864351058741327     
   401.57893000000024        26.849993603245824     
   401.73196000000024        26.835658759354036     
   401.88499000000024        26.821433419123569     
   402.03802000000024        26.807404474612053     
   402.19105000000025        26.793650525614044     
   402.34408000000025        26.780023211173678     
   402.49711000000025        26.766173317948130     
   402.65014000000025        26.755946886801262     
   402.80317000000025        26.752170103638750     
   402.95620000000025        26.749124785067107     
   403.10923000000025        26.743156336754520     
   403.26226000000025        26.735981803878481     
   403.41529000000025        26.730021058229923     
   403.56832000000026        26.727176675246206     
   403.72135000000026        26.727253042555358     
   403.87438000000026        26.729522648896559     
   404.02741000000026        26.733245447062536     
   404.18044000000026        26.737602825272550     
   404.33347000000026        26.741780103401602     
   404.48650000000026        26.746022637210075     
   404.63953000000026        26.751806099838866     
   404.79256000000026        26.760013223498177     
   404.94559000000027        26.770312455122124     
   405.09862000000027        26.782242422327251     
   405.25165000000027        26.795341752730103     
   405.40468000000027        26.809149073947225     
   405.55771000000027        26.823203013595155     
   405.71074000000027        26.837042199290437     
   405.86377000000027        26.850205258649616     
   406.01680000000027        26.862237722963854     
   406.16983000000027        26.874218021166474     
   406.32286000000028        26.888726756695700     
   406.47589000000028        26.905652380387078     
   406.62892000000028        26.924608596508161     
   406.78195000000028        26.945209109326505     
   406.93498000000028        26.967067623109653     
   407.08801000000028        26.989758869676439     
   407.24104000000028        27.012625869432490     
   407.39407000000028        27.034926348200511     
   407.54710000000028        27.056115884661967     
   407.70013000000029        27.077288536588881     
   407.85316000000029        27.100347384775581     
   408.00619000000029        27.125874068865919     
   408.15922000000029        27.149361635485466     
   408.31225000000029        27.171484813801108     
   408.46528000000029        27.213385372057264     
   408.61831000000029        27.240690760117253     
   408.77134000000029        27.259349107012536     
   408.92437000000029        27.284273765892976     
   409.07740000000030        27.305851179402502     
   409.23043000000030        27.322904956191973     
   409.38346000000030        27.351935849457817     
   409.53649000000030        27.360560818733028     
   409.68952000000030        27.368360602958127     
   409.84255000000030        27.383007956106777     
   409.99558000000030        27.401643473381917     
   410.14861000000030        27.421407749986471     
   410.30164000000030        27.439441381123387     
   410.45467000000031        27.452896423374206     
   410.60770000000031        27.460192785391889     
   410.76073000000031        27.462151203036104     
   410.91376000000031        27.459859854263939     
   411.06679000000031        27.454406917032486     
   411.21982000000031        27.446867200443865     
   411.37285000000031        27.437766740211650     
   411.52588000000031        27.426901413881680     
   411.67891000000031        27.414021109075769     
   411.83194000000032        27.399015291576209     
   411.98497000000032        27.381935079460348     
   412.13800000000032        27.362840621334442     
   412.29103000000032        27.341835637260914     
   412.44406000000032        27.320342226113588     
   412.59709000000032        27.299302913305858     
   412.75012000000032        27.278848261577167     
   412.90315000000032        27.259108354284063     
   413.05618000000032        27.240196815103381     
   413.20921000000033        27.221888097377956     
   413.36224000000033        27.203638029407504     
   413.51527000000033        27.184890093900542     
   413.66830000000033        27.165188418614154     
   413.82133000000033        27.144962198103517     
   413.97436000000033        27.125100220793737     
   414.12739000000033        27.106423635366113     
   414.28042000000033        27.089097358417021     
   414.43345000000033        27.072933700096343     
   414.58648000000034        27.057741587413414     
   414.73951000000034        27.043329947377575     
   414.89254000000034        27.029507706212382     
   415.04557000000034        27.016065367358003     
   415.19860000000034        27.002727316689192     
   415.35163000000034        26.989203113056988     
   415.50466000000034        26.975206063988992     
   415.65769000000034        26.960667669472031     
   415.81072000000034        26.945852782514429     
   415.96375000000035        26.930959391356701     
   416.11678000000035        26.916014769154529     
   416.26981000000035        26.901028415922124     
   416.42284000000035        26.886009831673704     
   416.57587000000035        26.870968516423488     
   416.72890000000035        26.855913970185686     
