   76422.134999999995        25.809999999999999     
   76422.272639999996        25.811711279879241     
   76422.410279999996        25.813585977325232     
   76422.547919999997        25.815787509904716     
   76422.685559999998        25.818479295184442     
   76422.823199999999        25.821824750731160     
   76422.960840000000        25.825987294111613     
   76423.098480000001        25.831130342892557     
   76423.236120000001        25.837417314640728     
   76423.373760000002        25.845011626922879     
   76423.511400000003        25.854076697305761     
   76423.649040000004        25.864775943356118     
   76423.786680000005        25.877272782640699     
   76423.924320000006        25.891730632726247     
   76424.061960000006        25.908312911179518     
   76424.199600000007        25.927076973073348     
   76424.337240000008        25.947515632429877     
   76424.474880000009        25.968934614745368     
   76424.612520000010        25.990648285890735     
   76424.750160000011        26.012181763711929     
   76424.887800000011        26.033276175373331     
   76425.025440000012        26.053682461656720     
   76425.163080000013        26.073151563343870     
   76425.300720000014        26.091434421216562     
   76425.438360000015        26.108281976056574     
   76425.576000000015        26.123445168645674     
   76425.713640000016        26.136674939765641     
   76425.851280000017        26.147722230198259     
   76425.988920000018        26.156480433321732     
   76426.126560000019        26.164033295889958     
   76426.264200000020        26.172057098043240     
   76426.401840000020        26.182223236034101     
   76426.539480000021        26.194121624429648     
   76426.677120000022        26.202730978964933     
   76426.814760000023        26.206199779751863     
   76426.952400000024        26.207629258622724     
   76427.090040000025        26.210450049874026     
   76427.227680000025        26.216849600525581     
   76427.365320000026        26.225343001468318     
   76427.502960000027        26.233811599089265     
   76427.640600000028        26.241258654963001     
   76427.778240000029        26.247917637268298     
   76427.915880000030        26.254084804029333     
   76428.053520000030        26.260056413270270     
   76428.191160000031        26.266128723015271     
   76428.328800000032        26.272597991288514     
   76428.466440000033        26.279760476114163     
   76428.604080000034        26.287912435516386     
   76428.741720000035        26.297350127519344     
   76428.879360000035        26.308369810147212     
   76429.017000000036        26.321467831189928     
   76429.154640000037        26.336355793763396     
   76429.292280000038        26.348103398868709     
   76429.429920000039        26.358366546624559     
   76429.567560000040        26.372168070169668     
   76429.705200000040        26.389562735227983     
   76429.842840000041        26.408718957153368     
   76429.980480000042        26.427801722592925     
   76430.118120000043        26.445227394527272     
   76430.255760000044        26.460857971229100     
   76430.393400000044        26.475071212404949     
   76430.531040000045        26.488245515594276     
   76430.668680000046        26.500694258662261     
   76430.806320000047        26.512335870480875     
   76430.943960000048        26.522940462086595     
   76431.081600000049        26.532277879405257     
   76431.219240000049        26.540117968362701     
   76431.356880000050        26.546230574884749     
   76431.494520000051        26.550385544897246     
   76431.632160000052        26.552352724326020     
   76431.769800000053        26.551901959096909     
   76431.907440000054        26.548803095135739     
   76432.045080000054        26.542825978368356     
   76432.182720000055        26.533740454720586     
   76432.320360000056        26.521316370118260     
   76432.458000000057        26.505417119086015     
   76432.595640000058        26.486399642231209     
   76432.733280000059        26.464783052172788     
   76432.870920000059        26.441086558256856     
   76433.008560000060        26.410114905016989     
   76433.146200000061        26.376455158124159     
   76433.283840000062        26.346191496553146     
   76433.421480000063        26.317539023307127     
   76433.559120000064        26.288712841086550     
   76433.696760000064        26.257928052591851     
   76433.834400000065        26.223666653570014     
   76433.972040000066        26.186668875748655     
   76434.109680000067        26.148810826794708     
   76434.247320000068        26.111843406015751     
   76434.384960000069        26.076409940202282     
   76434.522600000069        26.042606835971455     
   76434.660240000070        26.010526632611764     
   76434.797880000071        25.980261869411713     
   76434.935520000072        25.951905085659789     
   76435.073160000073        25.925548820644501     
   76435.210800000074        25.901285613654334     
   76435.348440000074        25.879208003977787     
   76435.486080000075        25.859408530903362     
   76435.623720000076        25.841978828185383     
   76435.761360000077        25.826987322449646     
   76435.899000000078        25.814477828607927     
   76436.036640000078        25.804492974816629     
   76436.174280000079        25.797075389232141     
   76436.311920000080        25.792267700010854     
   76436.449560000081        25.790112535309166     
   76436.587200000082        25.791055808448483     
   76436.724840000083        25.795972546600389     
   76436.862480000083        25.804407426332318     
   76437.000120000084        25.815830358955310     
   76437.137760000085        25.829711255780396     
   76437.275400000086        25.845520028118621     
   76437.413040000087        25.862726587281024     
   76437.550680000088        25.880800844578634     
   76437.688320000088        25.899212711322491     
   76437.825960000089        25.917432098823639     
   76437.963600000090        25.934937812313969     
   76438.101240000091        25.951970511992762     
   76438.238880000092        25.970034432894145     
   76438.376520000093        25.989420941871963     
   76438.514160000093        26.009233212750448     
   76438.651800000094        26.028893391597677     
   76438.789440000095        26.048218020902667     
   76438.927080000096        26.067043644856096     
   76439.064720000097        26.085206807648646     
   76439.202360000098        26.102544053470993     
   76439.340000000098        26.118891926513822     
   76439.477640000099        26.134086970967807     
   76439.615280000100        26.147965731023632     
   76439.752920000101        26.160364750871970     
   76439.890560000102        26.171120574703505     
   76440.028200000103        26.180069746826678     
   76440.165840000103        26.187231204322590     
   76440.303480000104        26.193334622395120     
   76440.441120000105        26.199282773455881     
   76440.578760000106        26.205835551307587     
   76440.716400000107        26.212942824996865     
   76440.854040000107        26.220269347788935     
   76440.991680000108        26.227479555988793     
   76441.129320000109        26.234237885901408     
   76441.266960000110        26.240208773831760     
   76441.404600000111        26.245056656084849     
   76441.542240000112        26.248445968965640     
   76441.679880000112        26.250041148779122     
   76441.817520000113        26.249601296081973     
   76441.955160000114        26.250493331051722     
   76442.092800000115        26.260728810066517     
   76442.230440000116        26.279602831990381     
   76442.368080000117        26.293995262616590     
   76442.505720000117        26.304782521697184     
   76442.643360000118        26.313679686833609     
   76442.781000000119        26.322401835627286     
   76442.918640000120        26.332658951591231     
   76443.056280000121        26.345458113770931     
   76443.193920000122        26.360392053833774     
   76443.331560000122        26.376883919820141     
   76443.469200000123        26.394356859770411     
   76443.606840000124        26.412234021724977     
   76443.744480000125        26.429938553724213     
   76443.882120000126        26.446893603808498     
   76444.019760000127        26.462522320018227     
   76444.157400000127        26.476302769840405     
   76444.295040000128        26.489136721927096     
   76444.432680000129        26.503431723921253     
   76444.570320000130        26.519529503218809     
   76444.707960000131        26.533314183441295     
   76444.845600000132        26.542119736443162     
   76444.983240000132        26.546922775705621     
   76445.120880000133        26.549083544998226     
   76445.258520000134        26.549962288090523     
   76445.396160000135        26.546959475014084     
   76445.533800000136        26.538259561696478     
   76445.671440000136        26.534939843708532     
   76445.809080000137        26.547382851101148     
   76445.946720000138        26.546091019439398     
   76446.084360000139        26.507262240611723     
   76446.222000000140        26.512833809666962     
   76446.359640000141        26.504427721198361     
   76446.497280000141        26.484151726606669     
   76446.634920000142        26.455417389834817     
   76446.772560000143        26.421636274825730     
   76446.910200000144        26.386219945522349     
   76447.047840000145        26.352579965867601     
   76447.185480000146        26.324102004859455     
   76447.323120000146        26.300260217195188     
   76447.460760000147        26.272472650363653     
   76447.598400000148        26.231164250571378     
   76447.736040000149        26.178383938120636     
   76447.873680000150        26.144232268731706     
   76448.011320000151        26.115663755916586     
   76448.148960000151        26.080965098747185     
   76448.286600000152        26.044954422187853     
   76448.424240000153        26.014761106554857     
   76448.561880000154        25.990041155269452     
   76448.699520000155        25.963707095824290     
   76448.837160000156        25.928436203809010     
   76448.974800000156        25.918639337058647     
   76449.112440000157        25.901594343305774     
   76449.250080000158        25.873156140877306     
   76449.387720000159        25.841794384299579     
   76449.525360000160        25.814767212601101     
   76449.663000000161        25.793526052235478     
   76449.800640000161        25.777784705246265     
   76449.938280000162        25.767256655975029     
   76450.075920000163        25.761655388763337     
   76450.213560000164        25.760694387952764     
   76450.351200000165        25.764087137884868     
   76450.488840000166        25.771547122901218     
   76450.626480000166        25.782787827343391     
   76450.764120000167        25.797522735552938     
   76450.901760000168        25.815465331871444     
   76451.039400000169        25.836329100640466     
   76451.177040000170        25.859827526201574     
   76451.314680000170        25.884450629878781     
   76451.452320000171        25.903691099462218     
   76451.589960000172        25.910067092012603     
   76451.727600000173        25.926809737504463     
   76451.865240000174        25.952239349344090     
   76452.002880000175        25.972900828871381     
   76452.140520000175        25.991623860791634     
   76452.278160000176        26.011781884636854     
   76452.415800000177        26.034120018744634     
   76452.553440000178        26.057181992125518     
   76452.691080000179        26.079443585774911     
   76452.828720000180        26.099380580688234     
   76452.966360000180        26.115468757860882     
   76453.104000000181        26.126183898288282     
   76453.241640000182        26.130001782965831     
   76453.379280000183        26.142188146788044     
   76453.516920000184        26.156337346836636     
   76453.654560000185        26.163370126888985     
   76453.792200000185        26.171859369247557     
   76453.929840000186        26.181300026433114     
   76454.067480000187        26.190690722390148     
   76454.205120000188        26.199199224837482     
   76454.342760000189        26.206532410337580     
   76454.480400000190        26.212504327665737     
   76454.618040000190        26.216929025597260     
   76454.755680000191        26.219620552907433     
   76454.893320000192        26.220491724057545     
   76455.030960000193        26.220313108100278     
   76455.168600000194        26.220296133914886     
   76455.306240000195        26.221655850265151     
   76455.443880000195        26.225607305914888     
   76455.581520000196        26.233365549627884     
   76455.719160000197        26.246145630167938     
   76455.856800000198        26.265045685091099     
   76455.994440000199        26.278980642646491     
   76456.132080000199        26.280328806330864     
   76456.269720000200        26.288008786691258     
   76456.407360000201        26.302839534109197     
   76456.545000000202        26.320986845806519     
   76456.682640000203        26.338714160369221     
   76456.820280000204        26.354469069396071     
   76456.957920000204        26.368849634575966     
   76457.095560000205        26.382544821867363     
   76457.233200000206        26.396243597228686     
   76457.370840000207        26.410634926618386     
   76457.508480000208        26.426407775994903     
   76457.646120000209        26.444246152196158     
   76457.783760000209        26.464063047956014     
   76457.921400000210        26.484171932870190     
   76458.059040000211        26.502687401915757     
   76458.196680000212        26.517724050069756     
   76458.334320000213        26.527396472309242     
   76458.471960000214        26.529950352791541     
   76458.609600000214        26.535566224137234     
   76458.747240000215        26.549673370596377     
   76458.884880000216        26.548914631529023     
   76459.022520000217        26.546615147422422     
   76459.160160000218        26.543903159323953     
   76459.297800000219        26.541494765806576     
   76459.435440000219        26.540106065443261     
   76459.573080000220        26.539894939908137     
   76459.710720000221        26.535569089229455     
   76459.848360000222        26.525785586231009     
   76459.986000000223        26.511151623062432     
   76460.123640000224        26.492274391873345     
   76460.261280000224        26.469761084813385     
   76460.398920000225        26.444218894032183     
   76460.536560000226        26.416255011679361     
   76460.674200000227        26.386476629904553     
   76460.811840000228        26.355490940857390     
   76460.949480000229        26.323903805258055     
   76461.087120000229        26.292009417230869     
   76461.224760000230        26.259391575078325     
   76461.362400000231        26.225535583093553     
   76461.500040000232        26.189926745569664     
