   94873.235000000001        26.370000000000001     
   94873.328630000004        26.332600169072883     
   94873.422260000007        26.298884957551902     
   94873.515890000010        26.270560369066970     
   94873.609520000013        26.247974783952586     
   94873.703150000016        26.231169175981773     
   94873.796780000019        26.219444405141516     
   94873.890410000022        26.212413685408819     
   94873.984040000025        26.209840949489564     
   94874.077670000028        26.211826423144366     
   94874.171300000031        26.219236083304494     
   94874.264930000034        26.232349676514207     
   94874.358560000037        26.248118275939085     
   94874.452190000040        26.264787380766727     
   94874.545820000043        26.284013321428706     
   94874.639450000046        26.309543453674710     
   94874.733080000049        26.345303482585894     
   94874.826710000052        26.380789115205715     
   94874.920340000055        26.414709999160259     
   94875.013970000058        26.451647555321237     
   94875.107600000061        26.485666716248968     
   94875.201230000064        26.520677664974357     
   94875.294860000067        26.560612880149293     
   94875.388490000070        26.609404840425682     
   94875.482120000073        26.670986024455413     
   94875.575750000076        26.743557185478135     
   94875.669380000079        26.807424679468767     
   94875.763010000082        26.862291236313524     
   94875.856640000085        26.910386619108284     
   94875.950270000088        26.953940590948925     
   94876.043900000092        26.995182914931306     
   94876.137530000095        27.036343354151320     
   94876.231160000098        27.079651671704831     
   94876.324790000101        27.127268748573979     
   94876.418420000104        27.177683426643210     
   94876.512050000107        27.224078637917074     
   94876.605680000110        27.268100163993928     
   94876.699310000113        27.324392016751595     
   94876.792940000116        27.369943201820693     
   94876.886570000119        27.417312363781924     
   94876.980200000122        27.465675673673680     
   94877.073830000125        27.526542032919266     
   94877.167460000128        27.550005242323721     
   94877.261090000131        27.578730024794666     
   94877.354720000134        27.638384397146918     
   94877.448350000137        27.693775101832077     
   94877.541980000140        27.732984016846430     
   94877.635610000143        27.769023187405914     
   94877.729240000146        27.816070002212847     
   94877.822870000149        27.839596432126950     
   94877.916500000152        27.845982555257415     
   94878.010130000155        27.863900866038136     
   94878.103760000158        27.891171674324795     
   94878.197390000161        27.925615289973067     
   94878.291020000164        27.965052022838627     
   94878.384650000167        28.007302182777146     
   94878.478280000170        28.050186079644320     
   94878.571910000173        28.091524023295811     
   94878.665540000176        28.129136323587304     
   94878.759170000179        28.160843290374469     
   94878.852800000182        28.184465233512991     
   94878.946430000186        28.197822462858543     
   94879.040060000189        28.200088993779190     
   94879.133690000192        28.201248123539298     
   94879.227320000195        28.202858901116890     
   94879.320950000198        28.203793449703198     
   94879.414580000201        28.202923892489459     
   94879.508210000204        28.199122352666897     
   94879.601840000207        28.191260953426752     
   94879.695470000210        28.178166195132484     
   94879.789100000213        28.158402875873414     
   94879.882730000216        28.130442650722369     
   94879.976360000219        28.093964404047153     
   94880.069990000222        28.053676981735013     
   94880.163620000225        28.015589854537161     
   94880.257250000228        27.979002224369811     
   94880.350880000231        27.930291985566061     
   94880.444510000234        27.873733420692339     
   94880.538140000237        27.817463734676224     
   94880.631770000240        27.760842639284867     
   94880.725400000243        27.700265784405239     
   94880.819030000246        27.635709159003390     
   94880.912660000249        27.567707686350047     
   94881.006290000252        27.496796289715910     
   94881.099920000255        27.423509892371708     
   94881.193550000258        27.348383417588153     
   94881.287180000261        27.271951788635949     
   94881.380810000264        27.194749928785825     
   94881.474440000267        27.117325964539003     
   94881.568070000270        27.041309273311860     
   94881.661700000273        26.970196664661081     
   94881.755330000276        26.903864459514161     
   94881.848960000279        26.833780488649445     
   94881.942590000283        26.764779862024032     
   94882.036220000286        26.698574592436056     
   94882.129850000289        26.635452387070767     
   94882.223480000292        26.575700763193311     
   94882.317110000295        26.519607238068858     
   94882.410740000298        26.467459327438057     
   94882.504370000301        26.419530926847706     
   94882.598000000304        26.376049108290829     
   94882.691630000307        26.337230889540500     
   94882.785260000310        26.303293288369773     
   94882.878890000313        26.274453322551715     
   94882.972520000316        26.250928009859404     
   94883.066150000319        26.232934368065894     
   94883.159780000322        26.220594067670749     
   94883.253410000325        26.213321098954953     
   94883.347040000328        26.210211088422376     
   94883.440670000331        26.213302437297134     
   94883.534300000334        26.223871732775471     
   94883.627930000337        26.234912765898237     
   94883.721560000340        26.248001728496128     
   94883.815190000343        26.265443743558450     
   94883.908820000346        26.288436880507088     
   94884.002450000349        26.316196764689025     
   94884.096080000352        26.347733022876838     
   94884.189710000355        26.382055281843122     
   94884.283340000358        26.418173168360450     
   94884.376970000361        26.456096517761047     
   94884.470600000364        26.498680066140004     
   94884.564230000367        26.541249948680559     
   94884.657860000370        26.582781574582441     
   94884.751490000373        26.625779249667580     
   94884.845120000376        26.671168723240491     
   94884.938750000380        26.718610727612464     
   94885.032380000383        26.767732024828380     
   94885.126010000386        26.818159376933124     
   94885.219640000389        26.869519545971585     
   94885.313270000392        26.921439293988644     
   94885.406900000395        26.973545383029190     
   94885.500530000398        27.025464575138102     
   94885.594160000401        27.076823632360274     
   94885.687790000404        27.127310908156815     
   94885.781420000407        27.176911941610548     
   94885.875050000410        27.225701789661514     
   94885.968680000413        27.273755527380850     
   94886.062310000416        27.321148229839675     
   94886.155940000419        27.367954972109121     
   94886.249570000422        27.414250829260308     
   94886.343200000425        27.460110876364368     
   94886.436830000428        27.505610188492419     
   94886.530460000431        27.550823253427627     
   94886.624090000434        27.595745810830110     
   94886.717720000437        27.640223188930225     
   94886.811350000440        27.684118527577958     
   94886.904980000443        27.727307076831512     
   94886.998610000446        27.769664094715168     
   94887.092240000449        27.811064839253234     
   94887.185870000452        27.851384568470003     
   94887.279500000455        27.890498540389771     
   94887.373130000458        27.928282013036839     
   94887.466760000461        27.964610244435494     
   94887.560390000464        27.999342728673803     
   94887.654020000467        28.032238839622377     
   94887.747650000470        28.063005445893509     
   94887.841280000473        28.091235088128460     
   94887.934910000477        28.116462220706463     
   94888.028540000480        28.138220839422857     
   94888.122170000483        28.156218835432050     
   94888.215800000486        28.171077424148955     
   94888.309430000489        28.183716626053496     
   94888.403060000492        28.195056632052868     
   94888.496690000495        28.206017633054248     
   94888.590320000498        28.217480166191091     
   94888.683950000501        28.228645348993922     
   94888.777580000504        28.229368592380844     
   94888.871210000507        28.205450368934507     
   94888.964840000510        28.185685332785479     
   94889.058470000513        28.177287295888874     
   94889.152100000516        28.150876149089612     
   94889.245730000519        28.119351657034628     
   94889.339360000522        28.084552429822153     
   94889.432990000525        28.046522064673507     
   94889.526620000528        28.005304158810048     
   94889.620250000531        27.960942309453106     
   94889.713880000534        27.913480113824015     
   94889.807510000537        27.862961169144121     
   94889.901140000540        27.809429072634760     
   94889.994770000543        27.752927421517274     
   94890.088400000546        27.693499813012991     
   94890.182030000549        27.631189844343258     
   94890.275660000552        27.566041112729415     
   94890.369290000555        27.498037391174911     
   94890.462920000558        27.426308093039253     
   94890.556550000561        27.349630006821208     
   94890.650180000564        27.271889533422573     
   94890.743810000567        27.195036345219215     
   94890.837440000570        27.118569322782125     
   94890.931070000574        27.043007312047550     
   94891.024700000577        26.968898643471675     
   94891.118330000580        26.896791647510671     
   94891.211960000583        26.827234654620714     
   94891.305590000586        26.760775995257987     
   94891.399220000589        26.697963999878656     
   94891.492850000592        26.638918518330396     
   94891.586480000595        26.580517231330713     
   94891.680110000598        26.521221672882096     
   94891.773740000601        26.460423374933331     
   94891.867370000604        26.401994123068050     
   94891.961000000607        26.352837740374532     
   94892.054630000610        26.319915341690837     
   94892.148260000613        26.310124155662898     
   94892.241890000616        26.277667851497995     
   94892.335520000619        26.264568317935684     
   94892.429150000622        26.250945517269351     
   94892.522780000625        26.236668334231972     
   94892.616410000628        26.223731384816574     
   94892.710040000631        26.214129285016178     
   94892.803670000634        26.209856650823820     
   94892.897300000637        26.212765769660315     
   94892.990930000640        26.222910634377996     
   94893.084560000643        26.239112941519867     
   94893.178190000646        26.260170352521982     
   94893.271820000649        26.284880528820416     
   94893.365450000652        26.312249105908418     
   94893.459080000655        26.342789170502819     
   94893.552710000658        26.375649737060737     
   94893.646340000661        26.409554897411496     
   94893.739970000664        26.448459170243005     
   94893.833600000668        26.492163407391345     
   94893.927230000671        26.537924598285873     
   94894.020860000674        26.582970777492125     
   94894.114490000677        26.625324815209815     
   94894.208120000680        26.668211866452019     
   94894.301750000683        26.716706866731680     
   94894.395380000686        26.771052482739758     
   94894.489010000689        26.827033389256258     
   94894.582640000692        26.880267764941458     
   94894.676270000695        26.926373788455642     
   94894.769900000698        26.964141548348934     
   94894.863530000701        27.007521824297491     
   94894.957160000704        27.057011363431119     
   94895.050790000707        27.110311253983046     
   94895.144420000710        27.165122584186506     
   94895.238050000713        27.219146442274734     
   94895.331680000716        27.270083916480964     
   94895.425310000719        27.316199631026187     
   94895.518940000722        27.360008991442957     
   94895.612570000725        27.405448024954481     
   94895.706200000728        27.452306505053738     
   94895.799830000731        27.498453087010319     
   94895.893460000734        27.544620559081526     
   94895.987090000737        27.595237301927387     
   94896.080720000740        27.652079746696593     
   94896.174350000743        27.708248060579891     
   94896.267980000746        27.755223972716177     
   94896.361610000749        27.784489212244342     
   94896.455240000752        27.791415297788287     
   94896.548870000755        27.811308996368389     
   94896.642500000758        27.848972433584166     
   94896.736130000761        27.897085180848457     
   94896.829760000765        27.948326809574105     
   94896.923390000768        27.995613269176836     
   94897.017020000771        28.036032980588914     
   94897.110650000774        28.070245988351221     
   94897.204280000777        28.099027633947017     
   94897.297910000780        28.123153258859578     
   94897.391540000783        28.143398204572179     
   94897.485170000786        28.160537806367159     
   94897.578800000789        28.175170858929810     
   94897.672430000792        28.187258114057251     
   94897.766060000795        28.196616228430528     
   94897.859690000798        28.203061858730717     
   94897.953320000801        28.206411661638878     
   94898.046950000804        28.206482293836061     
   94898.140580000807        28.203090412003341     
   94898.234210000810        28.196052672821775     
   94898.327840000813        28.185185732972421     
   94898.421470000816        28.170306249136342     
   94898.515100000819        28.151230877994600     
   94898.608730000822        28.127776276228261     
   94898.702360000825        28.099759100518384     
   94898.795990000828        28.066996007546027     
   94898.889620000831        28.029303653992251     
   94898.983250000834        27.986498744644127     
   94899.076880000837        27.938527390466493     
   94899.170510000840        27.885746586337703     
   94899.264140000843        27.828594689708499     
   94899.357770000846        27.767510058029639     
   94899.451400000849        27.702931048751871     
   94899.545030000852        27.635296129045773     
   94899.638660000855        27.565063374931789     
   94899.732290000858        27.492732942070941     
   94899.825920000862        27.418810429591957     
   94899.919550000865        27.343801436623558     
   94900.013180000868        27.268211562294468     
   94900.106810000871        27.192546405733410     
   94900.200440000874        27.117311566069109     
   94900.294070000877        27.043012642430284     
   94900.387700000880        26.970155233945661     
   94900.481330000883        26.899244939743966     
   94900.574960000886        26.830787358953913     
   94900.668590000889        26.765288090704235     
   94900.762220000892        26.703252734123652     
   94900.855850000895        26.645129957860988     
   94900.949480000898        26.589638233040581     
   94901.043110000901        26.534713272831937     
   94901.136740000904        26.479350841963754     
   94901.230370000907        26.426071808026727     
   94901.324000000910        26.388829697325107     
   94901.417630000913        26.351091040393896     
   94901.511260000916        26.313638793228833     
   94901.604890000919        26.278429525214456     
   94901.698520000922        26.253088716772300     
   94901.792150000925        26.218991771879502     
   94901.885780000928        26.185033467381921     
   94901.979410000931        26.193813366112359     
   94902.073040000934        26.209591068829905     
   94902.166670000937        26.209190945939021     
   94902.260300000940        26.209093684028204     
   94902.353930000943        26.213099055718427     
   94902.447560000946        26.222804625748857     
   94902.541190000949        26.239807958858652     
   94902.634820000952        26.265706619786982     
   94902.728450000955        26.302098173273009     
   94902.822080000959        26.347034004259545     
   94902.915710000962        26.376488812759160     
   94903.009340000965        26.402894467151206     
   94903.102970000968        26.437808902193588     
   94903.196600000971        26.479760084728618     
   94903.290230000974        26.526573833335135     
   94903.383860000977        26.576075966591979     
   94903.477490000980        26.626093132335761     
   94903.571120000983        26.675083678467495     
   94903.664750000986        26.723262771638701     
   94903.758380000989        26.771148544176789     
   94903.852010000992        26.819259128409143     
   94903.945640000995        26.868112656663168     
   94904.039270000998        26.918227261266274     
   94904.132900001001        26.970050167905622     
   94904.226530001004        27.022858238144948     
   94904.320160001007        27.074967939708021     
   94904.413790001010        27.124667343070875     
   94904.507420001013        27.170244518709534     
   94904.601050001016        27.210871777582920     
   94904.694680001019        27.259569410487003     
   94904.788310001022        27.312725030125154     
   94904.881940001025        27.354887912874474     
   94904.975570001028        27.409138929148348     
   94905.069200001031        27.454508098547702     
   94905.162830001034        27.498506260914667     
   94905.256460001037        27.542388217628172     
   94905.350090001040        27.586197264367353     
   94905.443720001043        27.630574331936042     
   94905.537350001046        27.676077012524367     
   94905.630980001049        27.721853214684785     
   94905.724610001052        27.765876123566130     
   94905.818240001056        27.806083046866235     
   94905.911870001059        27.840989479956342     
   94906.005500001062        27.877172168032288     
   94906.099130001065        27.925808312626835     
   94906.192760001068        27.966866315047607     
   94906.286390001071        27.995233896379556     
   94906.380020001074        28.032846146589712     
   94906.473650001077        28.064207935446859     
   94906.567280001080        28.090944299105644     
   94906.660910001083        28.114680273720701     
   94906.754540001086        28.137040895446663     
   94906.848170001089        28.159178689344472     
   94906.941800001092        28.179417228437927     
   94907.035430001095        28.195063562865847     
   94907.129060001098        28.204924107001791     
   94907.222690001101        28.209928608982768     
   94907.316320001104        28.211280762493040     
   94907.409950001107        28.210671647160105     
   94907.503580001110        28.209923542850277     
   94907.597210001113        28.210091045327264     
   94907.690840001116        28.203425972008962     
   94907.784470001119        28.187488244672892     
   94907.878100001122        28.163884322968222     
   94907.971730001125        28.134226102340115     
   94908.065360001128        28.100234033082636     
   94908.158990001131        28.063734387795829     
   94908.252620001134        28.026557831716111     
