   11377.934999999999        26.770000000000000     
   11378.039149999999        26.785944096246872     
   11378.143299999998        26.796193610891642     
   11378.247449999997        26.802116030960356     
   11378.351599999996        26.805534730862043     
   11378.455749999996        26.808273085005741     
   11378.559899999995        26.812102515262943     
   11378.664049999994        26.817533771309698     
   11378.768199999993        26.823779275260492     
   11378.872349999992        26.829991963573896     
   11378.976499999992        26.835324772708503     
   11379.080649999991        26.838930639122903     
   11379.184799999990        26.839963822495786     
   11379.288949999989        26.839168756359079     
   11379.393099999988        26.841803245020145     
   11379.497249999988        26.847881318082589     
   11379.601399999987        26.849960141581718     
   11379.705549999986        26.849806716080934     
   11379.809699999985        26.849864802965769     
   11379.913849999984        26.849974985230368     
   11380.017999999984        26.849982077117332     
   11380.122149999983        26.849868031729219     
   11380.226299999982        26.849778568565586     
   11380.330449999981        26.849869016502971     
   11380.434599999980        26.850294704417909     
   11380.538749999980        26.851210961186933     
   11380.642899999979        26.852773115686585     
   11380.747049999978        26.855136496793392     
   11380.851199999977        26.858456433383900     
   11380.955349999977        26.862888254334635     
   11381.059499999976        26.868587288522139     
   11381.163649999975        26.875612423398803     
   11381.267799999974        26.883271909622835     
   11381.371949999973        26.890522146396798     
   11381.476099999973        26.896317514823618     
   11381.580249999972        26.899612396006209     
   11381.684399999971        26.899771452005126     
   11381.788549999970        26.902406101612758     
   11381.892699999969        26.909862467526739     
   11381.996849999969        26.918232035193505     
   11382.100999999968        26.923885940092454     
   11382.205149999967        26.926843966472042     
   11382.309299999966        26.929010145031171     
   11382.413449999965        26.932193241573387     
   11382.517599999965        26.936714564693034     
   11382.621749999964        26.941833091318422     
   11382.725899999963        26.946784850396977     
   11382.830049999962        26.950807497123481     
   11382.934199999961        26.953378504972399     
   11383.038349999961        26.954466269034718     
   11383.142499999960        26.954099265645041     
   11383.246649999959        26.952305971137967     
   11383.350799999958        26.949115241820742     
   11383.454949999958        26.944607828876112     
   11383.559099999957        26.938968622237908     
   11383.663249999956        26.932394958077488     
   11383.767399999955        26.925084172566237     
   11383.871549999954        26.917233601875527     
   11383.975699999954        26.909040582176726     
   11384.079849999953        26.900702449641205     
   11384.183999999952        26.892416540440337     
   11384.288149999951        26.884380190745503     
   11384.392299999950        26.876790736728065     
   11384.496449999950        26.869845482725211     
   11384.600599999949        26.861119652081392     
   11384.704749999948        26.844591445471956     
   11384.808899999947        26.839968578608243     
   11384.913049999946        26.826536866219705     
   11385.017199999946        26.813776064050110     
   11385.121349999945        26.804611474684393     
   11385.225499999944        26.797514641006991     
   11385.329649999943        26.790957105902336     
   11385.433799999942        26.783410412254874     
   11385.537949999942        26.773346102949045     
   11385.642099999941        26.759235720869277     
   11385.746249999940        26.739550808900020     
   11385.850399999939        26.714730279778991     
   11385.954549999939        26.698243324209599     
   11386.058699999938        26.690790100917070     
   11386.162849999937        26.689207969192861     
   11386.266999999936        26.690340730172103     
   11386.371149999935        26.691987108839296     
   11386.475299999935        26.693903212390417     
   11386.579449999934        26.696085079394351     
   11386.683599999933        26.698528748419996     
   11386.787749999932        26.701230258036233     
   11386.891899999931        26.704185646811951     
   11386.996049999931        26.707390953316043     
   11387.100199999930        26.710842216117388     
   11387.204349999929        26.714535473784885     
   11387.308499999928        26.718466764887417     
   11387.412649999927        26.722632127993876     
   11387.516799999927        26.727027601673150     
   11387.620949999926        26.731649224494120     
   11387.725099999925        26.736493035025688     
   11387.829249999924        26.741555071836729     
   11387.933399999923        26.746831373496143     
   11388.037549999923        26.752317978572812     
   11388.141699999922        26.758010925635624     
   11388.245849999921        26.763906253253470     
   11388.349999999920        26.769999999995239     
   11388.454149999920        26.776288252823171     
   11388.558299999919        26.782767292272887     
   11388.662449999918        26.789433447273375     
   11388.766599999917        26.796283046753612     
   11388.870749999916        26.803309039701496     
   11388.974899999916        26.810413613259257     
   11389.079049999915        26.817400307709065     
   11389.183199999914        26.824067702957453     
   11389.287349999913        26.830214378910934     
   11389.391499999912        26.835638915476025     
   11389.495649999912        26.840139895163709     
   11389.599799999911        26.843582985913116     
   11389.703949999910        26.846075452017672     
   11389.808099999909        26.847778925042334     
   11389.912249999908        26.848855036552052     
   11390.016399999908        26.849465418111798     
   11390.120549999907        26.849771701286521     
   11390.224699999906        26.849935517641182     
   11390.328849999905        26.850076076392334     
   11390.432999999904        26.849749322702287     
   11390.537149999904        26.850445002422514     
   11390.641299999903        26.854031897539301     
   11390.745449999902        26.858317610020414     
   11390.849599999901        26.860672022736264     
   11390.953749999901        26.860558282623284     
   11391.057899999900        26.859840737571382     
   11391.162049999899        26.860496063147025     
   11391.266199999898        26.863418806179311     
   11391.370349999897        26.867882501978663     
   11391.474499999897        26.873027621424090     
   11391.578649999896        26.877994635394618     
   11391.682799999895        26.881996708504062     
   11391.786949999894        26.885668401361404     
   11391.891099999893        26.890936405133793     
   11391.995249999893        26.898504159136319     
   11392.099399999892        26.906045717220756     
   11392.203549999891        26.912733876458240     
   11392.307699999890        26.918626096278881     
   11392.411849999889        26.923783478269712     
   11392.515999999889        26.928267124017744     
   11392.620149999888        26.932138135109994     
   11392.724299999887        26.935457613133487     
   11392.828449999886        26.938286659675242     
   11392.932599999885        26.940685933832910     
   11393.036749999885        26.942682784538501     
   11393.140899999884        26.944248614250327     
   11393.245049999883        26.945349470496069     
   11393.349199999882        26.945951400803438     
   11393.453349999882        26.946020452700118     
   11393.557499999881        26.945522673713821     
   11393.661649999880        26.944424111372225     
   11393.765799999879        26.942690813203040     
   11393.869949999878        26.940288826733955     
   11393.974099999878        26.937184199492663     
   11394.078249999877        26.933342979006873     
   11394.182399999876        26.928731212804266     
   11394.286549999875        26.923314948412550     
   11394.390699999874        26.917060233359418     
   11394.494849999874        26.909933115172560     
   11394.598999999873        26.901899641379678     
   11394.703149999872        26.892931142893232     
   11394.807299999871        26.883040720313616     
   11394.911449999870        26.872261316452370     
   11395.015599999870        26.860625994411198     
   11395.119749999869        26.848199649649583     
   11395.223899999868        26.835195971865470     
   11395.328049999867        26.821872090428414     
   11395.432199999866        26.808485139913195     
   11395.536349999866        26.795292254894584     
   11395.640499999865        26.782550569947357     
   11395.744649999864        26.770486986673323     
   11395.848799999863        26.759100292378580     
   11395.952949999863        26.748285174948194     
   11396.057099999862        26.737948025815772     
   11396.161249999861        26.730505563274200     
   11396.265399999860        26.727769342176217     
   11396.369549999859        26.714795781409343     
   11396.473699999859        26.701025160501459     
   11396.577849999858        26.700135383000656     
   11396.681999999857        26.698592371736435     
   11396.786149999856        26.695321674675554     
   11396.890299999855        26.691044593142863     
   11396.994449999855        26.686482428463197     
   11397.098599999854        26.682356481961403     
   11397.202749999853        26.679399008268064     
   11397.306899999852        26.679581939700299     
   11397.411049999851        26.685508600408248     
   11397.515199999851        26.690219238403209     
   11397.619349999850        26.689165059152558     
   11397.723499999849        26.692791251922358     
   11397.827649999848        26.703379313552389     
   11397.931799999847        26.710041600312067     
   11398.035949999847        26.710981320896359     
   11398.140099999846        26.727370228289317     
   11398.244249999845        26.730241947620616     
   11398.348399999844        26.737073686896633     
   11398.452549999844        26.748277661451095     
   11398.556699999843        26.757776215735191     
   11398.660849999842        26.764293523787480     
   11398.764999999841        26.769940209857449     
   11398.869149999840        26.776801607717665     
   11398.973299999840        26.783255514300329     
   11399.077449999839        26.789425685816731     
   11399.181599999838        26.797372110096372     
   11399.285749999837        26.806230148087867     
   11399.389899999836        26.814171136325353     
   11399.494049999836        26.819365989671866     
   11399.598199999835        26.820633460925897     
   11399.702349999834        26.822238684134909     
   11399.806499999833        26.831166386272848     
   11399.910649999832        26.842823235293714     
   11400.014799999832        26.841399741401457     
   11400.118949999831        26.839142381696210     
   11400.223099999830        26.841033701588849     
   11400.327249999829        26.844979621229225     
   11400.431399999828        26.848728462473503     
   11400.535549999828        26.850086616138860     
   11400.639699999827        26.849741973696453     
   11400.743849999826        26.849517813911838     
   11400.847999999825        26.849537898031944     
   11400.952149999825        26.849904220455866     
   11401.056299999824        26.850718775582692     
   11401.160449999823        26.852083557811504     
   11401.264599999822        26.854100561541401     
   11401.368749999821        26.856871781171463     
   11401.472899999821        26.860498996767767     
   11401.577049999820        26.864924729920503     
   11401.681199999819        26.869650053669083     
   11401.785349999818        26.874104391622204     
   11401.889499999817        26.877738272887260     
   11401.993649999817        26.880008823987183     
   11402.097799999816        26.880398134300997     
   11402.201949999815        26.881371310625951     
   11402.306099999814        26.892124373392480     
   11402.410249999813        26.895371904746405     
   11402.514399999813        26.895870304203058     
   11402.618549999812        26.901918904596588     
   11402.722699999811        26.914080954530672     
   11402.826849999810        26.922786203031137     
   11402.930999999810        26.927817684074160     
   11403.035149999809        26.929914399436960     
   11403.139299999808        26.930036841119357     
   11403.243449999807        26.930264216034182     
   11403.347599999806        26.931482213002599     
   11403.451749999806        26.933469758356157     
   11403.555899999805        26.935984700006681     
   11403.660049999804        26.938784885865985     
   11403.764199999803        26.941628163845891     
   11403.868349999802        26.944272381858219     
   11403.972499999802        26.946475387814793     
   11404.076649999801        26.947995029627435     
   11404.180799999800        26.948589155207955     
   11404.284949999799        26.948015612468183     
   11404.389099999798        26.946032249319941     
   11404.493249999798        26.942396913675044     
   11404.597399999797        26.936867453445309     
   11404.701549999796        26.929202059021232     
   11404.805699999795        26.919735520245794     
   11404.909849999794        26.910558137323864     
   11405.013999999794        26.903397706245325     
   11405.118149999793        26.896562411099602     
   11405.222299999792        26.887311041669729     
   11405.326449999791        26.873080980715216     
   11405.430599999791        26.856951986735112     
   11405.534749999790        26.844656382079837     
   11405.638899999789        26.833622525074610     
   11405.743049999788        26.822217910188353     
   11405.847199999787        26.810539008699969     
   11405.951349999787        26.798733567703927     
   11406.055499999786        26.786949334294718     
   11406.159649999785        26.775334055566809     
   11406.263799999784        26.764035478614677     
   11406.367949999783        26.753197147256987     
   11406.472099999783        26.742907298296917     
   11406.576249999782        26.733215167462127     
   11406.680399999781        26.724169173646679     
   11406.784549999780        26.715817735744640     
   11406.888699999779        26.708209272650070     
   11406.992849999779        26.701392203257036     
   11407.096999999778        26.695414946459593     
   11407.201149999777        26.690325921151818     
   11407.305299999776        26.686173546227760     
   11407.409449999775        26.683006240581495     
   11407.513599999775        26.680872423107076     
   11407.617749999774        26.679823165469351     
   11407.721899999773        26.680160365200042     
   11407.826049999772        26.682337463191878     
   11407.930199999772        26.686060589431420     
   11408.034349999771        26.690907107621612     
   11408.138499999770        26.696454381465404     
   11408.242649999769        26.702283971316689     
   11408.346799999768        26.708150333262129     
   11408.450949999768        26.714038330806922     
   11408.555099999767        26.719948824597825     
   11408.659249999766        26.726819833427420     
   11408.763399999765        26.738519700284058     
   11408.867549999764        26.751027334950891     
   11408.971699999764        26.761842650765992     
   11409.075849999763        26.771150360474934     
   11409.179999999762        26.779137992055617     
   11409.284149999761        26.785993073485976     
   11409.388299999760        26.791903132743926     
   11409.492449999760        26.797055697807387     
   11409.596599999759        26.801638296654275     
   11409.700749999758        26.805838457262514     
   11409.804899999757        26.809843707610021     
