   31173.254000000001        26.750000000000000     
   31173.400130000002        26.767657799747177     
   31173.546260000003        26.785200058427154     
   31173.692390000004        26.802511234972737     
   31173.838520000005        26.819475788316730     
   31173.984650000006        26.835978177391929     
   31174.130780000007        26.851902563668059     
   31174.276910000008        26.866921279231253     
   31174.423040000009        26.880588522672781     
   31174.569170000010        26.892915963174111     
   31174.715300000011        26.903943460166087     
   31174.861430000012        26.913710873079545     
   31175.007560000013        26.922258061345332     
   31175.153690000014        26.929624884394297     
   31175.299820000015        26.935851201657282     
   31175.445950000016        26.940976872565138     
   31175.592080000017        26.945041756548697     
   31175.738210000018        26.948085713038815     
   31175.884340000019        26.950148601466324     
   31176.030470000020        26.951270281262076     
   31176.176600000021        26.951490611856922     
   31176.322730000022        26.950849452681695     
   31176.468860000023        26.949386663167246     
   31176.614990000024        26.947142102744415     
   31176.761120000025        26.944155630844051     
   31176.907250000026        26.940467106896993     
   31177.053380000027        26.936116390334089     
   31177.199510000028        26.931143340586186     
   31177.345640000029        26.925587817084125     
   31177.491770000030        26.919489598941382     
   31177.637900000031        26.912694864810355     
   31177.784030000032        26.904440700950946     
   31177.930160000033        26.893931675771839     
   31178.076290000034        26.881980862968817     
   31178.222420000035        26.870818361840477     
   31178.368550000036        26.862722743527538     
   31178.514680000037        26.859933940629084     
   31178.660810000038        26.857300581132687     
   31178.806940000039        26.845971751770680     
   31178.953070000040        26.828881877341253     
   31179.099200000041        26.809390890345483     
   31179.245330000042        26.790858723284444     
   31179.391460000043        26.776645308659205     
   31179.537590000044        26.770110578970836     
   31179.683720000045        26.764838699301951     
   31179.829850000046        26.745307583566294     
   31179.975980000047        26.723694804597816     
   31180.122110000048        26.710685460401468     
   31180.268240000049        26.702003787849371     
   31180.414370000050        26.679483680270447     
   31180.560500000051        26.668772413522834     
   31180.706630000052        26.657848816492521     
   31180.852760000053        26.644948209416903     
   31180.998890000054        26.630354440023748     
   31181.145020000055        26.614351356040814     
   31181.291150000055        26.597222805195855     
   31181.437280000056        26.579252635216640     
   31181.583410000057        26.560724693830934     
   31181.729540000058        26.541922828766484     
   31181.875670000059        26.523130887751055     
   31182.021800000060        26.504632718512411     
   31182.167930000061        26.486712168778304     
   31182.314060000062        26.469653086276502     
   31182.460190000063        26.453739318734762     
   31182.606320000064        26.439254713880842     
   31182.752450000065        26.426480639248819     
   31182.898580000066        26.415490943163569     
   31183.044710000067        26.405998562697391     
   31183.190840000068        26.397680299138912     
   31183.336970000069        26.390212953776764     
   31183.483100000070        26.383273327899595     
   31183.629230000071        26.376600039345714     
   31183.775360000072        26.371259252834378     
   31183.921490000073        26.369449819224563     
   31184.067620000074        26.371188579975772     
   31184.213750000075        26.374735673514735     
   31184.359880000076        26.378303850497943     
   31184.506010000077        26.380111000931262     
   31184.652140000078        26.380001187742408     
   31184.798270000079        26.382808927770288     
   31184.944400000080        26.397419940120709     
   31185.090530000081        26.414370486871398     
   31185.236660000082        26.419998332785202     
   31185.382790000083        26.421775556880348     
   31185.528920000084        26.426765642738360     
   31185.675050000085        26.434723926127997     
   31185.821180000086        26.445405742818011     
   31185.967310000087        26.458566428577164     
   31186.113440000088        26.473961319174194     
   31186.259570000089        26.491345750377882     
   31186.405700000090        26.510475057956960     
   31186.551830000091        26.531104577680196     
   31186.697960000092        26.552989645316337     
   31186.844090000093        26.575885596634148     
   31186.990220000094        26.599547767402374     
   31187.136350000095        26.623731493389776     
   31187.282480000096        26.648192110365112     
   31187.428610000097        26.672684954097132     
   31187.574740000098        26.696965360354593     
   31187.720870000099        26.720788664906248     
   31187.867000000100        26.743910203520855     
   31188.013130000101        26.766085311967167     
   31188.159260000102        26.787069326013942     
   31188.305390000103        26.806617581429933     
   31188.451520000104        26.824485413983897     
   31188.597650000105        26.840538107037339     
   31188.743780000106        26.855871683001983     
   31188.889910000107        26.870655967047529     
   31189.036040000108        26.883213343102650     
   31189.182170000109        26.893482884064376     
   31189.328300000110        26.901793660097645     
   31189.474430000111        26.908808352907350     
   31189.620560000112        26.915709772364412     
   31189.766690000113        26.922700195401742     
   31189.912820000114        26.929538228932891     
   31190.058950000115        26.935980994903218     
   31190.205080000116        26.941786503657777     
   31190.351210000117        26.946770614695456     
   31190.497340000118        26.950841569677308     
   31190.643470000119        26.953915883253952     
   31190.789600000120        26.955910070075994     
   31190.935730000121        26.956740644794049     
   31191.081860000122        26.956324122058732     
   31191.227990000123        26.954577016520659     
   31191.374120000124        26.951415842830436     
   31191.520250000125        26.946757115638682     
   31191.666380000126        26.940517349596014     
   31191.812510000127        26.932909739304328     
   31191.958640000128        26.925624286964833     
   31192.104770000129        26.920809618192397     
   31192.250900000130        26.919816672846142     
   31192.397030000131        26.916176939207062     
   31192.543160000132        26.908692148651255     
   31192.689290000133        26.898411740751037     
   31192.835420000134        26.886385155078713     
   31192.981550000135        26.873640681548061     
   31193.127680000136        26.860712022376216     
   31193.273810000137        26.847633724001156     
   31193.419940000138        26.834418269561620     
   31193.566070000139        26.821078142196349     
   31193.712200000140        26.807625825044084     
   31193.858330000141        26.794073801243560     
   31194.004460000142        26.780434553933517     
   31194.150590000143        26.766720566252697     
   31194.296720000144        26.752944321339839     
   31194.442850000145        26.739118302333686     
   31194.588980000146        26.725247557346631     
   31194.735110000147        26.710917722974401     
   31194.881240000148        26.695079247265227     
   31195.027370000149        26.676746157249202     
   31195.173500000150        26.656104770392254     
   31195.319630000151        26.634019335438531     
   31195.465760000152        26.611362348340933     
   31195.611890000153        26.589006305052362     
   31195.758020000154        26.567823701525725     
   31195.904150000155        26.548687033713925     
   31196.050280000156        26.532468797569866     
   31196.196410000157        26.520041489046449     
   31196.342540000158        26.512277604096582     
   31196.488670000159        26.510014228949633     
   31196.634800000160        26.506838724591027     
   31196.780930000161        26.497021680140861     
   31196.927060000162        26.482419332792546     
   31197.073190000163        26.464922668958913     
   31197.219320000164        26.446422675052816     
   31197.365450000165        26.428810232757716     
   31197.511580000166        26.413624329823499     
   31197.657710000167        26.401266919819573     
   31197.803840000168        26.391805178852209     
   31197.949970000169        26.384702449799899     
   31198.096100000170        26.379208336780369     
   31198.242230000171        26.374816782605453     
   31198.388360000172        26.371636164295133     
   31198.534490000173        26.369869734109834     
   31198.680620000174        26.369661206169638     
   31198.826750000175        26.370987251764184     
   31198.972880000176        26.373795465745808     
   31199.119010000177        26.378033442966824     
   31199.265140000178        26.383648778279568     
   31199.411270000179        26.390589066536357     
   31199.557400000180        26.398801902589518     
   31199.703530000181        26.408234881291371     
   31199.849660000182        26.418850765435685     
   31199.995790000183        26.430715608848246     
   31200.141920000184        26.443937116154583     
   31200.288050000185        26.458501588108597     
   31200.434180000186        26.474181848828152     
   31200.580310000187        26.490729082253271     
   31200.726440000188        26.507945744645880     
   31200.872570000189        26.525814509977618     
   31201.018700000190        26.544357626888090     
   31201.164830000191        26.563597344016898     
   31201.310960000192        26.583555910003657     
   31201.457090000193        26.604255573487961     
   31201.603220000194        26.625718583109428     
   31201.749350000195        26.647967187507653     
   31201.895480000196        26.671023635322243     
   31202.041610000197        26.694604324930232     
   31202.187740000198        26.714954933455218     
   31202.333870000199        26.731684026414417     
   31202.480000000200        26.747528871382023     
   31202.626130000201        26.763866747648294     
   31202.772260000202        26.780585858237480     
   31202.918390000203        26.797500881888972     
   31203.064520000204        26.814426497342172     
   31203.210650000205        26.831177383336456     
   31203.356780000206        26.847568218611219     
   31203.502910000207        26.863413681905847     
   31203.649040000208        26.878528451959731     
   31203.795170000209        26.892727207512266     
   31203.941300000210        26.905824627302831     
   31204.087430000211        26.917635390070824     
   31204.233560000212        26.927969744455421     
   31204.379690000213        26.936603457435620     
   31204.525820000214        26.943296132882985     
   31204.671950000215        26.947807281956589     
   31204.818080000216        26.949896415815505     
   31204.964210000217        26.949975354543565     
   31205.110340000218        26.950004963055839     
   31205.256470000219        26.950000659702418     
   31205.402600000220        26.950006239584155     
   31205.548730000221        26.949920308810725     
   31205.694860000222        26.949928255795164     
   31205.840990000223        26.950249444590320     
   31205.987120000224        26.949415519200610     
   31206.133250000225        26.946188835918552     
   31206.279380000226        26.940972222617305     
   31206.425510000226        26.934292239969508     
   31206.571640000227        26.926675448647806     
   31206.717770000228        26.918648409324842     
   31206.863900000229        26.910737682673261     
   31207.010030000230        26.903349064007646     
   31207.156160000231        26.896242112136363     
   31207.302290000232        26.888961122265520     
   31207.448420000233        26.881050242511677     
   31207.594550000234        26.872053620991394     
   31207.740680000235        26.861581355496696     
   31207.886810000236        26.849744278606373     
   31208.032940000237        26.836882976168070     
   31208.179070000238        26.823339236846838     
   31208.325200000239        26.809454849307716     
   31208.471330000240        26.795571602215738     
   31208.617460000241        26.782031284235948     
   31208.763590000242        26.769175684033392     
   31208.909720000243        26.757346590273112     
   31209.055850000244        26.746868768724894     
   31209.201980000245        26.736885441213708     
   31209.348110000246        26.724609870211822     
   31209.494240000247        26.707077220466374     
   31209.640370000248        26.681895631774406     
   31209.786500000249        26.667147922150058     
   31209.932630000250        26.651777553150392     
   31210.078760000251        26.634478408812054     
   31210.224890000252        26.616492758720874     
   31210.371020000253        26.598123592791204     
   31210.517150000254        26.579673088483069     
   31210.663280000255        26.561443423256510     
   31210.809410000256        26.543732246258305     
   31210.955540000257        26.526814145600504     
   31211.101670000258        26.510926821224515     
   31211.247800000259        26.495829897791147     
   31211.393930000260        26.481122735979675     
   31211.540060000261        26.466806256059193     
   31211.686190000262        26.452924355643479     
   31211.832320000263        26.439520933782177     
   31211.978450000264        26.426673010924805     
   31212.124580000265        26.414576404601391     
   31212.270710000266        26.403453556546705     
   31212.416840000267        26.393526908495506     
   31212.562970000268        26.385018902182559     
   31212.709100000269        26.378151979342629     
   31212.855230000270        26.373148581710485     
   31213.001360000271        26.370231151020882     
   31213.147490000272        26.369451661090316     
   31213.293620000273        26.369815333430289     
   31213.439750000274        26.369974786312447     
   31213.585880000275        26.370723056489474     
   31213.732010000276        26.373729195724646     
   31213.878140000277        26.378885314717376     
   31214.024270000278        26.386037908187774     
   31214.170400000279        26.395033470855942     
   31214.316530000280        26.405718497441995     
   31214.462660000281        26.417939482666036     
   31214.608790000282        26.431542921248163     
   31214.754920000283        26.446375307908497     
   31214.901050000284        26.462283137367130     
   31215.047180000285        26.479112904344177     
   31215.193310000286        26.496711103559747     
   31215.339440000287        26.514924229733939     
   31215.485570000288        26.533598777586860     
   31215.631700000289        26.552581241838624     
   31215.777830000290        26.571718117209329     
   31215.923960000291        26.590863848695129     
   31216.070090000292        26.610008495189810     
   31216.216220000293        26.629255744010123     
   31216.362350000294        26.648712792484826     
   31216.508480000295        26.668486837942645     
   31216.654610000296        26.688685077712311     
   31216.800740000297        26.709355545158910     
   31216.946870000298        26.730259170856499     
   31217.093000000299        26.751069919931776     
   31217.239130000300        26.771461738352691     
   31217.385260000301        26.791108572087193     
   31217.531390000302        26.809692572431818     
   31217.677520000303        26.827060762054135     
   31217.823650000304        26.843212781408127     
   31217.969780000305        26.858154020976439     
   31218.115910000306        26.871889871241724     
   31218.262040000307        26.884425722686640     
   31218.408170000308        26.895766965793840     
   31218.554300000309        26.905918991045969     
   31218.700430000310        26.914887188925690     
   31218.846560000311        26.922676949915640     
   31218.992690000312        26.929293664498495     
   31219.138820000313        26.934842348998277     
   31219.284950000314        26.939998202964677     
   31219.431080000315        26.945256829192715     
   31219.577210000316        26.949584109058922     
   31219.723340000317        26.951805421188173     
   31219.869470000318        26.952177292878758     
   31220.015600000319        26.951479667285458     
   31220.161730000320        26.950493266288003     
   31220.307860000321        26.949998758183192     
   31220.453990000322        26.950374089439379     
   31220.600120000323        26.950625696669668     
   31220.746250000324        26.949468312363038     
   31220.892380000325        26.945616669008452     
   31221.038510000326        26.937801466851802     
   31221.184640000327        26.927126270973943     
   31221.330770000328        26.917322942338973     
   31221.476900000329        26.908517830064799     
   31221.623030000330        26.900386833340526     
   31221.769160000331        26.892605851355263     
   31221.915290000332        26.884850783298113     
   31222.061420000333        26.876797528358185     
   31222.207550000334        26.868121985724599     
   31222.353680000335        26.858501820327071     
   31222.499810000336        26.848422711357344     
   31222.645940000337        26.839111648666979     
   31222.792070000338        26.828771545625077     
   31222.938200000339        26.815094237546880     
   31223.084330000340        26.796934820325816     
   31223.230460000341        26.780288453503040     
   31223.376590000342        26.766026263373700     
   31223.522720000343        26.753262586151415     
   31223.668850000344        26.741111758049797     
   31223.814980000345        26.728688287367007     
   31223.961110000346        26.715320072965120     
   31224.107240000347        26.700964433802437     
   31224.253370000348        26.685694318553967     
   31224.399500000349        26.669596725860689     
   31224.545630000350        26.652784051731121     
   31224.691760000351        26.635371362655238     
   31224.837890000352        26.617473725122998     
   31224.984020000353        26.599206205624377     
   31225.130150000354        26.580683870649345     
   31225.276280000355        26.562021786687872     
   31225.422410000356        26.543335020229925     
   31225.568540000357        26.524738637765473     
   31225.714670000358        26.506383601607073     
   31225.860800000359        26.488740005349594     
   31226.006930000360        26.472445147232303     
   31226.153060000361        26.458137795835952     
   31226.299190000362        26.446456719741292     
   31226.445320000363        26.438019811705104     
   31226.591450000364        26.431464184905455     
   31226.737580000365        26.421843069995198     
   31226.883710000366        26.404304118199654     
   31227.029840000367        26.399144356476860     
   31227.175970000368        26.390822048986081     
   31227.322100000369        26.380120132627869     
   31227.468230000370        26.373363336210129     
   31227.614360000371        26.370534992402852     
   31227.760490000372        26.369970037284542     
