   8477.0370000000003        26.699999999999999     
   8477.1193500000008        26.668600884175991     
   8477.2017000000014        26.636944789352732     
   8477.2840500000020        26.601647279008624     
   8477.3664000000026        26.577651916474245     
   8477.4487500000032        26.564006490288467     
   8477.5311000000038        26.559674360012263     
   8477.6134500000044        26.560568642081400     
   8477.6958000000050        26.561998637118531     
   8477.7781500000056        26.564195935144767     
   8477.8605000000061        26.567644709250054     
   8477.9428500000067        26.572829132524323     
   8478.0252000000073        26.580233378057514     
   8478.1075500000079        26.590341618939565     
   8478.1899000000085        26.603638028260413     
   8478.2722500000091        26.620606779110002     
   8478.3546000000097        26.641667386493069     
   8478.4369500000103        26.665939314439797     
   8478.5193000000108        26.691338128864601     
   8478.6016500000114        26.715734003768382     
   8478.6840000000120        26.737100837095433     
   8478.7663500000126        26.757788454621444     
   8478.8487000000132        26.781461432641208     
   8478.9310500000138        26.809117599615671     
   8479.0134000000144        26.839298137816161     
   8479.0957500000150        26.870028011391224     
   8479.1781000000155        26.899332184489381     
   8479.2604500000161        26.925235621259176     
   8479.3428000000167        26.945763285849139     
   8479.4251500000173        26.958940142407805     
   8479.5075000000179        26.962791155083703     
   8479.5898500000185        26.957148367900423     
   8479.6722000000191        26.993151788296640     
   8479.7545500000197        27.030400691667399     
   8479.8369000000203        27.043998946941063     
   8479.9192500000208        27.043920055221822     
   8480.0016000000214        27.040137517613864     
   8480.0839500000220        27.041140592745418     
   8480.1663000000226        27.048187312279953     
   8480.2486500000232        27.060336758011132     
   8480.3310000000238        27.076647498800067     
   8480.4133500000244        27.096178103507874     
   8480.4957000000250        27.117987140995670     
   8480.5780500000255        27.141133180124562     
   8480.6604000000261        27.164676102378202     
   8480.7427500000267        27.187957101425191     
   8480.8251000000273        27.210946513217468     
   8480.9074500000279        27.233700033373282     
   8480.9898000000285        27.256273357510871     
   8481.0721500000291        27.278722181248469     
   8481.1545000000297        27.301102200204319     
   8481.2368500000302        27.323469109996665     
   8481.3192000000308        27.345878606243751     
   8481.4015500000314        27.368386384563809     
   8481.4839000000320        27.391048140575087     
   8481.5662500000326        27.413919569895821     
   8481.6486000000332        27.437056368144251     
   8481.7309500000338        27.460507488012826     
   8481.8133000000344        27.484282348978965     
   8481.8956500000349        27.508376007633522     
   8481.9780000000355        27.532743455549287     
   8482.0603500000361        27.556507861716440     
   8482.1427000000367        27.578231166663265     
   8482.2250500000373        27.597873199374341     
   8482.3074000000379        27.615955264495032     
   8482.3897500000385        27.632998737141030     
   8482.4721000000391        27.649168369388804     
   8482.5544500000397        27.663786340559131     
   8482.6368000000402        27.676179979667968     
   8482.7191500000408        27.685908832444909     
   8482.8015000000414        27.692557167058101     
   8482.8838500000420        27.695709251675680     
   8482.9662000000426        27.694949354465777     
   8483.0485500000432        27.689861746606024     
   8483.1309000000438        27.680507977996029     
   8483.2132500000444        27.668753942245480     
   8483.2956000000449        27.656891848564378     
   8483.3779500000455        27.646782049672851     
   8483.4603000000461        27.620425580632968     
   8483.5426500000467        27.607065744962952     
   8483.6250000000473        27.575943844279767     
   8483.7073500000479        27.541929551428723     
   8483.7897000000485        27.512975211755609     
   8483.8720500000491        27.477482143724636     
   8483.9544000000496        27.436953800296980     
   8484.0367500000502        27.394279805584731     
   8484.1191000000508        27.350138370991665     
   8484.2014500000514        27.304309466956262     
   8484.2838000000520        27.256570524066934     
   8484.3661500000526        27.206865425447738     
   8484.4485000000532        27.155677615082190     
   8484.5308500000538        27.103599669469617     
   8484.6132000000543        27.051224165109367     
   8484.6955500000549        26.999143678500765     
   8484.7779000000555        26.947950786143146     
   8484.8602500000561        26.898238064535850     
   8484.9426000000567        26.850598090178213     
   8485.0249500000573        26.805623439569565     
   8485.1073000000579        26.763906689209239     
   8485.1896500000585        26.726040415596579     
   8485.2720000000591        26.692617195230913     
   8485.3543500000596        26.663832869208854     
   8485.4367000000602        26.637833195407701     
   8485.5190500000608        26.612103696424885     
   8485.6014000000614        26.584221417698316     
   8485.6837500000620        26.569144209994604     
   8485.7661000000626        26.570565922933206     
   8485.8484500000632        26.566843157361951     
   8485.9308000000638        26.560220524370745     
   8486.0131500000643        26.553295446252065     
   8486.0955000000649        26.548640873602206     
   8486.1778500000655        26.547772246061712     
   8486.2602000000661        26.550766470793036     
   8486.3425500000667        26.557597509953769     
   8486.4249000000673        26.568239325701519     
   8486.5072500000679        26.582665880193865     
   8486.5896000000685        26.600851135588407     
   8486.6719500000690        26.622769054042745     
   8486.7543000000696        26.648393597714474     
   8486.8366500000702        26.677698728761186     
   8486.9190000000708        26.710658409340471     
   8487.0013500000714        26.747246601609934     
   8487.0837000000720        26.787379022044334     
   8487.1660500000726        26.823157601141094     
   8487.2484000000732        26.849806973392749     
   8487.3307500000737        26.869691623346615     
   8487.4131000000743        26.885178871742568     
   8487.4954500000749        26.898636039320486     
   8487.5778000000755        26.912430446820245     
   8487.6601500000761        26.928812707067621     
   8487.7425000000767        26.947492695384192     
   8487.8248500000773        26.965736874303104     
   8487.9072000000779        26.981978900325913     
   8487.9895500000785        26.996657190543559     
   8488.0719000000790        27.010387215462384     
   8488.1542500000796        27.023782165739206     
   8488.2366000000802        27.037250737748188     
   8488.3189500000808        27.050838021371948     
   8488.4013000000814        27.064551660983220     
   8488.4836500000820        27.078399300954732     
   8488.5660000000826        27.092390073999894     
   8488.6483500000832        27.107012306518552     
   8488.7307000000837        27.123911614973451     
   8488.8130500000843        27.143798709964241     
   8488.8954000000849        27.165017524469732     
   8488.9777500000855        27.186234079459169     
   8489.0601000000861        27.207383144701453     
   8489.1424500000867        27.228552401075348     
   8489.2248000000873        27.249829529459618     
   8489.3071500000879        27.271302210733019     
   8489.3895000000884        27.293058125774316     
   8489.4718500000890        27.315184955462268     
   8489.5542000000896        27.337770380675629     
   8489.6365500000902        27.360898445785846     
   8489.7189000000908        27.384555567706691     
   8489.8012500000914        27.408622067990574     
   8489.8836000000920        27.432972934427760     
   8489.9659500000926        27.457483154808511     
   8490.0483000000931        27.482027716923085     
   8490.1306500000937        27.506481608561735     
   8490.2130000000943        27.530719817514722     
   8490.2953500000949        27.554617331572310     
   8490.3777000000955        27.578049138524751     
   8490.4600500000961        27.600890226162313     
   8490.5424000000967        27.623013483241365     
   8490.6247500000973        27.643132797277136     
   8490.7071000000979        27.656881866623717     
   8490.7894500000984        27.660013602489883     
   8490.8718000000990        27.662458879551679     
   8490.9541500000996        27.669083956229770     
   8491.0365000001002        27.677480456539620     
   8491.1188500001008        27.685238751754433     
   8491.2012000001014        27.689949213147443     
   8491.2835500001020        27.689641373069243     
   8491.3659000001026        27.684220492735303     
   8491.4482500001031        27.674092527563836     
   8491.5306000001037        27.659663437873608     
   8491.6129500001043        27.641339183983394     
   8491.6953000001049        27.619525726211961     
   8491.7776500001055        27.594629024878081     
   8491.8600000001061        27.567055040300517     
   8491.9423500001067        27.537011052574023     
   8492.0247000001073        27.503015638770666     
   8492.1070500001078        27.462974236466035     
   8492.1894000001084        27.417676467980431     
   8492.2717500001090        27.369829008269257     
   8492.3541000001096        27.322172905558574     
   8492.4364500001102        27.277449208074451     
   8492.5188000001108        27.238398964042943     
   8492.6011500001114        27.198546444325576     
   8492.6835000001120        27.139647128008022     
   8492.7658500001126        27.086860012133940     
   8492.8482000001131        27.037517751095216     
   8492.9305500001137        26.986522773544525     
   8493.0129000001143        26.935475252136818     
   8493.0952500001149        26.888152873879129     
   8493.1776000001155        26.845441888972417     
   8493.2599500001161        26.806677729479489     
   8493.3423000001167        26.771194268500736     
   8493.4246500001173        26.738325379136576     
   8493.5070000001178        26.707404934487393     
   8493.5893500001184        26.677766807653597     
   8493.6717000001190        26.648744871735591     
   8493.7540500001196        26.619672999833767     
   8493.8364000001202        26.589885065048538     
   8493.9187500001208        26.562899156485138     
   8494.0011000001214        26.561091405896256     
   8494.0834500001220        26.547301389923305     
   8494.1658000001225        26.544619414084579     
   8494.2481500001231        26.549531022404189     
   8494.3305000001237        26.551570285722622     
   8494.4128500001243        26.566051884946191     
   8494.4952000001249        26.583903369013068     
   8494.5775500001255        26.590674311260084     
   8494.6599000001261        26.647342958088490     
   8494.7422500001267        26.664983940847065     
   8494.8246000001272        26.662186020975664     
   8494.9069500001278        26.658801119896342     
   8494.9893000001284        26.662949441818196     
   8495.0716500001290        26.673874666035388     
   8495.1540000001296        26.690600889323491     
   8495.2363500001302        26.712152208458079     
   8495.3187000001308        26.737552720214723     
   8495.4010500001314        26.765826521369007     
   8495.4834000001320        26.795997708696493     
   8495.5657500001325        26.827090378972763     
   8495.6481000001331        26.858128628973390     
   8495.7304500001337        26.888136555473949     
   8495.8128000001343        26.916138255250011     
   8495.8951500001349        26.941100493786237     
   8495.9775000001355        26.960412731673237     
   8496.0598500001361        26.969728433403596     
   8496.1422000001367        26.979893060434563     
   8496.2245500001372        27.006043424108171     
   8496.3069000001378        27.022870466309772     
   8496.3892500001384        27.029601522778240     
   8496.4716000001390        27.031387701787821     
   8496.5539500001396        27.040362520748381     
   8496.6363000001402        27.055772903602801     
   8496.7186500001408        27.075415809163871     
   8496.8010000001414        27.097088196244400     
   8496.8833500001419        27.118587023657174     
   8496.9657000001425        27.136106292995727     
   8497.0480500001431        27.143434917141011     
   8497.1304000001437        27.171416876330870     
   8497.2127500001443        27.190344247854195     
   8497.2951000001449        27.207729335629580     
   8497.3774500001455        27.226838606866938     
   8497.4598000001461        27.246784484041612     
   8497.5421500001466        27.266873401694568     
   8497.6245000001472        27.287676027564814     
   8497.7068500001478        27.310269483202546     
   8497.7892000001484        27.335732239661290     
   8497.8715500001490        27.365142767994570     
   8497.9539000001496        27.398361939722854     
   8498.0362500001502        27.429221193272131     
   8498.1186000001508        27.456355760713272     
   8498.2009500001514        27.480661195196163     
   8498.2833000001519        27.503033291824202     
   8498.3656500001525        27.524367845700766     
   8498.4480000001531        27.545560651929250     
   8498.5303500001537        27.567123745555847     
   8498.6127000001543        27.587814211173843     
   8498.6950500001549        27.607151165277703     
   8498.7774000001555        27.625005998100839     
   8498.8597500001561        27.641263202641685     
   8498.9421000001566        27.655804890798883     
   8499.0244500001572        27.668427871668765     
   8499.1068000001578        27.678822170407933     
   8499.1891500001584        27.686671066793267     
   8499.2715000001590        27.691657840601650     
   8499.3538500001596        27.693465771609976     
   8499.4362000001602        27.691778139595122     
   8499.5185500001608        27.686318846510719     
   8499.6009000001613        27.677445491399641     
   8499.6832500001619        27.666017073260949     
   8499.7656000001625        27.652906298193628     
