   37609.228000000003        24.350000000000001     
   37609.328920000000        24.375237176607179     
   37609.429839999997        24.400201910327297     
   37609.530759999994        24.425768292822902     
   37609.631679999991        24.459185019401360     
   37609.732599999988        24.496124958330945     
   37609.833519999986        24.529252335141006     
   37609.934439999983        24.551238210544138     
   37610.035359999980        24.569595871770947     
   37610.136279999977        24.619987498957414     
   37610.237199999974        24.652842199080919     
   37610.338119999971        24.695679598486873     
   37610.439039999968        24.733047084010074     
   37610.539959999966        24.766379582073910     
   37610.640879999963        24.797112019101750     
   37610.741799999960        24.826679321516984     
   37610.842719999957        24.856512955406796     
   37610.943639999954        24.887435303920878     
   37611.044559999951        24.918966387037649     
   37611.145479999948        24.950458455045009     
   37611.246399999945        24.981376043454233     
   37611.347319999943        25.011613501821536     
   37611.448239999940        25.041168007689272     
   37611.549159999937        25.070036738599818     
   37611.650079999934        25.098216872095534     
   37611.750999999931        25.125705585718787     
   37611.851919999928        25.152473980434291     
   37611.952839999925        25.178324164401012     
   37612.053759999922        25.202990884198464     
   37612.154679999920        25.226212447359952     
   37612.255599999917        25.248086811508880     
   37612.356519999914        25.269365573614749     
   37612.457439999911        25.290869526503904     
   37612.558359999908        25.313419463002688     
   37612.659279999905        25.337836175937447     
   37612.760199999902        25.364849442139850     
   37612.861119999900        25.393419452078071     
   37612.962039999897        25.420899938333001     
   37613.062959999894        25.444586338880072     
   37613.163879999891        25.461774091694732     
   37613.264799999888        25.469758634752417     
   37613.365719999885        25.472062490732579     
   37613.466639999882        25.492352892741586     
   37613.567559999879        25.509954218773366     
   37613.668479999877        25.519567208127892     
   37613.769399999874        25.534507258682900     
   37613.870319999871        25.539892274976054     
   37613.971239999868        25.538976357013439     
   37614.072159999865        25.537243142733931     
   37614.173079999862        25.534640156782405     
   37614.273999999859        25.531114923803706     
   37614.374919999857        25.526614968442715     
   37614.475839999854        25.521087815344284     
   37614.576759999851        25.514480989153274     
   37614.677679999848        25.506742014514547     
   37614.778599999845        25.497818416072970     
   37614.879519999842        25.487657718473400     
   37614.980439999839        25.476207446360700     
   37615.081359999836        25.463415124379729     
   37615.182279999834        25.449228277175358     
   37615.283199999831        25.433594429392439     
   37615.384119999828        25.416461105675836     
   37615.485039999825        25.397775830670415     
   37615.585959999822        25.377486129021033     
   37615.686879999819        25.355539525372556     
   37615.787799999816        25.331658292411728     
   37615.888719999813        25.298541098513233     
   37615.989639999811        25.258760334886233     
   37616.090559999808        25.222285368760037     
   37616.191479999805        25.185190259379148     
   37616.292399999802        25.170012318747400     
   37616.393319999799        25.155005908338889     
   37616.494239999796        25.124353399244143     
   37616.595159999793        25.080987014795348     
   37616.696079999791        25.027838978324667     
   37616.796999999788        24.967841513164274     
   37616.897919999785        24.903926842646346     
   37616.998839999782        24.839027190103057     
   37617.099759999779        24.776074778866573     
   37617.200679999776        24.718001794471405     
   37617.301599999773        24.666872579710574     
   37617.402519999770        24.621639315938282     
   37617.503439999768        24.580556825377592     
   37617.604359999765        24.541879930251532     
   37617.705279999762        24.503863452783165     
   37617.806199999759        24.464767441843019     
   37617.907119999756        24.426208472586886     
   37618.008039999753        24.398304275938216     
   37618.108959999750        24.377516462714080     
   37618.209879999747        24.351810255700503     
   37618.310799999745        24.329122750385615     
   37618.411719999742        24.313770475845104     
   37618.512639999739        24.303091581913158     
   37618.613559999736        24.294475591528290     
   37618.714479999733        24.289163171188921     
   37618.815399999730        24.290917929219397     
   37618.916319999727        24.300137103105659     
   37619.017239999725        24.308790341290042     
   37619.118159999722        24.310288370627411     
   37619.219079999719        24.315615616054767     
   37619.319999999716        24.327174491826788     
   37619.420919999713        24.344329893025947     
   37619.521839999710        24.366446714734700     
   37619.622759999707        24.392889852035520     
   37619.723679999704        24.423024200010872     
   37619.824599999702        24.456214653743228     
   37619.925519999699        24.491826108315045     
   37620.026439999696        24.529223458808801     
   37620.127359999693        24.567771600306948     
   37620.228279999690        24.606835427891962     
   37620.329199999687        24.645779836646309     
   37620.430119999684        24.683969721652453     
   37620.531039999682        24.720769977992862     
   37620.631959999679        24.755599992390888     
   37620.732879999676        24.789341925297631     
   37620.833799999673        24.823001654010206     
   37620.934719999670        24.856333496259111     
   37621.035639999667        24.889051532670649     
   37621.136559999664        24.920899162463002     
   37621.237479999661        24.951969591301349     
   37621.338399999659        24.982586043907986     
   37621.439319999656        25.013075778324954     
   37621.540239999653        25.043766052594297     
   37621.641159999650        25.074860608319486     
   37621.742079999647        25.103393522654969     
   37621.842999999644        25.123130622909045     
   37621.943919999641        25.143706712449781     
   37622.044839999638        25.174970998828172     
   37622.145759999636        25.199138396750428     
   37622.246679999633        25.218613583675747     
   37622.347599999630        25.249334828319423     
   37622.448519999627        25.276169500762897     
   37622.549439999624        25.299194535248176     
   37622.650359999621        25.321255124884448     
   37622.751279999618        25.343157082039134     
   37622.852199999616        25.363713736379356     
   37622.953119999613        25.381655371677592     
   37623.054039999610        25.395880772842233     
   37623.154959999607        25.410349401166172     
   37623.255879999604        25.434843156649315     
   37623.356799999601        25.465404746106540     
   37623.457719999598        25.476422598019088     
   37623.558639999595        25.492585116410691     
   37623.659559999593        25.510433922539825     
   37623.760479999590        25.526010549413012     
   37623.861399999587        25.538769840246381     
   37623.962319999584        25.548957414601112     
   37624.063239999581        25.556818892038397     
   37624.164159999578        25.562599892119419     
   37624.265079999575        25.566546034405363     
   37624.365999999573        25.568902938457420     
   37624.466919999570        25.569916223836767     
   37624.567839999567        25.570069569072082     
   37624.668759999564        25.569243114958525     
   37624.769679999561        25.564804529853674     
   37624.870599999558        25.556882993093581     
   37624.971519999555        25.545816346125854     
   37625.072439999552        25.531942430398118     
   37625.173359999550        25.515599087357987     
   37625.274279999547        25.497124158453076     
   37625.375199999544        25.476855485130997     
   37625.476119999541        25.455117546090051     
   37625.577039999538        25.429988527299852     
   37625.677959999535        25.398054528876127     
   37625.778879999532        25.365686450607164     
   37625.879799999529        25.333686182858528     
   37625.980719999527        25.301009273480989     
   37626.081639999524        25.266611460844555     
   37626.182559999521        25.229735131244041     
   37626.283479999518        25.190485653973141     
   37626.384399999515        25.149130144751808     
   37626.485319999512        25.105935719300010     
   37626.586239999509        25.061169493337708     
   37626.687159999507        25.015098582584869     
   37626.788079999504        24.967990102761455     
   37626.888999999501        24.920111169587422     
   37626.989919999498        24.871728898782742     
   37627.090839999495        24.823110406067372     
   37627.191759999492        24.774522807161276     
   37627.292679999489        24.726233217784419     
   37627.393599999486        24.678508753656764     
   37627.494519999484        24.631616530498270     
   37627.595439999481        24.585823664028904     
   37627.696359999478        24.541522856992380     
   37627.797279999475        24.500599498453472     
   37627.898199999472        24.464229982902520     
   37627.999119999469        24.431784520170762     
   37628.100039999466        24.402885853548590     
   37628.200959999464        24.378584248344342     
   37628.301879999461        24.356274925632693     
   37628.402799999458        24.331476773439881     
   37628.503719999455        24.320019350630972     
   37628.604639999452        24.308367081302819     
   37628.705559999449        24.291852758350124     
   37628.806479999446        24.285185721432246     
   37628.907399999443        24.286937388821684     
   37629.008319999441        24.295153085750972     
   37629.109239999438        24.307878137452644     
   37629.210159999435        24.319761137501523     
   37629.311079999432        24.324911237811087     
   37629.411999999429        24.343937113754180     
   37629.512919999426        24.369173960888592     
   37629.613839999423        24.395392661295368     
   37629.714759999420        24.422578511897086     
   37629.815679999418        24.451121730089127     
   37629.916599999415        24.481074511514962     
   37630.017519999412        24.512030162477863     
   37630.118439999409        24.543549246364936     
   37630.219359999406        24.575314905616985     
   37630.320279999403        24.607927135148657     
   37630.421199999400        24.642401176802387     
   37630.522119999398        24.679754325311446     
   37630.623039999395        24.720597506792096     
   37630.723959999392        24.756152608419583     
   37630.824879999389        24.792202108939797     
   37630.925799999386        24.832150417470128     
   37631.026719999383        24.844601832627625     
   37631.127639999380        24.879872187112458     
   37631.228559999377        24.924782653590793     
   37631.329479999375        24.965138468948705     
   37631.430399999372        25.000869013913913     
   37631.531319999369        25.032357425679432     
   37631.632239999366        25.059986841438278     
   37631.733159999363        25.084140398383461     
   37631.834079999360        25.105201233708005     
   37631.934999999357        25.123552484604918     
   37632.035919999355        25.139864482884430     
   37632.136839999352        25.158882343749617     
   37632.237759999349        25.188377919602612     
   37632.338679999346        25.231082681027637     
   37632.439599999343        25.264222402878584     
   37632.540519999340        25.286695191928089     
   37632.641439999337        25.302772650002925     
   37632.742359999334        25.316726378929864     
   37632.843279999332        25.332443470689658     
   37632.944199999329        25.350736209792451     
   37633.045119999326        25.370941960821092     
   37633.146039999323        25.392388786187158     
   37633.246959999320        25.414404748302228     
   37633.347879999317        25.436317909577880     
   37633.448799999314        25.457456332425696     
   37633.549719999311        25.477153211057175     
   37633.650639999309        25.494976024750525     
   37633.751559999306        25.510818406533708     
   37633.852479999303        25.524598127693391     
   37633.953399999300        25.536244022354378     
   37634.054319999297        25.545880767157826     
   37634.155239999294        25.553800979854294     
   37634.256159999291        25.560302699184813     
   37634.357079999289        25.565508444940413     
   37634.457999999286        25.568938243193216     
   37634.558919999283        25.569983004285106     
   37634.659839999280        25.568254815691365     
   37634.760759999277        25.564086679046561     
   37634.861679999274        25.557954084696036     
   37634.962599999271        25.550021725897683     
   37635.063519999268        25.539933128814674     
   37635.164439999266        25.527282040018157     
   37635.265359999263        25.511662206079286     
   37635.366279999260        25.493053204959594     
   37635.467199999257        25.472335977411905     
   37635.568119999254        25.444040676584823     
   37635.669039999251        25.408285310858062     
   37635.769959999248        25.373349910310516     
   37635.870879999246        25.347842867807348     
   37635.971799999243        25.339714852397680     
   37636.072719999240        25.323275011114774     
   37636.173639999237        25.285893083327476     
   37636.274559999234        25.233625256364952     
   37636.375479999231        25.172690569227125     
   37636.476399999228        25.110644615595838     
   37636.577319999225        25.055698340752002     
   37636.678239999223        25.016067199142949     
   37636.779159999220        24.999966645215981     
   37636.880079999217        24.964453683475998     
   37636.980999999214        24.909236615206865     
   37637.081919999211        24.863147490035296     
   37637.182839999208        24.808350689807067     
   37637.283759999205        24.746632064095344     
   37637.384679999202        24.697309685809905     
   37637.485599999200        24.679980562138645     
   37637.586519999197        24.658377558958676     
   37637.687439999194        24.609031458905875     
   37637.788359999191        24.550358457173097     
   37637.889279999188        24.500697004191615     
   37637.990199999185        24.465858484305986     
   37638.091119999182        24.434799142629313     
   37638.192039999180        24.405325120720867     
   37638.292959999177        24.376155516068593     
   37638.393879999174        24.349992900113342     
   37638.494799999171        24.328997471487639     
   37638.595719999168        24.312956358715859     
   37638.696639999165        24.301641264983594     
   37638.797559999162        24.294823893476455     
   37638.898479999159        24.292275947380048     
   37638.999399999157        24.293769129879966     
   37639.100319999154        24.299075144161819     
   37639.201239999151        24.307965081767442     
   37639.302159999148        24.320206455356995     
   37639.403079999145        24.335565479770537     
   37639.503999999142        24.353808368033203     
   37639.604919999139        24.374701333170144     
   37639.705839999137        24.398010588206489     
   37639.806759999134        24.423502346167389     
   37639.907679999131        24.450942820077973     
   37640.008599999128        24.480098222963385     
   37640.109519999125        24.510734767848760     
   37640.210439999122        24.542618667759250     
   37640.311359999119        24.575516135719980     
   37640.412279999116        24.609193384756097     
   37640.513199999114        24.643416627892741     
   37640.614119999111        24.677952078155048     
   37640.715039999108        24.712565948568162     
   37640.815959999105        24.747046136408137     
   37640.916879999102        24.781691044175417     
   37641.017799999099        24.817012681613207     
   37641.118719999096        24.852495382799283     
   37641.219639999093        24.887396324060347     
   37641.320559999091        24.920978294129295     
   37641.421479999088        24.952842756127609     
   37641.522399999085        24.983117231255669     
   37641.623319999082        25.011974623330111     
   37641.724239999079        25.039587836167570     
   37641.825159999076        25.066129773584677     
   37641.926079999073        25.091773149074633     
   37642.026999999071        25.116015877418032     
   37642.127919999068        25.137546687496627     
   37642.228839999065        25.164130125902894     
   37642.329759999062        25.199201175653251     
   37642.430679999059        25.216659858231800     
   37642.531599999056        25.242669847223311     
   37642.632519999053        25.271457437894611     
   37642.733439999050        25.293287884747460     
   37642.834359999048        25.311019234132587     
   37642.935279999045        25.332988868061364     
   37643.036199999042        25.358031582017045     
   37643.137119999039        25.382925652840044     
   37643.238039999036        25.404462380609544     
   37643.338959999033        25.421409198355377     
   37643.439879999030        25.436560875977992     
   37643.540799999028        25.451703380901353     
   37643.641719999025        25.466830228443378     
   37643.742639999022        25.481830948131577     
   37643.843559999019        25.496595069493459     
   37643.944479999016        25.511012122056538     
   37644.045399999013        25.524971635348312     
   37644.146319999010        25.538363138896297     
   37644.247239999007        25.550209715397223     
   37644.348159999005        25.556244733803801     
   37644.449079999002        25.557025357822305     
   37644.549999998999        25.554664433121808     
   37644.650919998996        25.551274805371392     
   37644.751839998993        25.548969320240126     
   37644.852759998990        25.549860823397093     
   37644.953679998987        25.556062160511367     
   37645.054599998984        25.542045227236699     
   37645.155519998982        25.519251289085922     
   37645.256439998979        25.520453637573418     
   37645.357359998976        25.518097909559756     
   37645.458279998973        25.497731558577428     
   37645.559199998970        25.474249080412537     
   37645.660119998967        25.451643074656193     
   37645.761039998964        25.425780234104579     
   37645.861959998962        25.398584721009193     
   37645.962879998959        25.373714099558608     
   37646.063799998956        25.343565344505073     
   37646.164719998953        25.305240786477931     
   37646.265639998950        25.265642923978721     
   37646.366559998947        25.226460515838383     
