   63293.089000000000        26.609999999999999     
   63293.211430000003        26.635506496845146     
   63293.333860000006        26.660588752551483     
   63293.456290000009        26.684822525980202     
   63293.578720000012        26.707783575992497     
   63293.701150000015        26.728890415690469     
   63293.823580000018        26.746734396384426     
   63293.946010000021        26.760531245142943     
   63294.068440000025        26.770664699807838     
   63294.190870000028        26.777595046872051     
   63294.313300000031        26.781783068510283     
   63294.435730000034        26.783700910497032     
   63294.558160000037        26.783832061644027     
   63294.680590000040        26.782660502332231     
   63294.803020000043        26.780670212942635     
   63294.925450000046        26.777594861444953     
   63295.047880000049        26.765720205990814     
   63295.170310000052        26.750214048302873     
   63295.292740000055        26.744919901675615     
   63295.415170000058        26.724749143271577     
   63295.537600000062        26.704820551371725     
   63295.660030000065        26.687443742041165     
   63295.782460000068        26.673048384700227     
   63295.904890000071        26.661576051700571     
   63296.027320000074        26.652492996716532     
   63296.149750000077        26.645245780601879     
   63296.272180000080        26.639280964210378     
   63296.394610000083        26.634045108395782     
   63296.517040000086        26.628984774011865     
   63296.639470000089        26.623546521912381     
   63296.761900000092        26.617176912951095     
   63296.884330000095        26.609322507981773     
   63297.006760000098        26.599429867858170     
   63297.129190000102        26.586945553434049     
   63297.251620000105        26.571316125563179     
   63297.374050000108        26.551988145099322     
   63297.496480000111        26.528408172896235     
   63297.618910000114        26.500022769807682     
   63297.741340000117        26.474283343376364     
   63297.863770000120        26.463306235223065     
   63297.986200000123        26.464095033883915     
   63298.108630000126        26.473223922867991     
   63298.231060000129        26.487267085684351     
   63298.353490000132        26.502798705842075     
   63298.475920000135        26.516392966850226     
   63298.598350000138        26.524926572757771     
   63298.720780000142        26.528928790604688     
   63298.843210000145        26.531261464652150     
   63298.965640000148        26.533278770109668     
   63299.088070000151        26.535026993047651     
   63299.210500000154        26.536511486262043     
   63299.332930000157        26.537737602548802     
   63299.455360000160        26.538710694703862     
   63299.577790000163        26.539436115523181     
   63299.700220000166        26.539919217802701     
   63299.822650000169        26.540165354338370     
   63299.945080000172        26.540179877926143     
   63300.067510000175        26.539966084250203     
   63300.189940000178        26.536953783876712     
   63300.312370000182        26.522082054168717     
   63300.434800000185        26.511164123433176     
   63300.557230000188        26.500659107577896     
   63300.679660000191        26.484954583716501     
   63300.802090000194        26.466128388423769     
   63300.924520000197        26.446275240130984     
   63301.046950000200        26.427323640937125     
   63301.169380000203        26.409344064463536     
   63301.291810000206        26.391242590258223     
   63301.414240000209        26.372116492567375     
   63301.536670000212        26.352085933868906     
   63301.659100000215        26.331583347973112     
   63301.781530000218        26.311045954442239     
   63301.903960000222        26.291059382272437     
   63302.026390000225        26.272384107309854     
   63302.148820000228        26.255790646169149     
   63302.271250000231        26.241797753529617     
   63302.393680000234        26.227273852682409     
   63302.516110000237        26.212845605510861     
   63302.638540000240        26.204678550086868     
   63302.760970000243        26.201075637403541     
   63302.883400000246        26.199980943757513     
   63303.005830000249        26.202112080461028     
   63303.128260000252        26.208916061155257     
   63303.250690000255        26.216292152027343     
   63303.373120000258        26.219988163306454     
   63303.495550000262        26.224195893405913     
   63303.617980000265        26.238371683560352     
   63303.740410000268        26.256841830309700     
   63303.862840000271        26.276226949187002     
   63303.985270000274        26.296914054189607     
   63304.107700000277        26.319580798813064     
   63304.230130000280        26.344904836552956     
   63304.352560000283        26.373563820904824     
   63304.474990000286        26.405234713155366     
   63304.597420000289        26.433879198050970     
   63304.719850000292        26.461386228632314     
   63304.842280000295        26.489677744615989     
   63304.964710000299        26.518435691472341     
   63305.087140000302        26.547327664883241     
   63305.209570000305        26.576021260530585     
   63305.332000000308        26.604184074096253     
   63305.454430000311        26.631483701262130     
   63305.576860000314        26.657587737710102     
   63305.699290000317        26.682163779122053     
   63305.821720000320        26.704879421179868     
   63305.944150000323        26.725402259565431     
   63306.066580000326        26.743399889960628     
   63306.189010000329        26.758637827055999     
   63306.311440000332        26.772394034347609     
   63306.433870000335        26.780247386482564     
   63306.556300000339        26.781104515574498     
   63306.678730000342        26.785754099391344     
   63306.801160000345        26.789963106287367     
   63306.923590000348        26.788670661373565     
   63307.046020000351        26.779738259583766     
   63307.168450000354        26.768666873117478     
   63307.290880000357        26.756797626065470     
   63307.413310000360        26.744280126687272     
   63307.535740000363        26.731263983242407     
   63307.658170000366        26.717898803990394     
   63307.780600000369        26.704334197190772     
   63307.903030000372        26.690719771103048     
   63308.025460000375        26.677204882169111     
   63308.147890000379        26.663890539530883     
   63308.270320000382        26.650772258153911     
   63308.392750000385        26.637831639928667     
   63308.515180000388        26.625050286745598     
   63308.637610000391        26.612409800495172     
   63308.760040000394        26.599891783067861     
   63308.882470000397        26.587477836354111     
   63309.004900000400        26.575149562244391     
   63309.127330000403        26.562888562629162     
   63309.249760000406        26.550676439398885     
   63309.372190000409        26.538494794444027     
   63309.494620000412        26.526325229655043     
   63309.617050000415        26.514149346922395     
   63309.739480000419        26.501948748136545     
   63309.861910000422        26.491320010300520     
   63309.984340000425        26.492762650058683     
   63310.106770000428        26.501770854524199     
   63310.229200000431        26.506894045789494     
   63310.351630000434        26.508745081555542     
   63310.474060000437        26.509502747019766     
   63310.596490000440        26.511271231931143     
   63310.718920000443        26.515002843276601     
   63310.841350000446        26.520744538154872     
   63310.963780000449        26.528518883000611     
   63311.086210000452        26.538438438207791     
   63311.208640000455        26.550806377610801     
   63311.331070000459        26.563713326035668     
   63311.453500000462        26.574330503835391     
   63311.575930000465        26.579827506036352     
   63311.698360000468        26.577373927664944     
   63311.820790000471        26.564139363747540     
   63311.943220000474        26.548451342850051     
   63312.065650000477        26.548674292030846     
   63312.188080000480        26.540945863893885     
   63312.310510000483        26.542575130292327     
   63312.432940000486        26.530010729964705     
   63312.555370000489        26.519371956723539     
   63312.677800000492        26.510433220477651     
   63312.800230000496        26.497991498273812     
   63312.922660000499        26.482733907104429     
   63313.045090000502        26.465347563961906     
   63313.167520000505        26.446519585838644     
   63313.289950000508        26.426937089727051     
   63313.412380000511        26.407252817552219     
   63313.534810000514        26.387692154767983     
   63313.657240000517        26.368190999194223     
   63313.779670000520        26.348679765506002     
   63313.902100000523        26.329101486220598     
   63314.024530000526        26.309625056186977     
   63314.146960000529        26.290614387603458     
   63314.269390000532        26.272439799788245     
   63314.391820000536        26.255471612059548     
   63314.514250000539        26.240080143735579     
   63314.636680000542        26.226635714134542     
   63314.759110000545        26.215508642574644     
   63314.881540000548        26.207069248374090     
   63315.003970000551        26.201687850851094     
   63315.126400000554        26.199711844506233     
   63315.248830000557        26.200247468893426     
   63315.371260000560        26.201945388521807     
   63315.493690000563        26.205933092997096     
   63315.616120000566        26.213622453743241     
   63315.738550000569        26.226425342184189     
   63315.860980000572        26.243500238940808     
   63315.983410000576        26.256892992077251     
   63316.105840000579        26.273236555978716     
   63316.228270000582        26.298184953012431     
   63316.350700000585        26.327837880895622     
   63316.473130000588        26.358180299306753     
   63316.595560000591        26.387746734433549     
   63316.717990000594        26.415356016597748     
   63316.840420000597        26.439826976121097     
   63316.962850000600        26.459978443325340     
   63317.085280000603        26.475891500919495     
   63317.207710000606        26.492714833237830     
   63317.330140000609        26.516868690142672     
   63317.452570000612        26.554773321498672     
   63317.575000000616        26.612827853505848     
   63317.697430000619        26.721746804933563     
   63317.819860000622        26.752949386378461     
   63317.942290000625        26.687894415783337     
   63318.064720000628        26.655955470777123     
   63318.187150000631        26.666191628305953     
   63318.309580000634        26.700586752113551     
   63318.432010000637        26.741124705943669     
   63318.554440000640        26.769789353540038     
   63318.676870000643        26.776415800900573     
   63318.799300000646        26.783250650989174     
   63318.921730000649        26.795770355521356     
   63319.044160000652        26.796794933682470     
   63319.166590000656        26.788653064596406     
   63319.289020000659        26.775382348978475     
   63319.411450000662        26.763521404465521     
   63319.533880000665        26.760044812206580     
   63319.656310000668        26.753435036552403     
   63319.778740000671        26.738150987458358     
   63319.901170000674        26.729116705603925     
   63320.023600000677        26.714763633017697     
   63320.146030000680        26.695259200253556     
   63320.268460000683        26.673082403333375     
   63320.390890000686        26.651105257335445     
   63320.513320000689        26.632122580799916     
   63320.635750000692        26.618025857759051     
   63320.758180000696        26.607288819701793     
   63320.880610000699        26.593921430920183     
   63321.003040000702        26.578263764792517     
   63321.125470000705        26.561558469032015     
   63321.247900000708        26.545048191351899     
   63321.370330000711        26.529975579465386     
   63321.492760000714        26.517580321231907     
   63321.615190000717        26.508601045879153     
   63321.737620000720        26.502714955700345     
   63321.860050000723        26.499463425221553     
   63321.982480000726        26.498301025414804     
   63322.104910000729        26.498503744633865     
   63322.227340000733        26.499325585508267     
   63322.349770000736        26.500020550667536     
   63322.472200000739        26.499850359332012     
   63322.594630000742        26.499221878509630     
   63322.717060000745        26.500902548707181     
   63322.839490000748        26.509040861742417     
   63322.961920000751        26.520120106565869     
   63323.084350000754        26.520350838349309     
   63323.206780000757        26.523720906464291     
   63323.329210000760        26.529394650337395     
   63323.451640000763        26.536486745236708     
   63323.574070000766        26.544111866430331     
   63323.696500000769        26.551383651094362     
   63323.818930000773        26.557195981090658     
   63323.941360000776        26.559952592299982     
   63324.063790000779        26.558888141869353     
   63324.186220000782        26.555373227842928     
   63324.308650000785        26.550410429270467     
   63324.431080000788        26.544814303796187     
   63324.553510000791        26.538529060923658     
   63324.675940000794        26.531225655929290     
   63324.798370000797        26.522574946349120     
   63324.920800000800        26.512262716075490     
   63325.043230000803        26.500112079361102     
   63325.165660000806        26.486020132547530     
   63325.288090000809        26.469884688080118     
   63325.410520000813        26.451603558404226     
   63325.532950000816        26.431074555965200     
   63325.655380000819        26.408556652522424     
   63325.777810000822        26.385984661707063     
   63325.900240000825        26.365554040277310     
   63326.022670000828        26.347297603918278     
   63326.145100000831        26.330041955867141     
   63326.267530000834        26.312600606398426     
   63326.389960000837        26.293787065786681     
   63326.512390000840        26.272466843240437     
   63326.634820000843        26.250521555221969     
   63326.757250000846        26.233254898370014     
   63326.879680000849        26.221197064571879     
   63327.002110000853        26.213482760236381     
   63327.124540000856        26.209246669127911     
   63327.246970000859        26.207623475010841     
   63327.369400000862        26.207747861649569     
   63327.491830000865        26.208754512808461     
   63327.614260000868        26.209778112251907     
   63327.736690000871        26.209958013591244     
   63327.859120000874        26.212658156427004     
   63327.981550000877        26.222698490654103     
   63328.103980000880        26.238718948385191     
   63328.226410000883        26.259227777349928     
   63328.348840000886        26.282733225277980     
   63328.471270000889        26.307743539899022     
   63328.593700000893        26.332766968942700     
   63328.716130000896        26.356311760138702     
   63328.838560000899        26.377094646222847     
   63328.960990000902        26.404496798565930     
   63329.083420000905        26.438817271399010     
   63329.205850000908        26.463600597993842     
   63329.328280000911        26.495614695259910     
   63329.450710000914        26.525152721287839     
