           1.18E+01           2.00E-02           2.54E+01           2.79E-01          -4.31E+00           2.14E-03           2.97E+01           2.79E-01           8.66E+00           1.11E+00
           1.83E+01           6.00E-02           2.49E+01           3.03E-01          -4.87E+00           4.13E-03           2.98E+01           3.03E-01           9.13E+00           1.27E+00
           8.36E+00           4.00E-02           2.62E+01           8.53E-02          -3.88E+00           6.03E-03           3.01E+01           8.55E-02           1.03E+01           4.07E-01
           2.11E+01           6.00E-02           2.62E+01           2.59E-01          -5.05E+00           3.58E-03           3.13E+01           2.59E-01           1.81E+01           2.16E+00
           9.36E+00           2.00E-02           2.73E+01           4.11E-01          -4.02E+00           2.69E-03           3.13E+01           4.11E-01           1.80E+01           3.41E+00
           1.46E+01           8.00E-02           2.67E+01           1.18E-01          -4.58E+00           6.90E-03           3.13E+01           1.18E-01           1.81E+01           9.82E-01
           1.30E+01           4.00E-02           2.81E+01           1.21E-01          -4.43E+00           3.89E-03           3.26E+01           1.21E-01           3.25E+01           1.82E+00
           1.53E+01           8.00E-02           2.71E+01           1.11E-01          -4.64E+00           6.58E-03           3.17E+01           1.12E-01           2.20E+01           1.13E+00
           1.89E+01           8.00E-02           2.66E+01           1.45E-01          -4.91E+00           5.34E-03           3.15E+01           1.45E-01           2.00E+01           1.33E+00
           7.79E+00           1.00E-01           2.37E+01           8.05E-02          -3.79E+00           1.62E-02           2.75E+01           8.21E-02           3.21E+00           1.21E-01
           1.45E+01           6.00E-02           2.32E+01           5.47E-02          -4.57E+00           5.23E-03           2.78E+01           5.50E-02           3.60E+00           9.11E-02
           1.11E+01           2.00E-02           2.33E+01           2.47E-01          -4.24E+00           2.27E-03           2.75E+01           2.47E-01           3.21E+00           3.66E-01
           1.91E+01           8.00E-02           2.53E+01           1.54E-01          -4.92E+00           5.27E-03           3.02E+01           1.54E-01           1.11E+01           7.89E-01
           1.52E+01           1.00E-01           2.56E+01           1.67E-01          -4.63E+00           8.28E-03           3.03E+01           1.68E-01           1.12E+01           8.66E-01
           8.97E+00           2.00E-02           2.61E+01           1.34E-01          -3.97E+00           2.81E-03           3.00E+01           1.34E-01           1.02E+01           6.30E-01
           1.53E+01           1.00E-01           2.59E+01           3.95E-02          -4.64E+00           8.25E-03           3.05E+01           4.03E-02           1.27E+01           2.36E-01
           1.38E+01           8.00E-02           2.62E+01           1.71E-01          -4.51E+00           7.32E-03           3.07E+01           1.71E-01           1.39E+01           1.09E+00
           1.12E+01           4.00E-02           2.59E+01           5.26E-02          -4.25E+00           4.49E-03           3.01E+01           5.28E-02           1.06E+01           2.59E-01
           1.01E+01           4.00E-02           2.51E+01           2.35E-01          -4.12E+00           4.99E-03           2.92E+01           2.35E-01           6.89E+00           7.46E-01
           2.15E+01           7.40E-01           2.41E+01           4.39E-02          -5.07E+00           4.33E-02           2.92E+01           6.17E-02           6.90E+00           1.96E-01
           1.46E+01           6.00E-02           2.45E+01           5.30E-02          -4.58E+00           5.18E-03           2.91E+01           5.33E-02           6.69E+00           1.64E-01
           8.24E+00           4.00E-02           2.71E+01           2.73E-01          -3.86E+00           6.12E-03           3.10E+01           2.73E-01           1.57E+01           1.97E+00
           1.04E+01           1.40E-01           2.68E+01           7.02E-03          -4.16E+00           1.69E-02           3.10E+01           1.83E-02           1.55E+01           1.31E-01
           1.77E+01           4.00E-02           2.61E+01           2.60E-01          -4.83E+00           2.84E-03           3.10E+01           2.60E-01           1.57E+01           1.87E+00
           1.68E+01           1.00E-01           2.61E+01           1.76E-01          -4.76E+00           7.51E-03           3.09E+01           1.76E-01           1.51E+01           1.23E+00
           1.22E+01           8.00E-02           2.65E+01           1.22E-01          -4.36E+00           8.23E-03           3.09E+01           1.22E-01           1.49E+01           8.40E-01
           1.86E+01           6.00E-02           2.56E+01           1.15E-01          -4.89E+00           4.07E-03           3.05E+01           1.15E-01           1.28E+01           6.75E-01
           2.84E+01           1.00E-01           2.60E+01           3.59E-02          -5.42E+00           4.43E-03           3.14E+01           3.61E-02           1.94E+01           3.23E-01
           1.70E+01           8.00E-02           2.69E+01           2.08E-01          -4.78E+00           5.91E-03           3.17E+01           2.08E-01           2.21E+01           2.12E+00
           1.51E+01           4.00E-02           2.72E+01           2.57E-01          -4.62E+00           3.34E-03           3.18E+01           2.57E-01           2.30E+01           2.72E+00
