           1.01E+01           3.53E-01           6.64E+02           2.90E+02           6.59E+01           2.89E+01
           1.83E+01           8.19E-01           1.59E+03           4.37E+02           8.69E+01           2.41E+01
           2.34E+01           7.56E-01           1.47E+03           8.00E+00           6.29E+01           2.06E+00
           3.46E+00           7.00E-02           2.78E+02           8.50E+01           8.04E+01           2.46E+01
           1.09E+01           4.11E-01           7.14E+02           2.22E+02           6.55E+01           2.05E+01
           1.19E+01           1.71E-01           7.72E+02           7.60E+01           6.50E+01           6.46E+00
           6.80E+00           1.23E-01           6.09E+02           4.11E+02           8.96E+01           6.05E+01
           1.56E+01           1.31E-01           1.44E+03           3.40E+01           9.28E+01           2.32E+00
           1.41E+01           4.66E-01           1.42E+03           4.00E+01           1.01E+02           4.37E+00
           1.96E+01           3.16E-01           1.40E+03           4.50E+01           7.17E+01           2.57E+00
